Time      x1      y1      z1	x2	y2	z2	x3	y3	z3	x4	y4	z4
13.086	6.90142e-310	6.90142e-310	2.122e-314	3.135e-317	1.5316e-322	6.90142e-310	0	0	0
13.144	6.90142e-310	6.90142e-310	2.122e-314	3.135e-317	1.5316e-322	6.90142e-310	0	0	0
13.203	6.90142e-310	6.90142e-310	2.122e-314	3.135e-317	1.5316e-322	6.90142e-310	0	0	0
13.246	6.90142e-310	6.90142e-310	2.122e-314	3.135e-317	1.5316e-322	6.90142e-310	0	0	0
13.307	6.90142e-310	6.90142e-310	2.122e-314	3.135e-317	1.5316e-322	6.90142e-310	0	0	0
13.371	6.90142e-310	6.90142e-310	2.122e-314	3.135e-317	1.5316e-322	6.90142e-310	0	0	0
13.453	6.90142e-310	6.90142e-310	2.122e-314	3.135e-317	1.5316e-322	6.90142e-310	0	0	0
13.484	6.90142e-310	6.90142e-310	2.122e-314	3.135e-317	1.5316e-322	6.90142e-310	0	0	0
13.516	6.90142e-310	6.90142e-310	2.122e-314	3.135e-317	1.5316e-322	6.90142e-310	0	0	0
13.571	6.90142e-310	6.90142e-310	2.122e-314	3.135e-317	1.5316e-322	6.90142e-310	0	0	0
13.761	6.90142e-310	6.90142e-310	2.122e-314	3.135e-317	1.5316e-322	6.90142e-310	0	0	0
13.813	6.90142e-310	6.90142e-310	2.122e-314	3.135e-317	1.5316e-322	6.90142e-310	0	0	0
13.861	6.90142e-310	6.90142e-310	2.122e-314	3.135e-317	1.5316e-322	6.90142e-310	0	0	0
13.895	6.90142e-310	6.90142e-310	2.122e-314	3.135e-317	1.5316e-322	6.90142e-310	0	0	0
13.95	6.90142e-310	6.90142e-310	2.122e-314	3.135e-317	1.5316e-322	6.90142e-310	0	0	0
13.985	6.90142e-310	6.90142e-310	2.122e-314	3.135e-317	1.5316e-322	6.90142e-310	0	0	0
15.025	6.90142e-310	6.90142e-310	2.122e-314	3.135e-317	1.5316e-322	6.90142e-310	0	0	0
15.286	-1.77633	0.809242	0.148484	-1.77621	1.09105	0.146709	-2.17611	1.09967	0.152969
15.536	-1.77636	0.809251	0.148545	-1.77658	1.0912	0.147139	-2.17614	1.09971	0.153002
15.754	-1.77625	0.809237	0.148382	-1.77603	1.09118	0.146667	-2.17613	1.09966	0.152846
15.94	-1.77622	0.80924	0.14835	-1.7761	1.09096	0.146452	-2.17609	1.0996	0.152817
16.09	-1.77635	0.809267	0.148535	-1.77663	1.09115	0.147163	-2.17616	1.0996	0.152955
16.277	-1.77634	0.809254	0.148529	-1.77655	1.09118	0.147083	-2.17618	1.09966	0.152949
16.44	-1.77623	0.809232	0.148363	-1.77636	1.09147	0.147149	-2.17611	1.09965	0.152803
16.632	-1.77629	0.809259	0.148472	-1.77659	1.09118	0.147111	-2.17616	1.09965	0.152904
16.883	-1.77635	0.809271	0.148545	-1.77667	1.0912	0.147223	-2.17625	1.09966	0.153034
17.088	-1.77626	0.809261	0.148419	-1.7765	1.09146	0.147408	-2.1762	1.09962	0.152886
17.27	-1.77624	0.809257	0.148379	-1.77644	1.09147	0.147308	-2.17614	1.09962	0.152806
17.516	-1.77632	0.809268	0.148499	-1.77669	1.09115	0.147288	-2.17617	1.09962	0.152864
17.8	-1.77638	0.809268	0.148569	-1.77673	1.09114	0.147335	-2.17627	1.09957	0.152966
17.981	-1.77626	0.809258	0.148351	-1.77648	1.09146	0.147319	-2.17615	1.09957	0.152768
18.132	-1.77627	0.809251	0.148395	-1.77659	1.09122	0.147089	-2.17617	1.09956	0.152792
18.282	-1.77637	0.809299	0.14854	-1.77667	1.0912	0.147209	-2.17625	1.09955	0.152895
18.43	-1.77632	0.809264	0.148498	-1.77656	1.09116	0.147018	-2.17624	1.09957	0.15287
18.624	-1.77625	0.809283	0.148397	-1.77649	1.09117	0.146911	-2.17619	1.09956	0.152788
18.799	-1.77635	0.809297	0.148525	-1.77663	1.09121	0.147117	-2.17626	1.09957	0.152895
19.009	-1.77635	0.809304	0.148557	-1.77664	1.09118	0.147149	-2.17628	1.09956	0.152894
19.206	-1.77629	0.809283	0.148468	-1.77644	1.09151	0.147184	-2.17619	1.09956	0.152797
19.359	-1.77629	0.809295	0.148457	-1.77639	1.09149	0.147104	-2.17614	1.09958	0.152811
19.507	-1.77639	0.809313	0.148577	-1.77676	1.09123	0.147285	-2.17626	1.09956	0.152924
19.74	-1.77635	0.809297	0.14855	-1.7766	1.09118	0.147081	-2.17627	1.09958	0.152943
19.915	-1.77615	0.809117	0.148187	-1.77642	1.09149	0.147146	-2.17614	1.09959	0.152817
20.122	-1.7762	0.809121	0.148255	-1.7766	1.09117	0.147058	-2.17623	1.0996	0.152934
20.328	-1.77627	0.809114	0.148308	-1.77659	1.09115	0.147064	-2.17614	1.0996	0.153022
20.478	-1.77633	0.809332	0.148562	-1.77643	1.09146	0.147137	-2.17623	1.0996	0.152902
20.656	-1.7763	0.809297	0.148475	-1.77643	1.09148	0.14718	-2.17622	1.09959	0.152894
20.868	-1.77636	0.80932	0.148556	-1.77669	1.09127	0.147253	-2.17626	1.09959	0.152969
21.082	-1.77641	0.809305	0.148629	-1.77671	1.0912	0.147248	-2.17655	1.09979	0.153438
21.305	-1.77631	0.809295	0.148475	-1.77658	1.09127	0.147076	-2.17616	1.09957	0.152758
21.458	-1.77633	0.809318	0.14856	-1.77662	1.09126	0.147193	-2.17617	1.09957	0.152843
21.608	-1.77643	0.809345	0.1487	-1.7765	1.09153	0.147245	-2.17631	1.0996	0.153046
21.759	-1.7764	0.809331	0.148656	-1.77668	1.09135	0.147274	-2.1763	1.09958	0.152985
21.95	-1.77631	0.809322	0.148526	-1.7766	1.09124	0.147102	-2.17623	1.09957	0.152847
22.182	-1.77638	0.809329	0.148618	-1.77663	1.09124	0.147151	-2.17623	1.09961	0.152906
22.371	-1.77631	0.809132	0.148378	-1.77674	1.0913	0.14732	-2.17676	1.09997	0.153794
22.578	-1.77623	0.809113	0.148276	-1.77661	1.09128	0.147171	-2.17652	1.09987	0.153316
22.731	-1.7762	0.8091	0.148232	-1.77657	1.09123	0.147051	-2.17622	1.0996	0.152907
22.903	-1.7763	0.809118	0.148342	-1.7767	1.09129	0.147279	-2.17629	1.0996	0.153007
23.138	-1.77627	0.809116	0.148337	-1.77667	1.09138	0.147316	-2.17669	1.09994	0.153774
23.315	-1.77621	0.809105	0.148259	-1.77653	1.09127	0.146999	-2.17618	1.0996	0.152835
23.579	-1.77629	0.809142	0.148341	-1.77671	1.0912	0.147243	-2.17618	1.09963	0.152945
23.782	-1.77632	0.809124	0.148424	-1.77677	1.09122	0.147379	-2.1762	1.09969	0.153094
23.973	-1.77642	0.809342	0.148715	-1.77673	1.09119	0.147294	-2.17684	1.10002	0.153827
24.226	-1.77633	0.809323	0.148597	-1.77664	1.0912	0.147191	-2.17615	1.09961	0.152863
24.514	-1.77641	0.809333	0.148673	-1.77654	1.09144	0.147319	-2.17619	1.09962	0.152924
24.786	-1.77649	0.80934	0.148747	-1.77662	1.09148	0.147462	-2.17695	1.1001	0.153958
25.064	-1.77637	0.809324	0.148628	-1.77668	1.09115	0.147173	-2.1768	1.10002	0.15369
25.339	-1.77639	0.809348	0.148674	-1.77667	1.0912	0.147201	-2.17626	1.09961	0.152909
25.613	-1.77645	0.809346	0.148743	-1.77673	1.09119	0.147325	-2.17676	1.09996	0.153616
25.868	-1.77643	0.809343	0.148722	-1.77671	1.0912	0.147294	-2.17673	1.09996	0.153591
26.199	-1.77636	0.809331	0.148636	-1.77665	1.09118	0.147162	-2.17612	1.09965	0.15293
26.448	-1.77638	0.809324	0.148677	-1.77681	1.09131	0.147468	-2.17618	1.09967	0.152918
26.715	-1.77642	0.809325	0.148696	-1.77666	1.09126	0.147147	-2.17627	1.09962	0.153001
26.999	-1.77617	0.809083	0.148214	-1.7766	1.09128	0.147082	-2.17614	1.09965	0.152878
27.277	-1.77634	0.809311	0.14862	-1.77665	1.09121	0.147064	-2.17612	1.09964	0.152859
27.536	-1.77622	0.809115	0.148332	-1.77667	1.09128	0.147197	-2.17619	1.09962	0.152907
27.827	-1.77616	0.809074	0.148208	-1.77666	1.09131	0.147206	-2.17625	1.09961	0.153013
28.144	-1.77611	0.809072	0.148132	-1.77656	1.09116	0.146914	-2.17616	1.09957	0.152778
28.419	-1.77613	0.809024	0.148114	-1.77668	1.09124	0.147137	-2.17619	1.09959	0.152869
28.69	-1.7761	0.808992	0.148083	-1.77665	1.09128	0.147122	-2.17621	1.09959	0.152871
29.003	-1.77608	0.808973	0.148065	-1.77659	1.09122	0.147014	-2.17618	1.09957	0.152835
29.273	-1.77603	0.808933	0.147958	-1.7763	1.091	0.146551	-2.17618	1.09959	0.152932
29.559	-1.77624	0.809097	0.148331	-1.7763	1.09101	0.146589	-2.17651	1.09948	0.153006
29.78	-1.77643	0.809369	0.148761	-1.77603	1.09125	0.146558	-2.1762	1.09956	0.152922
30	-1.77638	0.809392	0.148744	-1.77592	1.09122	0.146378	-2.1762	1.09955	0.152843
30.282	-1.77642	0.809369	0.14875	-1.77618	1.09106	0.146519	-2.17618	1.09955	0.152859
30.414	-1.77644	0.809328	0.148734	-1.77614	1.09092	0.146354	-2.17621	1.09956	0.152938
30.625	-1.77613	0.80936	0.148384	-1.77596	1.09096	0.146172	-2.17619	1.09958	0.152886
30.952	-1.77639	0.80937	0.148676	-1.77597	1.09109	0.146288	-2.17621	1.0996	0.152889
31.211	-1.77648	0.809352	0.148741	-1.77613	1.09126	0.146647	-2.17626	1.09959	0.152969
31.352	-1.7764	0.809348	0.148655	-1.77602	1.09118	0.146436	-2.17626	1.09956	0.152906
31.576	-1.77613	0.809384	0.148379	-1.77578	1.09141	0.146358	-2.17619	1.09957	0.152821
31.709	-1.77635	0.809231	0.148556	-1.77608	1.0913	0.146616	-2.17621	1.09958	0.152859
31.916	-1.77637	0.809234	0.148587	-1.77584	1.09144	0.146474	-2.17652	1.09949	0.152967
32.12	-1.77632	0.809247	0.148514	-1.77599	1.09119	0.146386	-2.1762	1.09957	0.152857
32.347	-1.77633	0.809231	0.148566	-1.77594	1.09114	0.146304	-2.17619	1.09959	0.152842
32.495	-1.77617	0.808906	0.148066	-1.77599	1.09122	0.146437	-2.17622	1.09961	0.152914
32.718	-1.77613	0.808957	0.148064	-1.77576	1.09146	0.146365	-2.17623	1.0996	0.152967
32.941	-1.77611	0.808952	0.148036	-1.7757	1.09144	0.146278	-2.17619	1.09959	0.152894
33.154	-1.77621	0.809001	0.148209	-1.77603	1.09077	0.145949	-2.17634	1.09964	0.153344
33.378	-1.7762	0.809016	0.148184	-1.77604	1.09085	0.146055	-2.17624	1.09963	0.15305
33.566	-1.77636	0.809225	0.148564	-1.77584	1.09113	0.146058	-2.17621	1.09963	0.153054
33.852	-1.77636	0.80923	0.148522	-1.77579	1.09113	0.145989	-2.17635	1.09965	0.153327
33.979	-1.77641	0.809254	0.148639	-1.77608	1.091	0.14624	-2.17618	1.09963	0.153067
34.082	-1.77642	0.80924	0.148616	-1.77608	1.09102	0.146216	-2.17624	1.0996	0.153094
34.178	-1.77637	0.809254	0.14857	-1.77581	1.09115	0.146025	-2.1761	1.09952	0.153013
34.306	-1.77637	0.809283	0.148541	-1.7758	1.0912	0.14601	-2.17615	1.09963	0.15299
34.425	-1.77644	0.809309	0.148688	-1.77619	1.09106	0.146396	-2.17622	1.09962	0.153129
34.533	-1.77643	0.809324	0.148687	-1.77614	1.09107	0.14636	-2.17615	1.09962	0.153031
34.63	-1.77672	0.809294	0.149009	-1.77616	1.09103	0.146362	-2.17628	1.0999	0.153323
34.731	-1.77677	0.80931	0.149077	-1.77626	1.09115	0.146564	-2.17678	1.09995	0.153737
34.828	-1.77642	0.809337	0.148707	-1.77628	1.09111	0.146617	-2.17681	1.09997	0.153787
34.949	-1.7767	0.809349	0.149012	-1.77603	1.09128	0.146428	-2.17678	1.09996	0.153764
35.046	-1.77673	0.809288	0.149063	-1.77623	1.09112	0.146539	-2.17677	1.09996	0.153774
35.149	-1.77677	0.809278	0.149073	-1.77626	1.09103	0.14649	-2.17678	1.09996	0.153775
35.247	-1.77639	0.809316	0.148682	-1.77623	1.09095	0.146416	-2.17678	1.09993	0.153775
35.349	-1.77669	0.809297	0.148998	-1.77598	1.09121	0.146309	-2.17672	1.09992	0.15364
35.459	-1.77673	0.809289	0.149051	-1.77613	1.09103	0.146329	-2.17679	1.09993	0.153726
35.59	-1.77647	0.809314	0.14878	-1.77627	1.09098	0.146474	-2.17681	1.09993	0.153752
35.826	-1.77641	0.80933	0.148694	-1.77599	1.09121	0.14631	-2.17675	1.09994	0.153688
36.004	-1.77674	0.809305	0.14904	-1.77615	1.09108	0.146324	-2.17681	1.0999	0.153655
36.206	-1.77675	0.809314	0.149094	-1.77625	1.09109	0.146532	-2.17624	1.0996	0.153054
36.389	-1.77646	0.809355	0.148756	-1.77601	1.09124	0.146346	-2.17626	1.09962	0.153099
36.601	-1.77641	0.809325	0.148697	-1.77595	1.09118	0.146251	-2.17631	1.0996	0.153258
36.863	-1.77676	0.809315	0.149111	-1.77621	1.09105	0.146425	-2.17635	1.09963	0.153322
37.147	-1.77648	0.809325	0.1488	-1.77599	1.09131	0.146456	-2.17629	1.09958	0.153139
37.387	-1.77642	0.809358	0.148727	-1.77589	1.0913	0.14626	-2.17623	1.09959	0.152988
37.538	-1.7767	0.809313	0.148995	-1.77616	1.09092	0.146182	-2.17612	1.09951	0.152946
37.649	-2.17679	1.09983	0.153126	-1.77627	1.09091	0.146352	-2.17634	1.09963	0.153303
37.858	-1.7765	0.80936	0.148828	-1.77573	1.09153	0.146363	-2.17628	1.09959	0.153075
38.1	-1.77642	0.80935	0.148699	-1.77616	1.0908	0.14615	-2.17638	1.09964	0.153348
38.305	-1.77671	0.809326	0.149023	-1.77611	1.09078	0.146023	-2.17632	1.09963	0.153291
38.461	-1.77649	0.809357	0.148815	-1.77604	1.09146	0.146719	-2.17625	1.09963	0.153035
38.688	-1.77644	0.809337	0.148732	-1.77602	1.09136	0.14656	-2.17625	1.09961	0.152939
38.813	-1.77636	0.809323	0.148616	-1.77597	1.09137	0.146506	-2.17617	1.09959	0.152846
38.912	-1.77642	0.809331	0.148701	-1.77604	1.09137	0.146573	-2.17623	1.09961	0.152948
39.171	-1.77641	0.809322	0.148707	-1.77607	1.09141	0.146738	-2.17625	1.09959	0.15298
39.404	-1.7763	0.809297	0.148527	-1.77599	1.09125	0.146475	-2.17618	1.09961	0.152885
39.628	-1.77631	0.809304	0.148522	-1.776	1.09131	0.146569	-2.17616	1.09961	0.152834
39.864	-1.77636	0.809303	0.148607	-1.77618	1.09129	0.146784	-2.17618	1.09961	0.152939
40.111	-1.77631	0.809285	0.14852	-1.77617	1.09117	0.146697	-2.17618	1.09963	0.152936
40.34	-1.77624	0.809277	0.148411	-1.77611	1.09113	0.146549	-2.1761	1.0996	0.152797
40.593	-1.7763	0.809302	0.148483	-1.7762	1.09117	0.146724	-2.17643	1.09957	0.152991
40.864	-1.77635	0.809291	0.148544	-1.77658	1.09134	0.147167	-2.17621	1.09963	0.152962
41.05	-1.77625	0.809293	0.148388	-1.7764	1.09153	0.14717	-2.17613	1.09961	0.152826
41.262	-1.77623	0.809259	0.148343	-1.77653	1.09128	0.147037	-2.17611	1.09961	0.152795
41.506	-1.77634	0.809293	0.148522	-1.7767	1.09137	0.147348	-2.17617	1.09963	0.15296
41.734	-1.77633	0.809291	0.148536	-1.77661	1.09127	0.147123	-2.17621	1.09965	0.152992
41.983	-1.77624	0.809292	0.148389	-1.77652	1.09122	0.14699	-2.17611	1.09961	0.152823
42.244	-1.77625	0.809285	0.148401	-1.77663	1.0914	0.14725	-2.17612	1.09962	0.152856
42.418	-1.77631	0.809286	0.148505	-1.77668	1.09141	0.147347	-2.17625	1.09963	0.153071
42.666	-1.77626	0.809264	0.148386	-1.77657	1.09126	0.14709	-2.17614	1.09962	0.152888
42.896	-1.77619	0.809265	0.148282	-1.77656	1.09128	0.147142	-2.1761	1.09962	0.152807
43.074	-1.77629	0.809283	0.148439	-1.77661	1.09127	0.147187	-2.17616	1.09965	0.152961
43.257	-1.7763	0.809263	0.148476	-1.77662	1.09134	0.147248	-2.17621	1.09964	0.152983
43.49	-1.77622	0.809252	0.148331	-1.77655	1.09131	0.14711	-2.17613	1.09963	0.152846
43.805	-1.77625	0.809258	0.148384	-1.77652	1.09138	0.147179	-2.17613	1.09962	0.152833
43.997	-1.77631	0.809271	0.14848	-1.7767	1.09131	0.147329	-2.17622	1.09962	0.152948
44.206	-1.77626	0.809234	0.148401	-1.77658	1.09132	0.147198	-2.17623	1.09961	0.152945
44.425	-1.77618	0.809245	0.148308	-1.7765	1.09127	0.147048	-2.17611	1.0996	0.152752
44.657	-1.77623	0.809229	0.148364	-1.77658	1.09128	0.147202	-2.17614	1.09961	0.152862
44.975	-1.77633	0.809231	0.14851	-1.77662	1.09123	0.147157	-2.17628	1.09963	0.152977
45.167	-1.77623	0.809212	0.148354	-1.77652	1.09125	0.147032	-2.17617	1.09961	0.152821
45.283	-1.77619	0.809235	0.148278	-1.7765	1.09125	0.146947	-2.17613	1.0996	0.152785
45.398	-1.77628	0.809214	0.148399	-1.77659	1.09129	0.147154	-2.17622	1.09959	0.152905
45.629	-1.77628	0.809218	0.148413	-1.77652	1.0913	0.147049	-2.17625	1.09959	0.152911
45.878	-1.77618	0.809162	0.148259	-1.77601	1.0913	0.146564	-2.17616	1.0996	0.152818
46.172	-1.77623	0.809161	0.148264	-1.77616	1.09118	0.14663	-2.17617	1.09963	0.152848
46.447	-1.77623	0.809413	0.14845	-1.77623	1.09114	0.14669	-2.17625	1.09961	0.152925
46.685	-1.77621	0.809142	0.148242	-1.77607	1.0911	0.146448	-2.17622	1.09958	0.152816
46.888	-1.7762	0.809137	0.148217	-1.77581	1.09131	0.14628	-2.17612	1.09962	0.152784
47.152	-1.77626	0.809141	0.148321	-1.77607	1.09123	0.146552	-2.1762	1.09962	0.152873
47.321	-1.7763	0.809134	0.148362	-1.77608	1.09117	0.146501	-2.17626	1.09959	0.152941
47.592	-1.77623	0.809137	0.148273	-1.77599	1.09111	0.146293	-2.17621	1.0996	0.152854
47.765	-1.77628	0.809165	0.148332	-1.77602	1.09124	0.146358	-2.17618	1.09959	0.152856
47.999	-1.77636	0.809161	0.148404	-1.77608	1.09114	0.146412	-2.1763	1.09962	0.153043
48.166	-1.77632	0.809169	0.148427	-1.77602	1.09123	0.146362	-2.17627	1.09961	0.152985
48.37	-1.77626	0.809179	0.148345	-1.77601	1.0913	0.146359	-2.17632	1.09962	0.153232
48.509	-1.77634	0.809193	0.148444	-1.776	1.09124	0.146302	-2.17634	1.09961	0.153252
48.625	-1.77637	0.80921	0.148509	-1.77609	1.09126	0.146472	-2.17629	1.09957	0.15306
48.731	-1.77627	0.809257	0.1484	-1.77602	1.09139	0.146476	-2.17619	1.09957	0.152903
48.831	-1.7763	0.809218	0.14845	-1.77604	1.09127	0.146428	-2.17612	1.09957	0.152881
48.933	-1.77637	0.809211	0.148555	-1.77606	1.09133	0.146526	-2.17623	1.09957	0.153019
49.032	-1.77635	0.809225	0.148518	-1.77605	1.09138	0.146543	-2.17628	1.09955	0.153056
49.137	-1.77632	0.809248	0.148488	-1.776	1.09143	0.146537	-2.17634	1.09984	0.153222
49.266	-1.77634	0.809279	0.148537	-1.77608	1.09134	0.14655	-2.17683	1.09991	0.153693
49.373	-1.77641	0.809286	0.148634	-1.77617	1.0914	0.146697	-2.17653	1.09954	0.153178
49.47	-1.77637	0.8093	0.148593	-1.77606	1.0913	0.14644	-2.17622	1.09956	0.152975
49.572	-1.77635	0.809328	0.148557	-1.77607	1.09136	0.146491	-2.17672	1.0998	0.153628
49.67	-1.77644	0.809366	0.148684	-1.77614	1.09133	0.146601	-2.17621	1.09957	0.153029
49.791	-1.77645	0.809352	0.148705	-1.77609	1.09138	0.146622	-2.17627	1.09958	0.153043
49.874	-1.77638	0.809339	0.148611	-1.77586	1.09153	0.146404	-2.17616	1.09958	0.152933
49.997	-1.77643	0.809356	0.148671	-1.77612	1.09142	0.146583	-2.17627	1.09961	0.153233
50.106	-1.77648	0.809331	0.14875	-1.77615	1.09126	0.146491	-2.17629	1.09961	0.153074
50.21	-1.77641	0.809324	0.148641	-1.77591	1.09143	0.146441	-2.17622	1.09958	0.152932
50.31	-1.77635	0.809332	0.148613	-1.77603	1.09126	0.146371	-2.1761	1.09951	0.152889
50.417	-1.77639	0.809319	0.148681	-1.77616	1.09129	0.14659	-2.17621	1.09961	0.152957
50.516	-1.77641	0.809321	0.148664	-1.77612	1.09115	0.146416	-2.17649	1.09958	0.153093
50.667	-1.77634	0.809293	0.14854	-1.77607	1.0912	0.146405	-2.17621	1.09959	0.152889
51.003	-1.77634	0.80931	0.14857	-1.7759	1.09136	0.146397	-2.17616	1.09959	0.152857
51.196	-1.77639	0.809294	0.148595	-1.77619	1.09106	0.146494	-2.17623	1.09959	0.152916
51.441	-1.77647	0.809271	0.148717	-1.77602	1.09127	0.146604	-2.17626	1.09962	0.15293
51.663	-1.77617	0.809279	0.148776	-1.77599	1.09106	0.146952	-2.17624	1.09962	0.15305
51.906	-1.7753	0.809253	0.148844	-1.77498	1.09111	0.146707	-2.17526	1.0996	0.152052
52.22	-1.77432	0.80917	0.148501	-1.77445	1.09123	0.146941	-2.1752	1.09901	0.151499
52.504	-1.77302	0.809139	0.148491	-1.77327	1.09135	0.147078	-2.17264	1.0997	0.153208
52.716	-1.77194	0.809186	0.148566	-1.77204	1.09126	0.147037	-2.17151	1.0995	0.152938
52.849	-1.77086	0.809132	0.148667	-1.77102	1.0913	0.147144	-2.17099	1.10022	0.154006
53.055	-1.76927	0.809149	0.148874	-1.76976	1.09124	0.147536	-2.17025	1.0999	0.1542
53.233	-1.76761	0.809156	0.148894	-1.768	1.09146	0.147524	-2.16801	1.0996	0.153765
53.438	-1.76611	0.809109	0.148591	-1.76672	1.09107	0.147247	-2.16647	1.10005	0.154659
53.609	-1.76429	0.808971	0.148447	-1.76401	1.09079	0.146315	-2.16424	1.10018	0.155389
53.759	-1.76292	0.808969	0.14879	-1.76298	1.09075	0.146792	-2.16242	1.09977	0.154324
53.887	-1.76112	0.808918	0.148782	-1.7613	1.09075	0.146747	-2.16044	1.09979	0.15349
54.052	-1.75953	0.808909	0.14879	-1.75934	1.09061	0.146323	-2.15963	1.10004	0.154109
54.255	-1.75803	0.808924	0.148944	-1.75807	1.09074	0.146563	-2.15715	1.09979	0.154145
54.496	-1.75592	0.808892	0.148913	-1.75574	1.09087	0.146356	-2.1551	1.09972	0.154293
54.644	-1.75359	0.808918	0.148468	-1.75339	1.09099	0.145876	-2.15265	1.09959	0.154218
54.844	-1.75182	0.808931	0.148748	-1.7516	1.09079	0.146084	-2.15091	1.09965	0.154375
55.029	-1.74979	0.809043	0.149065	-1.7497	1.09091	0.146223	-2.14897	1.09949	0.154255
55.235	-1.74749	0.808807	0.148675	-1.74743	1.09084	0.145991	-2.14715	1.09931	0.154117
55.475	-1.74525	0.808654	0.148456	-1.74554	1.09088	0.146318	-2.14494	1.09952	0.154346
55.74	-1.7429	0.808574	0.148347	-1.74284	1.09061	0.145809	-2.14244	1.0995	0.154814
55.956	-1.74031	0.808638	0.148432	-1.74017	1.09064	0.145651	-2.13965	1.09956	0.155371
56.164	-1.7379	0.808784	0.148761	-1.73787	1.09068	0.14586	-2.13701	1.09941	0.154711
56.317	-1.73516	0.808851	0.149043	-1.73518	1.09055	0.146227	-2.13463	1.09928	0.154108
56.518	-1.73237	0.808794	0.148788	-1.73241	1.09084	0.145977	-2.13223	1.09912	0.153951
56.768	-1.72971	0.808851	0.148964	-1.73008	1.09104	0.146278	-2.12938	1.09888	0.153789
56.96	-1.72632	0.808914	0.149369	-1.72644	1.09081	0.146021	-2.12574	1.09935	0.154919
57.256	-1.72404	0.808885	0.149451	-1.72397	1.0907	0.145972	-2.12343	1.09967	0.155021
57.482	-1.71962	0.808314	0.148347	-1.7205	1.09072	0.146673	-2.1192	1.09886	0.15423
57.693	-1.71662	0.80842	0.148789	-1.7175	1.09075	0.147086	-2.11617	1.09863	0.154483
57.891	-1.71348	0.808586	0.149492	-1.71436	1.09088	0.14722	-2.11286	1.09889	0.154385
58.202	-1.70981	0.808983	0.149577	-1.71075	1.09094	0.146602	-2.10935	1.09972	0.154574
58.387	-1.70509	0.8086	0.14913	-1.70604	1.09088	0.146026	-2.10539	1.09923	0.154684
58.648	-1.70225	0.808847	0.149509	-1.70345	1.09082	0.146616	-2.10247	1.09928	0.154419
58.852	-1.69803	0.808483	0.149429	-1.69908	1.09075	0.146985	-2.09781	1.09873	0.154293
59.019	-1.69432	0.808461	0.149558	-1.6954	1.09092	0.14723	-2.09423	1.09848	0.154342
59.198	-1.69061	0.808589	0.149938	-1.69106	1.09069	0.146618	-2.09035	1.0987	0.154417
59.495	-1.68694	0.808558	0.150078	-1.68771	1.09066	0.147333	-2.08638	1.09883	0.154118
59.742	-1.68146	0.808704	0.150118	-1.68218	1.09064	0.146646	-2.08135	1.09853	0.153578
59.989	-1.67713	0.80869	0.150273	-1.6784	1.09051	0.146875	-2.07791	1.09858	0.154455
60.191	-1.67319	0.808595	0.150373	-1.67419	1.09078	0.147233	-2.07362	1.0982	0.154503
60.345	-1.66913	0.808677	0.1507	-1.67026	1.09077	0.147787	-2.06937	1.09887	0.155231
60.515	-1.66486	0.808677	0.150885	-1.66603	1.09058	0.147566	-2.0648	1.09793	0.153721
60.814	-1.66053	0.808778	0.151337	-1.66159	1.09049	0.14774	-2.06061	1.0979	0.153799
61.103	-1.65477	0.808327	0.151077	-1.65652	1.0907	0.148818	-2.05535	1.09815	0.154541
61.312	-1.65024	0.808416	0.151307	-1.65214	1.0911	0.149552	-2.05075	1.09841	0.154553
61.508	-1.64532	0.808642	0.151265	-1.64689	1.09048	0.148629	-2.04462	1.09824	0.153742
61.713	-1.64075	0.808398	0.15148	-1.64172	1.09052	0.148319	-2.04086	1.09777	0.153463
61.933	-1.63574	0.808132	0.151364	-1.63683	1.09059	0.148489	-2.03594	1.09776	0.153508
62.19	-1.63062	0.80839	0.151878	-1.63144	1.09007	0.148584	-2.03089	1.0977	0.153734
62.35	-1.62391	0.808486	0.151734	-1.62464	1.09002	0.148276	-2.02472	1.09818	0.154968
62.629	-1.61956	0.808152	0.15148	-1.62099	1.09005	0.148743	-2.02016	1.09796	0.154323
62.841	-1.61304	0.808179	0.151881	-1.61375	1.09009	0.148802	-2.0133	1.0975	0.154196
63.027	-1.60706	0.808056	0.151813	-1.60841	1.09014	0.149512	-2.00781	1.09745	0.154603
63.289	-1.60129	0.807805	0.151972	-1.60315	1.09063	0.150203	-2.00202	1.09745	0.15458
63.545	-1.59533	0.807644	0.151747	-1.59718	1.09009	0.149665	-1.99575	1.09721	0.153854
63.813	-1.58758	0.808479	0.152573	-1.58885	1.08993	0.149047	-1.9881	1.09718	0.153878
64.098	-1.58133	0.80853	0.152576	-1.5827	1.09006	0.148752	-1.98159	1.09731	0.15372
64.373	-1.57494	0.807888	0.152116	-1.57623	1.09014	0.148533	-1.97547	1.09694	0.15401
64.575	-1.56804	0.80805	0.151975	-1.56988	1.09006	0.148667	-1.96918	1.09688	0.154131
64.824	-1.56157	0.807995	0.152155	-1.56314	1.08971	0.148552	-1.96255	1.09672	0.15398
65.011	-1.55334	0.808097	0.152506	-1.55439	1.09022	0.148896	-1.95417	1.09682	0.154424
65.219	-1.54627	0.807982	0.152019	-1.54778	1.09008	0.149122	-1.94728	1.09704	0.154972
65.485	-1.53964	0.807833	0.152332	-1.54096	1.08997	0.149075	-1.94017	1.09694	0.154728
65.715	-1.53232	0.80811	0.15224	-1.53363	1.09023	0.148604	-1.93317	1.09743	0.15507
65.945	-1.52514	0.807886	0.151831	-1.5267	1.09008	0.149112	-1.92597	1.09665	0.154789
66.159	-1.51821	0.808015	0.152391	-1.51916	1.0895	0.148803	-1.91881	1.09652	0.154852
66.402	-1.51127	0.808086	0.153082	-1.51187	1.08954	0.14881	-1.91121	1.09684	0.154865
66.686	-1.50319	0.807555	0.152321	-1.50464	1.08955	0.14903	-1.90388	1.09633	0.154931
66.903	-1.49346	0.807565	0.152246	-1.49496	1.08952	0.148999	-1.89477	1.09685	0.156024
67.115	-1.48546	0.807653	0.152243	-1.48719	1.08979	0.14885	-1.88689	1.09638	0.155249
67.325	-1.47802	0.807943	0.15271	-1.48025	1.08988	0.150435	-1.87901	1.09616	0.154749
67.578	-1.47015	0.807826	0.152868	-1.47255	1.08967	0.150566	-1.87219	1.09634	0.15591
67.886	-1.4623	0.807749	0.153215	-1.46386	1.08952	0.150029	-1.8639	1.096	0.155275
68.141	-1.45236	0.807315	0.152829	-1.45383	1.08927	0.150181	-1.85355	1.0953	0.154776
68.342	-1.44451	0.807276	0.153686	-1.44583	1.08911	0.150057	-1.84528	1.09542	0.15525
68.608	-1.43776	0.807044	0.153092	-1.43962	1.08894	0.149883	-1.83901	1.09527	0.155492
68.857	-1.42748	0.806938	0.152804	-1.42951	1.08884	0.150242	-1.82934	1.09547	0.156228
69.125	-1.41926	0.806884	0.153007	-1.42054	1.0888	0.149896	-1.82053	1.09505	0.155185
69.385	-1.41063	0.806986	0.153429	-1.41225	1.08882	0.150309	-1.81217	1.0949	0.154392
69.648	-1.40011	0.806378	0.153053	-1.40161	1.08883	0.150303	-1.80149	1.09506	0.154484
69.887	-1.39083	0.806556	0.153257	-1.39264	1.08849	0.149909	-1.79334	1.09506	0.155829
70.087	-1.38174	0.806325	0.152735	-1.38378	1.08864	0.149635	-1.78353	1.0946	0.155299
70.313	-1.37297	0.806196	0.152428	-1.37496	1.08831	0.149851	-1.77475	1.09398	0.155795
70.577	-1.36412	0.805987	0.15225	-1.36625	1.0881	0.150158	-1.76611	1.09372	0.156373
70.754	-1.3531	0.80572	0.152264	-1.35531	1.08803	0.150399	-1.75506	1.09384	0.15621
71.005	-1.34385	0.805158	0.152653	-1.34577	1.08776	0.149708	-1.74547	1.0937	0.155566
71.23	-1.33436	0.80559	0.153156	-1.33782	1.08819	0.151153	-1.73697	1.09369	0.156465
71.417	-1.32529	0.805418	0.15286	-1.32758	1.08776	0.149839	-1.72712	1.09332	0.155893
71.564	-1.31628	0.805708	0.153213	-1.31819	1.08772	0.1495	-1.71793	1.09318	0.156356
71.733	-1.3068	0.805588	0.153008	-1.30937	1.08762	0.149972	-1.70925	1.09327	0.157237
71.926	-1.29799	0.805437	0.153516	-1.30061	1.08752	0.150736	-1.69994	1.09302	0.15659
72.192	-1.2889	0.805327	0.153764	-1.29084	1.08747	0.150465	-1.69034	1.09313	0.155991
72.344	-1.27738	0.805023	0.153771	-1.27955	1.08744	0.150271	-1.67924	1.09312	0.156432
72.583	-1.27062	0.805157	0.154388	-1.27278	1.08733	0.150742	-1.67189	1.09295	0.155923
72.794	-1.25911	0.804783	0.154254	-1.26133	1.08687	0.150961	-1.66159	1.09277	0.157402
73.019	-1.2496	0.804905	0.1542	-1.25208	1.08716	0.151438	-1.65106	1.09248	0.15642
73.29	-1.24037	0.804685	0.153792	-1.2425	1.08658	0.150553	-1.64185	1.09239	0.156604
73.481	-1.2285	0.804281	0.153869	-1.23076	1.08646	0.151062	-1.63001	1.09239	0.157448
73.708	-1.21943	0.804365	0.153897	-1.22135	1.08638	0.151058	-1.62188	1.09275	0.158947
73.911	-1.21001	0.804406	0.154158	-1.21232	1.08639	0.151216	-1.61236	1.09256	0.158561
74.131	-1.20043	0.804333	0.15407	-1.20241	1.08636	0.150596	-1.6019	1.09223	0.157025
74.304	-1.19101	0.80447	0.154104	-1.19284	1.08645	0.149929	-1.59227	1.09255	0.156697
74.568	-1.18151	0.804989	0.153991	-1.18336	1.08683	0.149804	-1.58326	1.09309	0.158353
74.813	-1.16931	0.804917	0.153352	-1.17128	1.08676	0.149945	-1.57193	1.09305	0.159876
75.031	-1.15997	0.804777	0.153635	-1.16201	1.08661	0.150341	-1.56183	1.09295	0.159163
75.241	-1.15077	0.80466	0.153561	-1.15265	1.08656	0.150444	-1.55258	1.09267	0.15939
75.423	-1.14081	0.804177	0.153273	-1.14288	1.08632	0.150222	-1.54289	1.09265	0.158906
75.674	-1.13133	0.804088	0.153227	-1.13326	1.08626	0.150029	-1.53341	1.09253	0.159552
75.899	-1.11963	0.804037	0.153169	-1.12148	1.086	0.150101	-1.52165	1.09213	0.160185
76.079	-1.10996	0.803696	0.153067	-1.11213	1.08588	0.150328	-1.51207	1.09161	0.160292
76.251	-1.10031	0.803677	0.153339	-1.1024	1.08583	0.150495	-1.50234	1.09174	0.160029
76.486	-1.09118	0.803444	0.153707	-1.0937	1.08566	0.1518	-1.49333	1.09181	0.160187
76.714	-1.08131	0.803621	0.154203	-1.08359	1.08541	0.151322	-1.4837	1.09123	0.159385
76.967	-1.0718	0.803249	0.153956	-1.07407	1.08548	0.151327	-1.47404	1.09108	0.159472
77.248	-1.06229	0.802924	0.153654	-1.06444	1.0853	0.151111	-1.46448	1.09071	0.160001
77.487	-1.04981	0.803278	0.153842	-1.0526	1.08518	0.151384	-1.45254	1.09041	0.160345
77.789	-1.04001	0.802975	0.153584	-1.04343	1.08512	0.151973	-1.44304	1.09034	0.160235
77.961	-1.03098	0.80279	0.154147	-1.03353	1.08499	0.151584	-1.4337	1.08999	0.159263
78.206	-1.02378	0.803009	0.154376	-1.02653	1.08474	0.151508	-1.42647	1.08982	0.158714
78.4	-1.01162	0.802831	0.15386	-1.01479	1.08492	0.151351	-1.41452	1.0897	0.158772
78.599	-1.00174	0.802741	0.153004	-1.00535	1.08486	0.150803	-1.40536	1.08898	0.159651
78.788	-0.98973	0.802565	0.153006	-0.993774	1.08466	0.151514	-1.3931	1.0883	0.159941
78.988	-0.980482	0.802173	0.152695	-0.984979	1.08439	0.151685	-1.38377	1.08797	0.15979
79.182	-0.970854	0.802288	0.152756	-0.976181	1.08423	0.151842	-1.37457	1.08776	0.15954
79.343	-0.961409	0.802386	0.152977	-0.966396	1.08426	0.151938	-1.36498	1.08773	0.158693
79.564	-0.952135	0.801803	0.152822	-0.957103	1.08422	0.152078	-1.35555	1.08739	0.158742
79.826	-0.940383	0.802294	0.15333	-0.945522	1.08442	0.151528	-1.344	1.0872	0.159682
80.047	-0.930914	0.802282	0.153256	-0.936959	1.08456	0.152499	-1.33473	1.08703	0.159561
80.267	-0.921481	0.802354	0.153497	-0.927656	1.08449	0.152753	-1.32592	1.08705	0.159694
80.496	-0.912558	0.802279	0.153986	-0.91867	1.08415	0.152534	-1.3163	1.08684	0.159073
80.703	-0.903283	0.802219	0.153902	-0.90945	1.08429	0.152584	-1.3077	1.08697	0.159297
80.943	-0.894492	0.802038	0.154399	-0.900174	1.08445	0.152649	-1.29793	1.08677	0.158729
81.16	-0.882912	0.801951	0.154156	-0.8888	1.08426	0.152981	-1.28698	1.08672	0.159088
81.44	-0.874897	0.801999	0.155247	-0.879723	1.08414	0.153121	-1.27755	1.08651	0.158713
81.724	-0.866033	0.802152	0.15565	-0.870549	1.08385	0.153067	-1.26883	1.08646	0.15928
81.933	-0.856925	0.802586	0.155387	-0.861431	1.08408	0.153062	-1.25854	1.08651	0.158921
82.116	-0.847639	0.801961	0.155464	-0.852463	1.08383	0.15319	-1.24968	1.08646	0.159214
82.38	-0.838612	0.802067	0.155721	-0.843807	1.08416	0.153299	-1.2409	1.08638	0.159612
82.661	-0.829719	0.80207	0.155708	-0.834466	1.08408	0.152981	-1.23185	1.08651	0.159049
82.879	-0.818455	0.802168	0.155595	-0.822846	1.08436	0.152409	-1.22053	1.08686	0.158902
83.119	-0.809457	0.802245	0.155403	-0.814232	1.08426	0.152244	-1.21161	1.08684	0.159544
83.359	-0.80039	0.802448	0.155483	-0.805287	1.08449	0.152402	-1.20223	1.0868	0.159512
83.608	-0.791655	0.802804	0.155439	-0.796235	1.08467	0.152421	-1.19336	1.08694	0.160249
83.847	-0.783032	0.802747	0.155426	-0.787199	1.08449	0.152213	-1.18453	1.08696	0.160527
84.092	-0.773968	0.802339	0.154937	-0.778611	1.08454	0.152405	-1.17583	1.0871	0.160666
84.311	-0.763033	0.802262	0.155085	-0.767416	1.08414	0.152292	-1.16507	1.08697	0.160807
84.551	-0.754229	0.802181	0.155009	-0.758892	1.08411	0.151929	-1.15635	1.08694	0.161046
84.789	-0.745637	0.801757	0.154672	-0.749903	1.08408	0.151941	-1.14734	1.08669	0.16086
85.032	-0.73694	0.801832	0.154552	-0.741311	1.08401	0.152052	-1.13876	1.08643	0.160988
85.34	-0.728328	0.801992	0.154804	-0.732919	1.0841	0.152169	-1.13031	1.08635	0.161236
85.519	-0.717546	0.80221	0.155122	-0.722396	1.08424	0.152813	-1.11979	1.08609	0.160937
85.734	-0.709035	0.802053	0.155144	-0.713915	1.08387	0.15289	-1.11164	1.08587	0.160724
85.987	-0.700842	0.801869	0.155145	-0.705551	1.08369	0.153035	-1.10317	1.08579	0.160533
86.218	-0.692012	0.801951	0.155017	-0.697122	1.08363	0.152984	-1.09456	1.08543	0.160796
86.49	-0.683609	0.801747	0.155189	-0.688924	1.0838	0.153287	-1.08653	1.08511	0.161224
86.769	-0.675219	0.801837	0.155164	-0.680478	1.08377	0.153068	-1.07785	1.08512	0.161075
86.971	-0.664885	0.80185	0.155119	-0.670074	1.08353	0.153001	-1.06731	1.08524	0.160773
87.247	-0.656512	0.801476	0.155562	-0.661909	1.08369	0.153598	-1.0595	1.08506	0.160098
87.489	-0.648464	0.801641	0.155642	-0.653657	1.08378	0.153589	-1.05149	1.08498	0.159709
87.662	-0.640189	0.801413	0.155212	-0.645439	1.08371	0.153325	-1.04347	1.08523	0.160452
87.841	-0.632058	0.801276	0.155212	-0.637134	1.08357	0.153241	-1.03499	1.08479	0.160196
88.101	-0.623294	0.801751	0.155182	-0.628986	1.08372	0.153203	-1.02665	1.08425	0.160416
88.353	-0.615106	0.801162	0.154697	-0.6208	1.08363	0.153216	-1.01818	1.08421	0.160569
88.587	-0.604838	0.801546	0.154777	-0.610513	1.0836	0.153087	-1.00845	1.08406	0.160206
88.857	-0.596467	0.801398	0.154807	-0.602527	1.08339	0.153223	-1.00024	1.08422	0.159858
89.094	-0.588596	0.801448	0.155204	-0.594346	1.08334	0.153191	-0.992221	1.0843	0.159945
89.306	-0.580635	0.801465	0.155063	-0.586228	1.08357	0.152911	-0.984528	1.08418	0.1603
89.494	-0.572596	0.801162	0.155315	-0.578307	1.08359	0.152888	-0.976731	1.08398	0.160688
89.75	-0.56238	0.801582	0.155584	-0.568513	1.0836	0.152926	-0.966374	1.08411	0.160277
90.048	-0.55473	0.801625	0.15609	-0.560756	1.08383	0.153487	-0.959102	1.08414	0.160464
90.304	-0.54697	0.801671	0.156328	-0.553215	1.08395	0.153683	-0.951779	1.08418	0.160574
90.483	-0.539583	0.801584	0.156403	-0.545593	1.08384	0.153551	-0.943988	1.08395	0.160556
90.664	-0.53198	0.801759	0.156525	-0.538167	1.0838	0.153829	-0.9374	1.08406	0.160954
90.968	-0.524364	0.801886	0.156667	-0.530777	1.08396	0.153942	-0.929643	1.08403	0.161053
91.227	-0.515231	0.801682	0.156986	-0.521512	1.08379	0.154302	-0.920556	1.08351	0.160544
91.482	-0.507948	0.801427	0.15699	-0.514074	1.0836	0.154225	-0.913298	1.08385	0.160818
91.758	-0.500568	0.801677	0.157144	-0.507099	1.08376	0.154486	-0.905732	1.08397	0.161073
91.996	-0.493444	0.801532	0.15695	-0.499804	1.08345	0.154539	-0.898682	1.084	0.160971
92.23	-0.486377	0.801566	0.156695	-0.492598	1.08348	0.154434	-0.891453	1.08404	0.161181
92.542	-0.479405	0.801602	0.156853	-0.48574	1.08375	0.154778	-0.884632	1.084	0.161285
92.722	-0.471012	0.801437	0.156881	-0.47716	1.08335	0.154735	-0.875896	1.08417	0.161343
92.891	-0.464385	0.801517	0.156874	-0.470292	1.08325	0.154291	-0.869477	1.08414	0.161342
93.053	-0.45816	0.801508	0.156707	-0.464178	1.08339	0.153993	-0.863256	1.08421	0.16153
93.266	-0.452738	0.80145	0.15684	-0.458553	1.08351	0.154417	-0.857525	1.08455	0.161685
93.433	-0.447103	0.801668	0.157616	-0.453095	1.08353	0.15443	-0.852077	1.08452	0.161193
93.61	-0.441392	0.801896	0.157438	-0.447253	1.08413	0.154094	-0.846477	1.08482	0.160515
93.803	-0.43583	0.802125	0.157259	-0.442287	1.08462	0.154278	-0.840831	1.08462	0.16052
93.985	-0.429269	0.802629	0.157221	-0.435421	1.08397	0.153722	-0.834339	1.08457	0.161626
94.171	-0.424503	0.802687	0.157382	-0.430447	1.08457	0.154109	-0.829557	1.08434	0.161969
94.372	-0.419149	0.802195	0.156776	-0.425643	1.08453	0.154129	-0.82491	1.08441	0.161748
94.618	-0.414517	0.802229	0.156946	-0.420753	1.08434	0.154367	-0.819956	1.08482	0.161527
94.909	-0.410255	0.802113	0.156929	-0.416427	1.08452	0.15459	-0.81572	1.0846	0.161565
95.137	-0.404799	0.802269	0.15703	-0.41219	1.08514	0.154973	-0.810217	1.08462	0.162049
95.417	-0.40048	0.802582	0.156912	-0.408184	1.08542	0.155153	-0.806197	1.08423	0.162036
95.675	-0.396495	0.802523	0.15653	-0.403369	1.08476	0.154361	-0.802378	1.08405	0.16222
95.905	-0.392904	0.802462	0.156696	-0.399996	1.08505	0.155042	-0.798874	1.08408	0.16233
96.146	-0.38949	0.802467	0.156981	-0.396559	1.08512	0.155502	-0.795045	1.08425	0.161898
96.345	-0.386079	0.802469	0.157059	-0.393462	1.08508	0.155167	-0.791861	1.08426	0.161786
96.634	-0.383581	0.802515	0.156884	-0.390924	1.08527	0.154901	-0.789319	1.08434	0.162068
96.914	-0.378834	0.802978	0.157166	-0.386314	1.08553	0.155136	-0.784938	1.08443	0.162354
97.172	-0.376215	0.803027	0.156897	-0.383884	1.08578	0.155175	-0.78196	1.08448	0.162403
97.394	-0.373629	0.802988	0.157007	-0.381265	1.0856	0.155349	-0.779664	1.0843	0.162121
97.584	-0.371311	0.803157	0.157418	-0.378279	1.08524	0.155134	-0.777371	1.08424	0.162098
97.811	-0.368595	0.803133	0.157135	-0.376214	1.08552	0.155302	-0.775263	1.08408	0.162171
98.142	-0.366684	0.803171	0.156804	-0.374029	1.08554	0.154807	-0.772964	1.08428	0.162606
98.418	-0.365101	0.802966	0.156933	-0.372511	1.08572	0.15511	-0.771364	1.08422	0.163026
98.679	-0.363841	0.803034	0.157484	-0.37128	1.08593	0.155616	-0.769849	1.08416	0.16233
98.901	-0.362313	0.80316	0.157277	-0.369536	1.08576	0.155414	-0.768671	1.08411	0.161677
99.086	-0.360984	0.803339	0.157294	-0.368237	1.08566	0.155052	-0.767588	1.084	0.161937
99.379	-0.359642	0.803505	0.157429	-0.367669	1.08611	0.155439	-0.766427	1.08387	0.16251
99.622	-0.358665	0.803446	0.156848	-0.366791	1.08615	0.155279	-0.765241	1.08383	0.162967
99.841	-0.358243	0.803152	0.156515	-0.366167	1.08596	0.155227	-0.764956	1.08382	0.162797
100.1	-0.358267	0.803003	0.156611	-0.366106	1.0859	0.155484	-0.765009	1.08392	0.162477
100.328	-0.358921	0.803364	0.157296	-0.366419	1.08592	0.155418	-0.765375	1.08403	0.162371
100.493	-0.359436	0.803274	0.157203	-0.366924	1.08586	0.155274	-0.765946	1.08404	0.162369
100.689	-0.360042	0.803493	0.157265	-0.367943	1.08617	0.155146	-0.766747	1.08403	0.162476
100.879	-0.361273	0.803484	0.157328	-0.368957	1.08621	0.155357	-0.767834	1.08404	0.162388
101.161	-0.362188	0.803588	0.157252	-0.369794	1.08619	0.155449	-0.768682	1.08398	0.162097
101.421	-0.363029	0.80355	0.157201	-0.370569	1.08607	0.155494	-0.769344	1.08428	0.162104
101.691	-0.363769	0.803594	0.157248	-0.371443	1.08616	0.155471	-0.770147	1.08438	0.162187
101.907	-0.364466	0.803651	0.157201	-0.372505	1.0864	0.155478	-0.770986	1.08443	0.162269
102.103	-0.365248	0.803671	0.157136	-0.373369	1.08652	0.155398	-0.771889	1.08435	0.162106
102.404	-0.366074	0.80365	0.157161	-0.37417	1.08652	0.155456	-0.772608	1.08457	0.162173
102.679	-0.367138	0.803637	0.157296	-0.375036	1.08651	0.155519	-0.773458	1.08466	0.162037
102.951	-0.367889	0.803562	0.157232	-0.375653	1.08644	0.155498	-0.774229	1.08468	0.162014
103.172	-0.368552	0.803489	0.157161	-0.376228	1.08635	0.155314	-0.775173	1.0846	0.162032
103.357	-0.369234	0.803455	0.157084	-0.376869	1.08626	0.155161	-0.775935	1.08452	0.161958
103.59	-0.369953	0.80347	0.157145	-0.377604	1.08631	0.15527	-0.776695	1.08441	0.161934
103.863	-0.370607	0.803558	0.157215	-0.378303	1.08632	0.155372	-0.777264	1.08439	0.161892
104.145	-0.371351	0.803644	0.157331	-0.379059	1.08638	0.155434	-0.777899	1.08439	0.161835
104.384	-0.371861	0.803714	0.157393	-0.379603	1.08639	0.155422	-0.778362	1.08439	0.161815
104.603	-0.372258	0.803712	0.157342	-0.380077	1.08642	0.155391	-0.778842	1.08456	0.16191
104.755	-0.372476	0.803826	0.157255	-0.380534	1.08646	0.155466	-0.779199	1.08454	0.161758
104.978	-0.372804	0.803818	0.157275	-0.380864	1.08638	0.155495	-0.779516	1.08457	0.161707
105.188	-0.373183	0.803843	0.157271	-0.381136	1.08637	0.155486	-0.779921	1.0845	0.161618
105.394	-0.373397	0.803871	0.157202	-0.381284	1.0863	0.155417	-0.780088	1.08449	0.161621
105.615	-0.373547	0.803871	0.157213	-0.38136	1.08626	0.155258	-0.780278	1.08445	0.161603
105.847	-0.373575	0.803836	0.157197	-0.381511	1.08631	0.155246	-0.780338	1.08448	0.161589
106.065	-0.373575	0.803822	0.157203	-0.381605	1.08636	0.155306	-0.780369	1.08452	0.161574
106.295	-0.373588	0.80387	0.157231	-0.381612	1.08639	0.155331	-0.780363	1.08448	0.161527
106.527	-0.373556	0.803909	0.15725	-0.381522	1.08635	0.155297	-0.780295	1.08449	0.161538
106.869	-0.373471	0.803936	0.157264	-0.38138	1.08632	0.155209	-0.780224	1.08441	0.161529
107.069	-0.373318	0.803922	0.157274	-0.381217	1.08632	0.155216	-0.779826	1.08464	0.161634
107.22	-0.373154	0.803926	0.157261	-0.381056	1.08631	0.155224	-0.779654	1.08467	0.161616
107.368	-0.372993	0.803968	0.157248	-0.380822	1.08628	0.155137	-0.779503	1.08471	0.161626
107.538	-0.372832	0.804003	0.157284	-0.380644	1.08626	0.155127	-0.77931	1.08471	0.161625
107.8	-0.372672	0.804036	0.157278	-0.380493	1.08631	0.155143	-0.779099	1.0847	0.16164
108.052	-0.372537	0.804064	0.157277	-0.380401	1.08633	0.155157	-0.778873	1.08468	0.161549
108.239	-0.372366	0.80408	0.157265	-0.380214	1.08633	0.155203	-0.778645	1.08466	0.161501
108.403	-0.372244	0.804061	0.157248	-0.380072	1.08634	0.155196	-0.778564	1.08467	0.161587
108.531	-0.372121	0.804051	0.157248	-0.37997	1.08635	0.155232	-0.778522	1.08474	0.161819
108.709	-0.372058	0.804059	0.157247	-0.379905	1.08639	0.155246	-0.778369	1.08466	0.16174
108.955	-0.371957	0.804047	0.157247	-0.379855	1.08641	0.155269	-0.778274	1.08469	0.161794
109.18	-0.371912	0.804069	0.157248	-0.379785	1.08641	0.15529	-0.778468	1.08444	0.161731
109.434	-0.371883	0.804067	0.157241	-0.379775	1.08643	0.155308	-0.778393	1.08447	0.161715
109.628	-0.371871	0.804047	0.157246	-0.379742	1.08643	0.155284	-0.778373	1.08447	0.161715
109.793	-0.371888	0.804051	0.157245	-0.379783	1.08643	0.155276	-0.778378	1.08445	0.161713
110.047	-0.371931	0.804065	0.157249	-0.379797	1.08642	0.155272	-0.778444	1.08446	0.16172
110.3	-0.371987	0.804088	0.15727	-0.379872	1.08642	0.155286	-0.77849	1.08449	0.161724
110.509	-0.372085	0.804092	0.157272	-0.379895	1.08641	0.155253	-0.778591	1.08446	0.161698
110.769	-0.372145	0.804073	0.157288	-0.379975	1.08638	0.155252	-0.778662	1.08447	0.161712
110.99	-0.372215	0.804082	0.157252	-0.380041	1.08637	0.155235	-0.778738	1.08449	0.161711
111.176	-0.372313	0.804076	0.1573	-0.380081	1.08637	0.1552	-0.778835	1.0845	0.161706
111.32	-0.372349	0.804043	0.157246	-0.380129	1.08636	0.155196	-0.778908	1.08448	0.161707
111.481	-0.37242	0.804052	0.157276	-0.380217	1.08637	0.155205	-0.778992	1.08449	0.161676
111.706	-0.372479	0.804034	0.157294	-0.380235	1.08636	0.155168	-0.779058	1.08452	0.161685
111.881	-0.372516	0.804007	0.157274	-0.380282	1.08636	0.155159	-0.779176	1.08448	0.161664
112.082	-0.372554	0.804003	0.157253	-0.380324	1.08638	0.155174	-0.779216	1.0845	0.161679
112.323	-0.372585	0.804012	0.157282	-0.380333	1.08636	0.155161	-0.77922	1.08451	0.161691
112.519	-0.372586	0.804012	0.157251	-0.380332	1.08635	0.155172	-0.779257	1.08448	0.161688
112.769	-0.372585	0.80403	0.157257	-0.380336	1.08638	0.155154	-0.779271	1.08449	0.161665
112.991	-0.372562	0.804024	0.157279	-0.380312	1.08636	0.155152	-0.779239	1.08452	0.161708
113.224	-0.372526	0.804018	0.157243	-0.380303	1.08636	0.155144	-0.779237	1.08453	0.161671
113.406	-0.372505	0.804013	0.157253	-0.380252	1.08637	0.155152	-0.779175	1.08452	0.161665
113.685	-0.372494	0.804032	0.157264	-0.380218	1.08637	0.155148	-0.779164	1.0845	0.161618
113.994	-0.372447	0.804031	0.157244	-0.380195	1.08638	0.15517	-0.779137	1.08453	0.161664
114.215	-0.372395	0.804038	0.157224	-0.380156	1.08639	0.15516	-0.779089	1.08451	0.161667
114.558	-0.372373	0.804056	0.157231	-0.380135	1.08638	0.155167	-0.779095	1.08449	0.161661
114.79	-0.37236	0.804019	0.157234	-0.380121	1.08637	0.155151	-0.779108	1.08448	0.161685
115.054	-0.372331	0.804025	0.157238	-0.380094	1.08637	0.155159	-0.779091	1.08449	0.161721
115.327	-0.372302	0.80401	0.157215	-0.380116	1.0864	0.155199	-0.779091	1.08444	0.161705
115.55	-0.372295	0.804003	0.157232	-0.380125	1.08637	0.155179	-0.779096	1.0844	0.161718
115.779	-0.372296	0.80401	0.15723	-0.380141	1.08639	0.155182	-0.779113	1.08438	0.161709
116.122	-0.37231	0.803992	0.15721	-0.380126	1.08637	0.15518	-0.779133	1.08438	0.161721
116.406	-0.372326	0.804008	0.1572	-0.38017	1.0864	0.155169	-0.779148	1.08439	0.161715
116.669	-0.372334	0.80397	0.157199	-0.380162	1.0864	0.155145	-0.779152	1.0844	0.161706
116.938	-0.37236	0.80399	0.157218	-0.380196	1.08638	0.155137	-0.779147	1.08439	0.161697
117.211	-0.37237	0.803979	0.157194	-0.380198	1.08639	0.155163	-0.779193	1.08447	0.161707
117.469	-0.372385	0.803972	0.157208	-0.380215	1.08638	0.155177	-0.779147	1.08445	0.161653
117.686	-0.372383	0.803972	0.157192	-0.380212	1.0864	0.155151	-0.779161	1.08441	0.16161
117.951	-0.372422	0.803983	0.157202	-0.380211	1.08639	0.155139	-0.779158	1.08436	0.161593
118.15	-0.372414	0.803999	0.157222	-0.380255	1.08638	0.155181	-0.779126	1.08435	0.161542
118.316	-0.37241	0.803995	0.157217	-0.380245	1.08637	0.155146	-0.779104	1.08437	0.161521
118.562	-0.37243	0.804017	0.15723	-0.380243	1.08639	0.155183	-0.779066	1.08435	0.161505
118.779	-0.372406	0.804004	0.157222	-0.380241	1.08641	0.155183	-0.77909	1.08438	0.161532
118.99	-0.372383	0.804014	0.15724	-0.38022	1.08639	0.155154	-0.779114	1.08438	0.16154
119.172	-0.372387	0.804019	0.157266	-0.380218	1.08639	0.155174	-0.779092	1.08441	0.161564
119.468	-0.372365	0.804008	0.157261	-0.380207	1.08639	0.155152	-0.779107	1.08439	0.161548
119.726	-0.372324	0.804044	0.157266	-0.380211	1.08639	0.155177	-0.779085	1.08443	0.161593
119.934	-0.372312	0.804029	0.157278	-0.38022	1.08641	0.155189	-0.779083	1.08445	0.16158
120.223	-0.372292	0.804023	0.157281	-0.380211	1.0864	0.155178	-0.779083	1.08443	0.161586
120.522	-0.372289	0.803999	0.157273	-0.380205	1.08639	0.155167	-0.77906	1.08445	0.161587
120.753	-0.372542	0.803529	0.157056	-0.380212	1.0864	0.15516	-0.779059	1.08444	0.161566
120.981	-0.372482	0.803675	0.157158	-0.380216	1.08638	0.155173	-0.779056	1.08444	0.161559
121.223	-0.37247	0.803709	0.157209	-0.380204	1.08639	0.155164	-0.779076	1.08439	0.161542
121.463	-0.372459	0.803652	0.157141	-0.380226	1.0864	0.155163	-0.779061	1.08442	0.161529
121.757	-0.372461	0.803679	0.157159	-0.380247	1.08641	0.155166	-0.779073	1.08441	0.161527
122.111	-0.37249	0.803651	0.157141	-0.380227	1.0864	0.15516	-0.779076	1.08441	0.161528
122.364	-0.372488	0.803655	0.157139	-0.380234	1.0864	0.155157	-0.779076	1.08441	0.161525
122.668	-0.372284	0.803946	0.157201	-0.38024	1.08639	0.155152	-0.779081	1.08441	0.161523
122.958	-0.372305	0.80397	0.15724	-0.380238	1.08638	0.15513	-0.779097	1.0844	0.161546
123.183	-0.372328	0.803996	0.157257	-0.380253	1.08639	0.155161	-0.779117	1.08439	0.161556
123.414	-0.37233	0.804044	0.157264	-0.380264	1.08639	0.155172	-0.779147	1.08437	0.161574
123.77	-0.372356	0.804065	0.15727	-0.380264	1.08641	0.1552	-0.779135	1.08438	0.161563
124.059	-0.372425	0.804121	0.157285	-0.380246	1.0864	0.15519	-0.779124	1.08437	0.161546
124.369	-0.372683	0.804008	0.157365	-0.380268	1.08641	0.155197	-0.779099	1.08435	0.161506
124.629	-0.372444	0.80416	0.157303	-0.380271	1.08639	0.155181	-0.779079	1.08432	0.16147
124.9	-0.372512	0.803865	0.157319	-0.380247	1.08641	0.155156	-0.779082	1.08435	0.161473
125.26	-0.372392	0.803763	0.157217	-0.380262	1.08642	0.155173	-0.77906	1.08442	0.161523
125.527	-0.372455	0.803732	0.157187	-0.380257	1.0864	0.15517	-0.779052	1.08436	0.161527
125.801	-0.372493	0.80371	0.157176	-0.380247	1.0864	0.155153	-0.77913	1.08436	0.161619
126.142	-0.372477	0.803713	0.157173	-0.380254	1.08642	0.155184	-0.779195	1.08445	0.161643
126.446	-0.37231	0.803899	0.15717	-0.380281	1.0864	0.155178	-0.779324	1.08454	0.161673
126.741	-0.372476	0.803702	0.157144	-0.380264	1.08639	0.155165	-0.779248	1.08448	0.161614
127.068	-0.3725	0.803683	0.157152	-0.380251	1.08637	0.155139	-0.779124	1.08438	0.161494
127.28	-0.372499	0.803713	0.157139	-0.380274	1.08635	0.155132	-0.779032	1.08433	0.161489
127.462	-0.372521	0.803696	0.157153	-0.380236	1.08632	0.155076	-0.779042	1.08426	0.161602
127.714	-0.372577	0.803757	0.157188	-0.380245	1.08631	0.155095	-0.779137	1.0843	0.161657
128	-0.372464	0.803992	0.157235	-0.380246	1.08631	0.155098	-0.779175	1.08456	0.161807
128.263	-0.372491	0.804073	0.157307	-0.380232	1.08629	0.155099	-0.779208	1.08435	0.161802
128.589	-0.372472	0.804146	0.157291	-0.380204	1.08628	0.155085	-0.779208	1.08437	0.16183
128.874	-0.372305	0.804073	0.157129	-0.380212	1.08625	0.155092	-0.779276	1.08442	0.161901
129.075	-0.372192	0.804008	0.156989	-0.38016	1.08623	0.155076	-0.779366	1.08447	0.16195
129.359	-0.372201	0.804033	0.157008	-0.380154	1.08622	0.15506	-0.779367	1.08448	0.161973
129.562	-0.372302	0.804147	0.157142	-0.380128	1.08621	0.155059	-0.77919	1.08436	0.161844
129.794	-0.372335	0.804184	0.157188	-0.380135	1.08625	0.155073	-0.779132	1.08434	0.161797
130.114	-0.37238	0.804225	0.157268	-0.380144	1.08622	0.155089	-0.779135	1.08434	0.161788
130.329	-0.372403	0.804259	0.157343	-0.380132	1.08621	0.155052	-0.77925	1.08438	0.161847
130.648	-0.372468	0.804305	0.157372	-0.380162	1.08619	0.155066	-0.779296	1.08445	0.161892
130.878	-0.372549	0.804329	0.157438	-0.380173	1.08617	0.155076	-0.779326	1.08448	0.161905
131.02	-0.372562	0.804319	0.15742	-0.380169	1.08616	0.15506	-0.779289	1.08444	0.161882
131.198	-0.372565	0.804291	0.157415	-0.380168	1.08618	0.155069	-0.77927	1.08444	0.161894
131.421	-0.372642	0.803817	0.157165	-0.380173	1.08621	0.155074	-0.779199	1.08433	0.161907
131.607	-0.372464	0.803816	0.157177	-0.380186	1.0862	0.155081	-0.779215	1.08427	0.161894
131.793	-0.372432	0.803804	0.157152	-0.380191	1.0862	0.155082	-0.779141	1.08429	0.161848
131.975	-0.37243	0.803776	0.157163	-0.380199	1.08619	0.155082	-0.77911	1.08428	0.161802
132.168	-0.372427	0.803775	0.157153	-0.380219	1.08619	0.155073	-0.779148	1.08429	0.161801
132.383	-0.372404	0.803741	0.157134	-0.380228	1.08616	0.155055	-0.778971	1.08454	0.161841
132.565	-0.372432	0.8038	0.157139	-0.38021	1.08613	0.155038	-0.779196	1.08426	0.161761
132.75	-0.372465	0.803792	0.157173	-0.380236	1.08611	0.155007	-0.779181	1.08435	0.161804
132.93	-0.372455	0.803794	0.157138	-0.380227	1.08611	0.154994	-0.779169	1.08435	0.161821
133.11	-0.37249	0.803808	0.157182	-0.38025	1.08611	0.155013	-0.779188	1.08434	0.161816
133.29	-0.372484	0.803851	0.157209	-0.380229	1.0861	0.155	-0.779199	1.08433	0.16182
133.468	-0.372475	0.803812	0.157159	-0.38023	1.08611	0.154991	-0.779195	1.08433	0.161801
133.686	-0.372466	0.803815	0.157148	-0.380257	1.08613	0.155	-0.779198	1.08432	0.1618
133.875	-0.37249	0.803848	0.157202	-0.380239	1.08612	0.154991	-0.779192	1.08433	0.161812
134.092	-0.372492	0.80384	0.157201	-0.380237	1.08613	0.154994	-0.779181	1.08434	0.161815
134.324	-0.372524	0.803833	0.157172	-0.380239	1.08616	0.154987	-0.779192	1.08434	0.161811
134.522	-0.37255	0.803754	0.157124	-0.380218	1.08613	0.154972	-0.77918	1.08434	0.161808
134.736	-0.372356	0.804086	0.157251	-0.380247	1.08612	0.155004	-0.779207	1.08437	0.161845
134.897	-0.372344	0.804083	0.157243	-0.38023	1.08612	0.154988	-0.779193	1.08435	0.161808
135.096	-0.37235	0.80408	0.157241	-0.380235	1.08613	0.154998	-0.7792	1.08436	0.161815
135.216	-0.372353	0.80409	0.157232	-0.380246	1.08618	0.155026	-0.77921	1.08437	0.161863
135.404	-0.372367	0.804092	0.157242	-0.380258	1.08616	0.155028	-0.779205	1.08438	0.161862
135.555	-0.37236	0.804083	0.157249	-0.380249	1.08618	0.155041	-0.779009	1.08456	0.161826
135.736	-0.372375	0.804104	0.157241	-0.380213	1.08621	0.155078	-0.779198	1.08435	0.161814
135.894	-0.372354	0.804092	0.157273	-0.380206	1.08622	0.155096	-0.779195	1.08436	0.161807
136.082	-0.372363	0.804112	0.157274	-0.380182	1.0862	0.155072	-0.779196	1.08436	0.161795
136.287	-0.37235	0.804103	0.15726	-0.380175	1.0862	0.15505	-0.779187	1.08437	0.161778
136.438	-0.372348	0.804142	0.15728	-0.380171	1.08619	0.155049	-0.779211	1.08436	0.161786
136.588	-0.372335	0.804194	0.157295	-0.38017	1.08619	0.155021	-0.779187	1.0844	0.161804
136.768	-0.372325	0.804203	0.157273	-0.380151	1.0862	0.15504	-0.779215	1.08438	0.16179
136.924	-0.372559	0.804038	0.157279	-0.380166	1.08626	0.155103	-0.779202	1.08437	0.161776
137.087	-0.372545	0.804011	0.157192	-0.380164	1.08628	0.155125	-0.779206	1.08441	0.161799
137.237	-0.37254	0.803981	0.157137	-0.380169	1.08627	0.155077	-0.779196	1.08439	0.161794
137.387	-0.372536	0.803988	0.157164	-0.380192	1.08627	0.155076	-0.779221	1.08438	0.1618
137.535	-0.37252	0.803933	0.157154	-0.380176	1.08625	0.155047	-0.779199	1.08433	0.161788
137.714	-0.372343	0.803605	0.156877	-0.380227	1.08633	0.155094	-0.779171	1.08432	0.161789
137.867	-0.372454	0.803798	0.157056	-0.380237	1.08637	0.155097	-0.779204	1.0843	0.161861
138.024	-0.372115	0.803746	0.156704	-0.38027	1.08639	0.15513	-0.779203	1.08432	0.161885
138.173	-0.372065	0.803728	0.156676	-0.380251	1.08642	0.15514	-0.779187	1.08433	0.161877
138.323	-0.372057	0.803749	0.156694	-0.380257	1.08642	0.155122	-0.779186	1.08434	0.161874
138.472	-0.372072	0.803777	0.156755	-0.380259	1.08642	0.155133	-0.779021	1.08452	0.161887
138.622	-0.372064	0.803787	0.156774	-0.380266	1.08642	0.155153	-0.779039	1.08455	0.161873
138.813	-0.372085	0.803793	0.156792	-0.380243	1.08642	0.155116	-0.779069	1.08456	0.161881
138.968	-0.372054	0.803801	0.156778	-0.380268	1.08641	0.15515	-0.779076	1.08456	0.161908
139.118	-0.372062	0.803778	0.156752	-0.380267	1.08642	0.155119	-0.779332	1.08425	0.161812
139.266	-0.372055	0.803797	0.156765	-0.380229	1.08641	0.155103	-0.779302	1.08425	0.161793
139.416	-0.372068	0.803819	0.156785	-0.380254	1.0864	0.155118	-0.77907	1.08456	0.161884
139.597	-0.372083	0.803825	0.156778	-0.380275	1.0864	0.155108	-0.779075	1.08457	0.161881
139.75	-0.372098	0.803855	0.156791	-0.380268	1.08642	0.155121	-0.779068	1.08458	0.161864
139.907	-0.372102	0.803854	0.156792	-0.380275	1.08641	0.155113	-0.779064	1.0846	0.161885
140.056	-0.372092	0.803844	0.156801	-0.380283	1.08642	0.155125	-0.779251	1.08437	0.161838
140.208	-0.371993	0.803663	0.156576	-0.380272	1.08642	0.15512	-0.779231	1.08444	0.161886
140.363	-0.371975	0.803777	0.156607	-0.38028	1.08642	0.155099	-0.779325	1.0844	0.161937
140.513	-0.372258	0.803595	0.156575	-0.38025	1.08641	0.155105	-0.779263	1.08437	0.161899
140.696	-0.372249	0.803657	0.156647	-0.380268	1.0864	0.155093	-0.779242	1.08435	0.161848
140.852	-0.372232	0.803626	0.156633	-0.380277	1.08641	0.155127	-0.779219	1.08436	0.161892
141	-0.372353	0.803593	0.15672	-0.380244	1.08644	0.15512	-0.77921	1.08435	0.1619
141.15	-0.372313	0.803664	0.156747	-0.380268	1.08641	0.155135	-0.779192	1.08435	0.161901
141.3	-0.372283	0.80366	0.156766	-0.380265	1.08643	0.155147	-0.779187	1.08431	0.161857
141.449	-0.372282	0.803669	0.15677	-0.380245	1.08642	0.155108	-0.779162	1.08433	0.16188
141.645	-0.372289	0.803653	0.156769	-0.380258	1.08644	0.155155	-0.779158	1.08433	0.161867
141.825	-0.372293	0.803674	0.156769	-0.380267	1.08644	0.155138	-0.779172	1.08432	0.161851
142.007	-0.372182	0.803678	0.156648	-0.380238	1.08643	0.155125	-0.779173	1.08429	0.16183
142.201	-0.372184	0.803681	0.156639	-0.380252	1.0864	0.155114	-0.779169	1.0843	0.161838
142.337	-0.372201	0.803633	0.156603	-0.380232	1.08637	0.1551	-0.779187	1.08426	0.16179
142.556	-0.372239	0.8037	0.156662	-0.380219	1.08636	0.155082	-0.779182	1.08425	0.161785
142.741	-0.372333	0.80358	0.156619	-0.380196	1.0863	0.155047	-0.779161	1.08431	0.161813
142.927	-0.372342	0.803682	0.156611	-0.38017	1.08625	0.155017	-0.77918	1.08429	0.161792
143.105	-0.372381	0.803846	0.156759	-0.380169	1.08626	0.155051	-0.779181	1.08427	0.161751
143.282	-0.372448	0.803828	0.156746	-0.38016	1.08626	0.155048	-0.778981	1.0845	0.161793
143.411	-0.372226	0.803698	0.156472	-0.380135	1.08626	0.155049	-0.77918	1.08432	0.161754
143.628	-0.372205	0.803763	0.156502	-0.380122	1.08627	0.155067	-0.779196	1.08436	0.161793
143.81	-0.372175	0.803778	0.156549	-0.380119	1.08625	0.15505	-0.779234	1.08433	0.161814
144.007	-0.372308	0.803732	0.156608	-0.38014	1.08621	0.155023	-0.779208	1.0843	0.161745
144.231	-0.372266	0.803636	0.156536	-0.380144	1.08616	0.154988	-0.779195	1.08431	0.161759
144.44	-0.372414	0.803876	0.156815	-0.38015	1.08616	0.154988	-0.779205	1.0843	0.16174
144.609	-0.372385	0.803823	0.156754	-0.380152	1.08618	0.155009	-0.779184	1.08435	0.161778
144.781	-0.372364	0.803742	0.156708	-0.380168	1.08617	0.155007	-0.779205	1.08432	0.161768
144.967	-0.372401	0.803776	0.156815	-0.380169	1.0862	0.155034	-0.779201	1.08434	0.161788
145.155	-0.372394	0.803804	0.156795	-0.380167	1.08621	0.155037	-0.779189	1.08436	0.161806
145.335	-0.372392	0.803793	0.156797	-0.380186	1.08624	0.155058	-0.779197	1.08432	0.161773
145.514	-0.372436	0.803954	0.156833	-0.380181	1.08625	0.155073	-0.779172	1.08432	0.161812
145.648	-0.372333	0.80366	0.156664	-0.380186	1.08625	0.155067	-0.779176	1.08431	0.161821
145.832	-0.372314	0.803662	0.156665	-0.380161	1.08636	0.155035	-0.779181	1.08427	0.161807
146.056	-0.372418	0.803735	0.156858	-0.38011	1.08628	0.154955	-0.779173	1.08431	0.161844
146.241	-0.37235	0.803708	0.156761	-0.380073	1.08625	0.154897	-0.779175	1.08436	0.161866
146.418	-0.372324	0.803715	0.156724	-0.380104	1.08625	0.154926	-0.779201	1.08431	0.161847
146.611	-0.372333	0.803755	0.156751	-0.380095	1.08615	0.154931	-0.77917	1.08435	0.161876
146.749	-0.372352	0.803706	0.156687	-0.380219	1.08651	0.155123	-0.779197	1.08432	0.161846
146.966	-0.372363	0.803707	0.156731	-0.38008	1.08631	0.1549	-0.779178	1.08434	0.161861
147.149	-0.372334	0.803669	0.156695	-0.379609	1.08575	0.154226	-0.779194	1.08429	0.161851
147.335	-0.372321	0.803632	0.156684	-0.37954	1.08574	0.154065	-0.779189	1.0843	0.161828
147.512	-0.37233	0.803617	0.156692	-0.37957	1.08589	0.154172	-0.779178	1.08432	0.16183
147.681	-0.372343	0.803624	0.156689	-0.379617	1.08592	0.154235	-0.779168	1.08433	0.161819
147.82	-0.372335	0.803654	0.156656	-0.37965	1.08594	0.154259	-0.779161	1.08432	0.161792
148.042	-0.372349	0.803659	0.156664	-0.379604	1.08599	0.154223	-0.779166	1.08436	0.161815
148.226	-0.372217	0.803781	0.156666	-0.379623	1.08603	0.154261	-0.779171	1.08441	0.161818
148.461	-0.372377	0.80371	0.156701	-0.37964	1.08605	0.154317	-0.779164	1.0844	0.161815
148.668	-0.372382	0.803759	0.156722	-0.379663	1.08609	0.154335	-0.77916	1.0844	0.161803
148.823	-0.372381	0.803805	0.15677	-0.379676	1.08609	0.154341	-0.779187	1.08436	0.161774
148.988	-0.372385	0.803809	0.156783	-0.379706	1.08611	0.154362	-0.779177	1.08439	0.16179
149.178	-0.37242	0.803802	0.156764	-0.379694	1.08614	0.154406	-0.779203	1.08435	0.161795
149.364	-0.37242	0.803795	0.15677	-0.379714	1.08618	0.154422	-0.779189	1.08439	0.161803
149.55	-0.372425	0.803753	0.156748	-0.379691	1.08614	0.154434	-0.779183	1.08438	0.161808
149.728	-0.372414	0.803728	0.156714	-0.379682	1.08615	0.154417	-0.779192	1.08433	0.16177
149.921	-0.372387	0.803703	0.156687	-0.379699	1.08616	0.154432	-0.77918	1.08435	0.161787
150.057	-0.372356	0.803706	0.156645	-0.379673	1.08615	0.154398	-0.779172	1.08435	0.161802
150.237	-0.372368	0.803713	0.156651	-0.379704	1.08612	0.154383	-0.779172	1.08433	0.161773
150.461	-0.372361	0.803721	0.156637	-0.379671	1.08611	0.154352	-0.779187	1.08434	0.161767
150.647	-0.372368	0.803682	0.156623	-0.379762	1.08606	0.154427	-0.779194	1.08429	0.161757
150.828	-0.372362	0.803678	0.156608	-0.379757	1.08605	0.154395	-0.779156	1.08433	0.161781
150.979	-0.372366	0.803662	0.156629	-0.37976	1.08602	0.154379	-0.779201	1.08428	0.161756
151.183	-0.37235	0.803618	0.156621	-0.379705	1.08598	0.15428	-0.779204	1.08428	0.161776
151.32	-0.372353	0.803629	0.156612	-0.379906	1.0861	0.154588	-0.7792	1.08428	0.161772
151.495	-0.372351	0.803639	0.156626	-0.379931	1.08611	0.15464	-0.779182	1.08428	0.16177
151.751	-0.37236	0.803679	0.156634	-0.379936	1.08615	0.154639	-0.77918	1.08429	0.161774
151.935	-0.372379	0.803723	0.156704	-0.379979	1.08621	0.154708	-0.779119	1.08423	0.161636
152.113	-0.372438	0.803752	0.156785	-0.380048	1.08626	0.154806	-0.77914	1.08423	0.161633
152.249	-0.372462	0.803752	0.156874	-0.380185	1.08635	0.155005	-0.779139	1.08424	0.161643
152.429	-0.372481	0.80375	0.156883	-0.380207	1.08632	0.155058	-0.779138	1.08428	0.161694
152.651	-0.372476	0.803739	0.156892	-0.380203	1.08634	0.155041	-0.779178	1.08428	0.161708
152.837	-0.372385	0.803622	0.156675	-0.380218	1.08633	0.155073	-0.77902	1.08428	0.161541
153.015	-0.372398	0.803656	0.156663	-0.380205	1.08633	0.15506	-0.778958	1.08439	0.161469
153.191	-0.372357	0.803631	0.156601	-0.379892	1.08613	0.154606	-0.778794	1.08453	0.161468
153.324	-0.372353	0.803667	0.156601	-0.379916	1.08623	0.154635	-0.77879	1.08452	0.161466
153.51	-0.372185	0.803639	0.156462	-0.379685	1.08585	0.154307	-0.779011	1.08436	0.161474
153.693	-0.372288	0.803618	0.156539	-0.379674	1.08606	0.154264	-0.779009	1.08439	0.161477
153.876	-0.37229	0.80367	0.156572	-0.379751	1.08618	0.154369	-0.779036	1.08439	0.16148
154.055	-0.372169	0.803726	0.156505	-0.379813	1.08632	0.154474	-0.779014	1.08443	0.161511
154.248	-0.372154	0.803726	0.156473	-0.379883	1.08637	0.154566	-0.779045	1.08443	0.161506
154.384	-0.372302	0.803675	0.156597	-0.379854	1.08622	0.154528	-0.779033	1.08442	0.161516
154.563	-0.372299	0.803676	0.156589	-0.379778	1.08606	0.154408	-0.779018	1.08443	0.161485
154.761	-0.372309	0.803728	0.156648	-0.379797	1.08601	0.154453	-0.779005	1.08441	0.161505
154.986	-0.372325	0.803704	0.156632	-0.379838	1.08597	0.154467	-0.779006	1.08438	0.161466
155.239	-0.372422	0.803779	0.156627	-0.37994	1.08604	0.15462	-0.778995	1.08437	0.161472
155.516	-0.372515	0.803788	0.156634	-0.379912	1.08599	0.154594	-0.77898	1.08436	0.161464
155.728	-0.37274	0.803887	0.156706	-0.379907	1.08606	0.154622	-0.77899	1.08435	0.161482
155.882	-0.372534	0.803993	0.15653	-0.379867	1.08595	0.154566	-0.778977	1.08437	0.161485
156.109	-0.372454	0.804059	0.156398	-0.379868	1.08606	0.154579	-0.778982	1.08435	0.16149
156.31	-0.372492	0.804027	0.156404	-0.379858	1.08599	0.154551	-0.77899	1.08435	0.161481
156.488	-0.372497	0.804052	0.156404	-0.379935	1.08606	0.154662	-0.778993	1.08434	0.161469
156.666	-0.372541	0.80403	0.156409	-0.379914	1.08607	0.15463	-0.778988	1.08436	0.161481
156.797	-0.372544	0.804048	0.156415	-0.379935	1.08612	0.154669	-0.778986	1.08435	0.161491
157.029	-0.372612	0.803947	0.15633	-0.379828	1.08607	0.154522	-0.77899	1.08438	0.161514
157.167	-0.372179	0.804281	0.156403	-0.379823	1.08608	0.154544	-0.779002	1.08436	0.161491
157.202	-0.372168	0.804293	0.156389	-0.379748	1.08607	0.154459	-0.778988	1.08441	0.161503
157.329	-0.372168	0.804293	0.156389	-0.379748	1.08607	0.154459	-0.778988	1.08441	0.161503
157.394	-0.371912	0.804042	0.156365	-0.380316	1.08623	0.154952	-0.778999	1.08441	0.161527
157.576	-0.371936	0.80404	0.15639	-0.380628	1.08652	0.155051	-0.779011	1.08441	0.161511
157.728	-0.371908	0.803998	0.156363	-0.380093	1.0863	0.154774	-0.779024	1.08447	0.161531
157.951	-0.371899	0.803995	0.156339	-0.380069	1.08609	0.154722	-0.779008	1.08444	0.161545
158.135	-0.371976	0.803918	0.156499	-0.379993	1.08628	0.154677	-0.779016	1.08442	0.161526
158.312	-0.372269	0.803618	0.156407	-0.379764	1.08622	0.154678	-0.77899	1.08442	0.161521
158.493	-0.372297	0.803614	0.156447	-0.379775	1.08628	0.154647	-0.779006	1.0844	0.161514
158.671	-0.372268	0.803654	0.156475	-0.379818	1.08631	0.154518	-0.77901	1.08442	0.161516
158.852	-0.372252	0.803703	0.156484	-0.37979	1.08624	0.15445	-0.778995	1.08438	0.161505
159.073	-0.37227	0.803657	0.156466	-0.379736	1.08617	0.154388	-0.778997	1.08439	0.161515
159.258	-0.372253	0.803701	0.156497	-0.379695	1.0861	0.154324	-0.779001	1.08437	0.161511
159.436	-0.372438	0.803643	0.156586	-0.37967	1.08607	0.154313	-0.779007	1.08438	0.161513
159.616	-0.37236	0.803653	0.156546	-0.379641	1.08606	0.154247	-0.779007	1.08438	0.161504
159.809	-0.372357	0.803636	0.156545	-0.379657	1.08604	0.154256	-0.779026	1.08435	0.16149
160.027	-0.37233	0.803655	0.15654	-0.379676	1.08604	0.154232	-0.779027	1.08436	0.161491
160.177	-0.372329	0.803701	0.156608	-0.379656	1.08603	0.154222	-0.77903	1.08437	0.161493
160.408	-0.372302	0.803692	0.156569	-0.379654	1.08603	0.154258	-0.778993	1.08439	0.161509
160.584	-0.372152	0.803744	0.156511	-0.379668	1.08599	0.154269	-0.779022	1.08437	0.1615
160.763	-0.372168	0.803756	0.156489	-0.379662	1.08587	0.154294	-0.779003	1.08435	0.161468
160.941	-0.372312	0.803725	0.156579	-0.379899	1.08618	0.154591	-0.779014	1.08436	0.161485
161.162	-0.372319	0.803721	0.156612	-0.379904	1.0862	0.154628	-0.779028	1.08434	0.161461
161.344	-0.372261	0.803769	0.156559	-0.379928	1.08617	0.154603	-0.778831	1.08451	0.161476
161.532	-0.372257	0.803768	0.156582	-0.379924	1.08619	0.154626	-0.778837	1.08452	0.161459
161.711	-0.372395	0.803692	0.156619	-0.379934	1.08618	0.154615	-0.779044	1.08434	0.161436
161.891	-0.372392	0.803646	0.156606	-0.379929	1.08618	0.154628	-0.778999	1.08442	0.161507
162.043	-0.372422	0.803664	0.156702	-0.379936	1.08618	0.15461	-0.779032	1.08442	0.16152
162.247	-0.37239	0.803587	0.156631	-0.379927	1.08615	0.15459	-0.779059	1.08439	0.16153
162.431	-0.372392	0.803632	0.156703	-0.379916	1.08611	0.154587	-0.779035	1.08438	0.161498
162.62	-0.372411	0.803593	0.156679	-0.37988	1.0861	0.154535	-0.779019	1.0844	0.16148
162.802	-0.372491	0.803816	0.156847	-0.379841	1.08605	0.154486	-0.779011	1.08441	0.161469
162.98	-0.372395	0.803606	0.15664	-0.379838	1.08602	0.154482	-0.779006	1.0844	0.161483
163.116	-0.372371	0.803616	0.156674	-0.379806	1.086	0.154443	-0.779011	1.08436	0.161454
163.297	-0.372393	0.803652	0.156687	-0.379809	1.08599	0.154435	-0.779082	1.08427	0.161593
163.518	-0.372404	0.803688	0.15668	-0.379797	1.08617	0.154469	-0.779101	1.08433	0.161634
163.707	-0.372419	0.803657	0.156669	-0.379806	1.0861	0.154462	-0.77911	1.08434	0.161637
163.886	-0.372375	0.803704	0.156627	-0.379915	1.08612	0.154604	-0.779134	1.0843	0.161632
164.072	-0.372351	0.803678	0.156619	-0.379891	1.08613	0.15458	-0.779192	1.0843	0.161756
164.252	-0.372335	0.803608	0.156565	-0.379857	1.08611	0.154578	-0.779189	1.08431	0.16174
164.43	-0.372493	0.803882	0.156641	-0.37986	1.08608	0.154597	-0.779217	1.08428	0.161741
164.66	-0.372499	0.803891	0.156663	-0.37986	1.0861	0.154561	-0.779179	1.08432	0.161738
164.849	-0.372487	0.803907	0.156651	-0.379718	1.08609	0.154409	-0.779201	1.08426	0.161695
165.029	-0.3725	0.803903	0.156666	-0.3797	1.08609	0.154393	-0.779217	1.08429	0.161716
165.211	-0.37251	0.803912	0.156691	-0.379742	1.08608	0.154427	-0.779198	1.08429	0.161735
165.39	-0.372508	0.803924	0.156704	-0.379714	1.08609	0.15439	-0.779137	1.08458	0.161666
165.569	-0.372497	0.803923	0.156671	-0.379746	1.08609	0.154412	-0.779086	1.08447	0.161597
165.79	-0.372507	0.803931	0.156675	-0.379717	1.08607	0.154399	-0.779095	1.08442	0.161604
166.014	-0.3725	0.803921	0.156717	-0.379772	1.08608	0.15442	-0.779091	1.08443	0.161631
166.155	-0.372514	0.803915	0.156724	-0.37977	1.08609	0.154437	-0.779084	1.08443	0.161614
166.459	-0.372477	0.803925	0.156714	-0.379781	1.08607	0.154441	-0.779087	1.08439	0.161589
166.665	-0.372509	0.803912	0.15674	-0.379772	1.08606	0.154435	-0.779077	1.0844	0.161591
166.936	-0.372502	0.803901	0.156705	-0.379792	1.08607	0.15445	-0.779086	1.08441	0.161619
167.125	-0.37247	0.803894	0.156704	-0.379803	1.08613	0.154473	-0.779106	1.08441	0.161605
167.313	-0.37249	0.803874	0.156749	-0.379803	1.08613	0.154495	-0.779106	1.0844	0.161601
167.493	-0.372467	0.803875	0.156794	-0.379774	1.08594	0.154446	-0.779099	1.08438	0.161587
167.671	-0.372278	0.803779	0.15679	-0.379785	1.08594	0.154468	-0.77908	1.0844	0.16161
167.851	-0.372563	0.803916	0.156796	-0.37977	1.08595	0.154486	-0.77909	1.08438	0.161594
168.029	-0.37256	0.803931	0.156799	-0.379805	1.08598	0.154527	-0.779078	1.08438	0.161591
168.21	-0.372536	0.803952	0.156802	-0.379803	1.08598	0.154557	-0.779049	1.08439	0.161593
168.397	-0.372558	0.803954	0.156768	-0.379813	1.08602	0.154566	-0.77905	1.08436	0.161596
168.612	-0.372568	0.803969	0.156761	-0.379848	1.08606	0.154593	-0.779039	1.08436	0.161585
168.791	-0.372521	0.803985	0.156753	-0.379856	1.08608	0.154597	-0.779036	1.08432	0.161548
168.974	-0.372525	0.803957	0.156733	-0.37986	1.08611	0.154617	-0.779024	1.08427	0.161509
169.155	-0.372343	0.803734	0.156494	-0.379868	1.08614	0.154619	-0.778956	1.08421	0.161398
169.374	-0.372314	0.803728	0.15644	-0.379873	1.08613	0.154625	-0.77893	1.0841	0.161293
169.559	-0.372123	0.803689	0.156442	-0.379878	1.08611	0.154612	-0.779112	1.08428	0.16169
169.739	-0.372179	0.803766	0.156462	-0.379867	1.08614	0.154626	-0.779142	1.08429	0.1617
169.918	-0.37198	0.803605	0.15636	-0.379837	1.08612	0.154596	-0.779159	1.08428	0.161726
170.097	-0.371985	0.80369	0.156284	-0.379842	1.08615	0.15461	-0.779155	1.08429	0.161705
170.314	-0.372286	0.803901	0.156258	-0.379825	1.08614	0.154603	-0.779106	1.08433	0.16169
170.459	-0.372374	0.803837	0.156344	-0.379807	1.08614	0.154588	-0.779124	1.08429	0.161665
170.685	-0.372286	0.803772	0.156419	-0.379836	1.08614	0.15459	-0.778906	1.08449	0.161663
170.864	-0.372014	0.803654	0.156444	-0.379578	1.0858	0.154179	-0.778995	1.08449	0.161772
171.041	-0.372627	0.803903	0.156324	-0.379837	1.08613	0.154554	-0.779004	1.08449	0.161761
171.218	-0.372571	0.803929	0.15634	-0.379595	1.086	0.154191	-0.779272	1.08415	0.161675
171.397	-0.37249	0.803939	0.156359	-0.37965	1.08601	0.15421	-0.779224	1.08427	0.161735
171.637	-0.372485	0.803949	0.156342	-0.379667	1.08604	0.154217	-0.779198	1.08428	0.161747
171.825	-0.372596	0.804098	0.156064	-0.379679	1.08606	0.154232	-0.779128	1.0843	0.161644
172.004	-0.372517	0.803992	0.156083	-0.379697	1.08607	0.154252	-0.779132	1.08431	0.161651
172.173	-0.372439	0.803957	0.156095	-0.379697	1.08607	0.154231	-0.779155	1.08428	0.161687
172.35	-0.372454	0.80391	0.15613	-0.379714	1.08609	0.154258	-0.779172	1.08427	0.161686
172.545	-0.372433	0.803917	0.15615	-0.379705	1.08611	0.154243	-0.779137	1.08429	0.161673
172.73	-0.372166	0.803923	0.155989	-0.379718	1.08609	0.154233	-0.779125	1.0843	0.161676
172.917	-0.372416	0.803892	0.156147	-0.379712	1.08612	0.154256	-0.779118	1.08432	0.161631
172.944	-0.372405	0.803909	0.156154	-0.379689	1.0861	0.154252	-0.779221	1.08428	0.161805
173.155	-0.372405	0.803909	0.156154	-0.379689	1.0861	0.154252	-0.779221	1.08428	0.161805
173.335	-0.372469	0.804006	0.156124	-0.379711	1.08611	0.154284	-0.779205	1.08428	0.161806
173.515	-0.372383	0.803773	0.156379	-0.379697	1.08613	0.154254	-0.779223	1.08429	0.161795
173.739	-0.372406	0.803796	0.156417	-0.379698	1.08612	0.154255	-0.779222	1.0843	0.161807
173.928	-0.372435	0.803769	0.156419	-0.379716	1.08612	0.154271	-0.77924	1.08426	0.161788
174.107	-0.371918	0.803339	0.156511	-0.379697	1.08613	0.154257	-0.779211	1.08429	0.161798
174.284	-0.372045	0.803451	0.15648	-0.379697	1.08616	0.154262	-0.779195	1.08431	0.161817
174.463	-0.37204	0.803506	0.156465	-0.379729	1.08605	0.154253	-0.779178	1.0843	0.16178
174.641	-0.372031	0.803501	0.156449	-0.3797	1.08605	0.154255	-0.779196	1.08433	0.16181
174.866	-0.37205	0.803528	0.156453	-0.379692	1.08605	0.154257	-0.779178	1.08434	0.161831
175.053	-0.372081	0.803469	0.156435	-0.379694	1.08604	0.154252	-0.779178	1.08432	0.161795
175.215	-0.372038	0.803475	0.156458	-0.379705	1.08603	0.154243	-0.779205	1.0843	0.161764
175.415	-0.371983	0.803503	0.156427	-0.379673	1.08603	0.154242	-0.779195	1.08431	0.161787
175.6	-0.372104	0.803678	0.156228	-0.379671	1.08603	0.154201	-0.779202	1.0843	0.16177
175.778	-0.372009	0.803514	0.156334	-0.379689	1.08602	0.154231	-0.779184	1.08432	0.161776
176.002	-0.372465	0.803835	0.156343	-0.379657	1.08604	0.154183	-0.779206	1.0843	0.161743
176.189	-0.372405	0.803795	0.15637	-0.379542	1.08594	0.154035	-0.77918	1.08433	0.161763
176.359	-0.372378	0.803806	0.156425	-0.379507	1.08587	0.153995	-0.7792	1.08431	0.161761
176.528	-0.372341	0.803794	0.156367	-0.37948	1.08591	0.153946	-0.77921	1.08435	0.161779
176.692	-0.372377	0.803824	0.156413	-0.379446	1.08575	0.153899	-0.779209	1.08431	0.161743
176.86	-0.37236	0.803847	0.156392	-0.379543	1.08588	0.154047	-0.779204	1.08431	0.161753
177.034	-0.372383	0.803861	0.156398	-0.379686	1.08595	0.154196	-0.779202	1.08434	0.161771
177.265	-0.37237	0.803885	0.156432	-0.379701	1.08594	0.154252	-0.77921	1.08435	0.161768
177.527	-0.372415	0.80388	0.156399	-0.379718	1.08597	0.154267	-0.779207	1.08432	0.161742
177.764	-0.372467	0.803921	0.1564	-0.379741	1.08603	0.154341	-0.77914	1.08431	0.161606
177.947	-0.372512	0.803955	0.156394	-0.379719	1.08601	0.154318	-0.779115	1.08431	0.161628
178.14	-0.372628	0.80402	0.156432	-0.379742	1.08602	0.154359	-0.779155	1.0843	0.161607
178.364	-0.372817	0.804064	0.156483	-0.379709	1.08604	0.154367	-0.779143	1.08433	0.161632
178.542	-0.372478	0.803988	0.156346	-0.379711	1.08606	0.154385	-0.779129	1.08434	0.161651
178.728	-0.372486	0.803958	0.156328	-0.379692	1.08615	0.15439	-0.77915	1.08433	0.161639
178.905	-0.372492	0.803958	0.156337	-0.37966	1.08608	0.154337	-0.779137	1.08433	0.161614
179.111	-0.37247	0.803944	0.156323	-0.379649	1.08606	0.154319	-0.779141	1.08433	0.161629
179.287	-0.37247	0.803927	0.156304	-0.379622	1.08603	0.154252	-0.779167	1.08428	0.16165
179.508	-0.37247	0.803876	0.156325	-0.379624	1.08603	0.154261	-0.779212	1.08434	0.161755
179.699	-0.37244	0.803947	0.156385	-0.379615	1.08602	0.154247	-0.779232	1.08432	0.161729
179.867	-0.372446	0.803957	0.156395	-0.379637	1.08601	0.15424	-0.779039	1.08454	0.161775
180.039	-0.372505	0.803928	0.156409	-0.379641	1.08603	0.154239	-0.779026	1.08453	0.161752
180.176	-0.372544	0.803871	0.156365	-0.379635	1.08603	0.154227	-0.77904	1.08455	0.161772
180.394	-0.372554	0.803887	0.156379	-0.37965	1.08601	0.154246	-0.779038	1.08456	0.161777
180.581	-0.372227	0.803967	0.156247	-0.379625	1.08598	0.154208	-0.779214	1.08435	0.161756
180.758	-0.372265	0.804021	0.156273	-0.379857	1.08612	0.154558	-0.77921	1.08439	0.161805
180.942	-0.372518	0.803968	0.156393	-0.379624	1.08582	0.15422	-0.779246	1.08437	0.161801
181.122	-0.37251	0.803943	0.156386	-0.379603	1.08578	0.154175	-0.779234	1.08443	0.161761
181.26	-0.372543	0.803969	0.156404	-0.379862	1.08613	0.15457	-0.779062	1.08436	0.161454
181.453	-0.372553	0.804007	0.156394	-0.379878	1.08616	0.154559	-0.779077	1.08438	0.161522
181.681	-0.372581	0.804029	0.156429	-0.379876	1.08615	0.15459	-0.779107	1.08437	0.161509
181.851	-0.372597	0.80405	0.15646	-0.37989	1.08615	0.154582	-0.779104	1.08437	0.161508
182.035	-0.372623	0.80404	0.156471	-0.379906	1.08616	0.15458	-0.779123	1.08436	0.161512
182.189	-0.372603	0.804044	0.156469	-0.379896	1.08617	0.15461	-0.779101	1.0844	0.161556
182.325	-0.372594	0.804039	0.156461	-0.379903	1.08617	0.154616	-0.779123	1.08439	0.161575
182.503	-0.372585	0.80402	0.156449	-0.379883	1.08616	0.154628	-0.779095	1.08441	0.161588
182.729	-0.372625	0.804056	0.15648	-0.379884	1.08617	0.154628	-0.779118	1.08441	0.161595
182.909	-0.372619	0.804004	0.156474	-0.379888	1.08617	0.154634	-0.779119	1.08438	0.161586
183.151	-0.372629	0.80401	0.156465	-0.379862	1.08615	0.154612	-0.779096	1.0844	0.161575
183.201	-0.372629	0.80401	0.156465	-0.379862	1.08615	0.154612	-0.779096	1.0844	0.161575
183.24	-0.372629	0.80401	0.156465	-0.379862	1.08615	0.154612	-0.779096	1.0844	0.161575
183.279	-0.372629	0.80401	0.156465	-0.379862	1.08615	0.154612	-0.779096	1.0844	0.161575
183.308	-0.372629	0.80401	0.156465	-0.379862	1.08615	0.154612	-0.779096	1.0844	0.161575
183.327	-0.372629	0.80401	0.156465	-0.379862	1.08615	0.154612	-0.779096	1.0844	0.161575
183.378	-0.372629	0.80401	0.156465	-0.379862	1.08615	0.154612	-0.779096	1.0844	0.161575
183.411	-0.372629	0.80401	0.156465	-0.379862	1.08615	0.154612	-0.779096	1.0844	0.161575
183.434	-0.372629	0.80401	0.156465	-0.379862	1.08615	0.154612	-0.779096	1.0844	0.161575
183.455	-0.372629	0.80401	0.156465	-0.379862	1.08615	0.154612	-0.779096	1.0844	0.161575
184.251	-0.372629	0.80401	0.156465	-0.379862	1.08615	0.154612	-0.779096	1.0844	0.161575
