Time      x1      y1      z1	x2	y2	z2	x3	y3	z3	x4	y4	z4
11.961	6.93137e-310	6.93137e-310	2.122e-314	3.135e-317	1.5316e-322	6.93137e-310	0	0	0
12.012	6.93137e-310	6.93137e-310	2.122e-314	3.135e-317	1.5316e-322	6.93137e-310	0	0	0
12.092	6.93137e-310	6.93137e-310	2.122e-314	3.135e-317	1.5316e-322	6.93137e-310	0	0	0
12.153	6.93137e-310	6.93137e-310	2.122e-314	3.135e-317	1.5316e-322	6.93137e-310	0	0	0
12.223	6.93137e-310	6.93137e-310	2.122e-314	3.135e-317	1.5316e-322	6.93137e-310	0	0	0
12.281	6.93137e-310	6.93137e-310	2.122e-314	3.135e-317	1.5316e-322	6.93137e-310	0	0	0
12.369	6.93137e-310	6.93137e-310	2.122e-314	3.135e-317	1.5316e-322	6.93137e-310	0	0	0
12.436	6.93137e-310	6.93137e-310	2.122e-314	3.135e-317	1.5316e-322	6.93137e-310	0	0	0
12.648	6.93137e-310	6.93137e-310	2.122e-314	3.135e-317	1.5316e-322	6.93137e-310	0	0	0
12.674	6.93137e-310	6.93137e-310	2.122e-314	3.135e-317	1.5316e-322	6.93137e-310	0	0	0
12.697	6.93137e-310	6.93137e-310	2.122e-314	3.135e-317	1.5316e-322	6.93137e-310	0	0	0
12.72	6.93137e-310	6.93137e-310	2.122e-314	3.135e-317	1.5316e-322	6.93137e-310	0	0	0
12.772	6.93137e-310	6.93137e-310	2.122e-314	3.135e-317	1.5316e-322	6.93137e-310	0	0	0
12.843	6.93137e-310	6.93137e-310	2.122e-314	3.135e-317	1.5316e-322	6.93137e-310	0	0	0
13.934	6.93137e-310	6.93137e-310	2.122e-314	3.135e-317	1.5316e-322	6.93137e-310	0	0	0
14.159	-1.79452	0.984702	0.14977	-1.78586	1.26618	0.145579	-2.18562	1.28618	0.152733
14.363	-1.79526	0.985159	0.150855	-1.7859	1.2661	0.145632	-2.18561	1.2862	0.152827
14.583	-1.79518	0.985114	0.150716	-1.78595	1.26608	0.145622	-2.18536	1.28677	0.15318
14.814	-1.79417	0.984042	0.148825	-1.78595	1.26605	0.145622	-2.18534	1.28672	0.153075
15	-1.79425	0.984191	0.149063	-1.78603	1.26613	0.14578	-2.18536	1.28667	0.153076
15.277	-1.79429	0.984168	0.149116	-1.78569	1.26644	0.145705	-2.18544	1.28663	0.153202
15.491	-1.7942	0.984167	0.148991	-1.78568	1.26647	0.145747	-2.18558	1.28619	0.152744
15.69	-1.79423	0.984201	0.149023	-1.78568	1.26648	0.145736	-2.18558	1.28615	0.15273
15.949	-1.79433	0.984242	0.149176	-1.78577	1.26644	0.145782	-2.18546	1.28654	0.153055
16.209	-1.79437	0.984267	0.149253	-1.78588	1.26631	0.145794	-2.18548	1.2865	0.153054
16.411	-1.7943	0.984298	0.149152	-1.7859	1.26628	0.14582	-2.18562	1.28622	0.152845
16.639	-1.79435	0.984327	0.14926	-1.78597	1.26655	0.146108	-2.18562	1.2862	0.152878
16.809	-1.79446	0.984392	0.149445	-1.78608	1.26618	0.145817	-2.18548	1.28652	0.153135
17.003	-1.79437	0.98437	0.149336	-1.78607	1.2662	0.145859	-2.18566	1.28618	0.152911
17.218	-1.79432	0.984409	0.149249	-1.78494	1.26623	0.144747	-2.18561	1.28618	0.152816
17.489	-1.79442	0.984395	0.149404	-1.78507	1.2662	0.14494	-2.18546	1.28649	0.153055
17.692	-1.79448	0.98441	0.149472	-1.78516	1.26623	0.145097	-2.18551	1.28654	0.153176
17.881	-1.79435	0.984379	0.149299	-1.78518	1.26626	0.145149	-2.18564	1.28614	0.152824
18.053	-1.79436	0.984373	0.149272	-1.78514	1.26626	0.145114	-2.18562	1.28617	0.152837
18.203	-1.79444	0.984354	0.149381	-1.78531	1.26629	0.145339	-2.18551	1.28648	0.153111
18.395	-1.79443	0.984338	0.149307	-1.7853	1.26629	0.145322	-2.18564	1.2862	0.152978
18.59	-1.79425	0.984219	0.14903	-1.78521	1.26628	0.145209	-2.18562	1.28625	0.152911
18.75	-1.79439	0.984342	0.149296	-1.78527	1.26623	0.145257	-2.18545	1.28652	0.152993
19.019	-1.79447	0.984333	0.14941	-1.78535	1.26616	0.145374	-2.18552	1.28651	0.153163
19.229	-1.79434	0.98432	0.149253	-1.78639	1.26632	0.146507	-2.18565	1.28618	0.152894
19.404	-1.79434	0.984321	0.149227	-1.78527	1.26615	0.145254	-2.18564	1.28615	0.152842
19.586	-1.79442	0.984314	0.149337	-1.78643	1.26627	0.146506	-2.18549	1.28651	0.153065
19.772	-1.79441	0.984318	0.149342	-1.78648	1.26627	0.146559	-2.18551	1.28652	0.153148
19.976	-1.79433	0.984279	0.149229	-1.78533	1.26606	0.145387	-2.18566	1.28614	0.152895
20.173	-1.79438	0.984305	0.149266	-1.78535	1.26606	0.145382	-2.18568	1.28614	0.152905
20.354	-1.79443	0.984301	0.149316	-1.78537	1.26613	0.145447	-2.18551	1.28646	0.15309
20.505	-1.79435	0.984278	0.149189	-1.78587	1.26611	0.145517	-2.18567	1.28614	0.152857
20.657	-1.79423	0.984126	0.148931	-1.78583	1.26613	0.145524	-2.18564	1.28614	0.152841
20.865	-1.79428	0.984083	0.149004	-1.78582	1.26645	0.145867	-2.18548	1.28648	0.153111
21.133	-1.79427	0.984113	0.148993	-1.78623	1.26675	0.146504	-2.18548	1.28646	0.153109
21.329	-1.79419	0.984083	0.148879	-1.78611	1.26639	0.146153	-2.18566	1.28613	0.152867
21.54	-1.79422	0.984064	0.148901	-1.78651	1.26667	0.146769	-2.18548	1.28649	0.153014
21.793	-1.79428	0.984101	0.148951	-1.78606	1.26636	0.146103	-2.18551	1.28646	0.153071
22.008	-1.7942	0.984067	0.14887	-1.78603	1.26635	0.146091	-2.18568	1.28616	0.152879
22.213	-1.79416	0.984041	0.148794	-1.78602	1.26639	0.146052	-2.18568	1.28616	0.15288
22.443	-1.79425	0.984053	0.148953	-1.78595	1.26637	0.145936	-2.18551	1.28649	0.153121
22.693	-1.79441	0.984601	0.149523	-1.7859	1.26638	0.145823	-2.18547	1.28649	0.153056
22.923	-1.79394	0.983912	0.148469	-1.78584	1.26637	0.145736	-2.18569	1.28614	0.152909
23.151	-1.79419	0.984381	0.149108	-1.78633	1.26657	0.146486	-2.18569	1.28619	0.152961
23.363	-1.79418	0.984338	0.149098	-1.78585	1.26635	0.145746	-2.18553	1.28644	0.153084
23.608	-1.79416	0.984388	0.149088	-1.78575	1.26637	0.145651	-2.18565	1.28617	0.152857
23.962	-1.79432	0.984492	0.149381	-1.78574	1.26635	0.1456	-2.18545	1.28646	0.152937
24.139	-1.79421	0.984412	0.149186	-1.78572	1.2663	0.145579	-2.18552	1.28648	0.15308
24.347	-1.7944	0.984554	0.149494	-1.78558	1.26631	0.145381	-2.18553	1.2865	0.153099
24.651	-1.79432	0.984634	0.149474	-1.78614	1.26641	0.146246	-2.18566	1.28614	0.152765
24.902	-1.79411	0.983997	0.148757	-1.78617	1.26649	0.146265	-2.18565	1.28615	0.152819
25.176	-1.7942	0.984077	0.148924	-1.78621	1.26651	0.14637	-2.18553	1.28649	0.153037
25.415	-1.79418	0.984081	0.148892	-1.78584	1.26636	0.145805	-2.18548	1.28649	0.152988
25.667	-1.79411	0.984112	0.148822	-1.78584	1.26642	0.145807	-2.18562	1.28613	0.152717
25.877	-1.79421	0.984137	0.148972	-1.78591	1.26643	0.145898	-2.18552	1.28648	0.153044
26.059	-1.79423	0.984185	0.149013	-1.78588	1.26646	0.145835	-2.18548	1.28653	0.152995
26.25	-1.79419	0.984197	0.148952	-1.78584	1.26649	0.145835	-2.18544	1.28657	0.152995
26.441	-1.79421	0.984215	0.148985	-1.78583	1.26656	0.145875	-2.18542	1.28666	0.153098
26.65	-1.79431	0.984236	0.149151	-1.78596	1.26661	0.146138	-2.18544	1.2867	0.153278
26.906	-1.79429	0.984249	0.14914	-1.78566	1.26646	0.145663	-2.1854	1.28671	0.153218
27.124	-1.7943	0.984401	0.149288	-1.78562	1.26644	0.145602	-2.18561	1.28613	0.152638
27.366	-1.79436	0.984421	0.14938	-1.78562	1.26645	0.145637	-2.18561	1.28617	0.152723
27.528	-1.79445	0.984426	0.149499	-1.78571	1.26643	0.145777	-2.18567	1.28617	0.152854
27.761	-1.79435	0.984438	0.149346	-1.78563	1.26641	0.145612	-2.18561	1.28622	0.152764
28.084	-1.7943	0.98442	0.149292	-1.78558	1.26643	0.145578	-2.18548	1.28623	0.152552
28.322	-1.79441	0.98442	0.149393	-1.78561	1.26641	0.145644	-2.18551	1.28625	0.152686
28.454	-1.79442	0.9844	0.149394	-1.7856	1.26639	0.145642	-2.18555	1.28627	0.152723
28.64	-1.79431	0.984402	0.149268	-1.78555	1.26638	0.145545	-2.18548	1.28624	0.152566
28.866	-1.79436	0.9844	0.149331	-1.78561	1.26643	0.145621	-2.18549	1.28629	0.152635
29.092	-1.79444	0.984395	0.149409	-1.78565	1.26642	0.145698	-2.18548	1.28637	0.152875
29.353	-1.79436	0.984388	0.149322	-1.78566	1.26642	0.145731	-2.18549	1.28638	0.152797
29.571	-1.79432	0.984405	0.149263	-1.78556	1.26648	0.145554	-2.18543	1.28638	0.152671
29.756	-1.79442	0.984382	0.14939	-1.78563	1.26647	0.145697	-2.18564	1.28613	0.152781
29.895	-1.79442	0.984401	0.149416	-1.78569	1.26646	0.145743	-2.18567	1.28616	0.152816
30.049	-1.79434	0.984381	0.14927	-1.78564	1.26646	0.145639	-2.18561	1.28616	0.152711
30.265	-1.79434	0.984392	0.149287	-1.78562	1.26647	0.145603	-2.18543	1.28643	0.152769
30.433	-1.79444	0.984407	0.149459	-1.78571	1.26653	0.145772	-2.18567	1.28616	0.152814
30.588	-1.79444	0.984414	0.149454	-1.78575	1.26648	0.145778	-2.18551	1.28633	0.152766
30.78	-1.79434	0.984409	0.149306	-1.78568	1.26651	0.145647	-2.18543	1.28626	0.15256
30.905	-1.79439	0.984421	0.149417	-1.78567	1.26648	0.145668	-2.18551	1.28627	0.152671
31.077	-1.79445	0.984405	0.149472	-1.78576	1.26647	0.145742	-2.18558	1.28626	0.152816
31.272	-1.79439	0.984398	0.149378	-1.78571	1.26647	0.145715	-2.18562	1.28614	0.152765
31.442	-1.79433	0.984413	0.149293	-1.78564	1.26645	0.145568	-2.18556	1.28615	0.152696
31.653	-1.79445	0.984432	0.149442	-1.78566	1.26644	0.145573	-2.18563	1.2862	0.15281
31.783	-1.79446	0.984393	0.149428	-1.78573	1.26645	0.145653	-2.18568	1.28619	0.152887
31.942	-1.79439	0.984407	0.149342	-1.78566	1.26643	0.1456	-2.18562	1.28612	0.152709
32.145	-1.79439	0.984409	0.149381	-1.78561	1.26637	0.145528	-2.18536	1.28669	0.153154
32.396	-1.79449	0.984424	0.149489	-1.78627	1.26666	0.146601	-2.18545	1.28669	0.153282
32.575	-1.79442	0.984383	0.149369	-1.78626	1.26663	0.146563	-2.18544	1.28668	0.153221
32.9	-1.79432	0.984355	0.149229	-1.78611	1.26664	0.14637	-2.18541	1.28663	0.153042
33.131	-1.79434	0.984192	0.149102	-1.78471	1.26645	0.145212	-2.18549	1.2866	0.153143
33.356	-1.79444	0.984312	0.149355	-1.78628	1.26657	0.146516	-2.18554	1.2865	0.153163
33.647	-1.79422	0.984204	0.148971	-1.78624	1.26654	0.146473	-2.18564	1.28616	0.152786
33.918	-1.79419	0.984205	0.148931	-1.78622	1.26652	0.146438	-2.18561	1.28618	0.152761
34.2	-1.7943	0.984176	0.149054	-1.7863	1.26659	0.146486	-2.18548	1.2865	0.153041
34.475	-1.79427	0.984177	0.149017	-1.7863	1.26658	0.146507	-2.18569	1.28619	0.152959
34.739	-1.79419	0.984165	0.148894	-1.78623	1.26659	0.146421	-2.18561	1.28618	0.152761
34.949	-1.79425	0.98417	0.14899	-1.78628	1.26659	0.146457	-2.18549	1.2865	0.153024
35.136	-1.79429	0.984142	0.149019	-1.78626	1.26656	0.146459	-2.1855	1.28652	0.153122
35.408	-1.79422	0.984157	0.148953	-1.78573	1.26641	0.145598	-2.18566	1.28619	0.152894
35.589	-1.79419	0.984145	0.148906	-1.78517	1.26648	0.145276	-2.1856	1.28621	0.152838
35.856	-1.79429	0.984152	0.149034	-1.78527	1.26649	0.145377	-2.18553	1.28652	0.153132
36.087	-1.79435	0.984295	0.149251	-1.78527	1.26643	0.145355	-2.18569	1.28618	0.1529
36.293	-1.79429	0.984297	0.149152	-1.7852	1.26642	0.145271	-2.1854	1.28646	0.152877
36.521	-1.79434	0.984289	0.14922	-1.78524	1.26643	0.145337	-2.18561	1.2862	0.152842
36.736	-1.79444	0.984323	0.14938	-1.78542	1.26641	0.145552	-2.18556	1.28651	0.153173
37.017	-1.79436	0.984334	0.149299	-1.7854	1.26642	0.145532	-2.18565	1.28619	0.15292
37.239	-1.79432	0.984323	0.149226	-1.78495	1.26654	0.145156	-2.18563	1.28617	0.152796
37.462	-1.79443	0.984357	0.14936	-1.785	1.26653	0.14524	-2.1855	1.28647	0.153019
37.648	-1.79443	0.984347	0.149389	-1.78524	1.26621	0.145208	-2.18552	1.2865	0.15314
37.859	-1.79433	0.984348	0.149254	-1.78513	1.26615	0.145017	-2.18567	1.28616	0.152856
38.115	-1.79434	0.984364	0.149282	-1.78513	1.26618	0.145032	-2.18563	1.28616	0.152811
38.38	-1.79444	0.984372	0.149413	-1.7852	1.26623	0.145164	-2.18552	1.28649	0.153091
38.61	-1.79438	0.98437	0.149353	-1.78528	1.26619	0.145257	-2.18569	1.28615	0.152913
38.811	-1.79434	0.98435	0.149253	-1.78516	1.26617	0.145071	-2.18563	1.28621	0.152887
39.042	-1.79441	0.984381	0.14936	-1.78524	1.26623	0.14521	-2.18547	1.28655	0.153062
39.307	-1.79444	0.984363	0.149357	-1.78528	1.26621	0.145242	-2.1855	1.28652	0.1531
39.578	-1.79434	0.984338	0.149268	-1.78525	1.26617	0.145194	-2.18571	1.28613	0.152885
39.842	-1.79434	0.98436	0.149279	-1.78516	1.26615	0.145054	-2.18563	1.28618	0.152888
40.113	-1.79445	0.984387	0.149394	-1.78523	1.26622	0.145195	-2.18551	1.28653	0.153129
40.317	-1.79439	0.984373	0.149364	-1.78638	1.2663	0.146463	-2.18569	1.2862	0.152983
40.548	-1.79434	0.984378	0.149296	-1.78519	1.26614	0.145107	-2.18565	1.2862	0.1529
40.771	-1.79439	0.98441	0.149366	-1.78517	1.26614	0.145076	-2.18563	1.28619	0.15288
41.02	-1.79446	0.984416	0.149412	-1.78524	1.26616	0.145162	-2.1855	1.28651	0.153103
41.344	-1.7944	0.984394	0.149337	-1.78521	1.26615	0.145178	-2.18565	1.28619	0.152932
41.591	-1.79437	0.984435	0.149347	-1.78515	1.26614	0.14501	-2.18566	1.28618	0.152849
41.795	-1.79446	0.984416	0.149415	-1.78515	1.26613	0.145021	-2.18547	1.28649	0.153056
41.997	-1.79444	0.984445	0.149407	-1.78508	1.26609	0.144903	-2.18566	1.2862	0.152968
42.21	-1.79438	0.984408	0.149314	-1.78502	1.26614	0.144803	-2.18564	1.28621	0.152873
42.445	-1.7944	0.984403	0.149358	-1.78494	1.26618	0.144644	-2.18547	1.28651	0.152956
42.687	-1.79444	0.984415	0.149416	-1.78495	1.26611	0.144711	-2.18549	1.28653	0.153049
42.948	-1.79442	0.984428	0.149367	-1.78498	1.26607	0.144769	-2.18565	1.28616	0.152826
43.15	-1.79438	0.984411	0.149343	-1.78504	1.26606	0.144946	-2.18564	1.28616	0.15285
43.361	-1.79444	0.984417	0.149417	-1.78631	1.26649	0.146449	-2.18548	1.28654	0.153048
43.599	-1.79441	0.984409	0.149374	-1.78633	1.26647	0.146406	-2.18567	1.28616	0.1528
43.829	-1.79434	0.984418	0.149305	-1.78596	1.26628	0.145824	-2.18541	1.28659	0.153027
44.184	-1.79438	0.984407	0.149324	-1.78596	1.26641	0.145934	-2.18544	1.28658	0.153073
44.396	-1.79444	0.9844	0.149398	-1.78595	1.26646	0.146006	-2.18546	1.28663	0.153181
44.567	-1.79438	0.984396	0.149328	-1.78563	1.26644	0.145567	-2.18541	1.28668	0.153115
44.681	-1.79432	0.98439	0.149263	-1.78586	1.26651	0.145908	-2.18537	1.28667	0.153066
44.86	-1.79441	0.984396	0.149374	-1.78564	1.26641	0.145602	-2.1854	1.2867	0.153174
45.131	-1.79443	0.984398	0.1494	-1.78567	1.26653	0.145665	-2.18542	1.28669	0.153179
45.339	-1.79434	0.984392	0.149318	-1.78567	1.2665	0.145656	-2.18538	1.28666	0.153051
45.566	-1.79438	0.984396	0.149332	-1.78559	1.26646	0.145539	-2.18535	1.28669	0.153095
45.791	-1.79444	0.98439	0.149421	-1.78564	1.26646	0.145643	-2.1854	1.2867	0.153178
45.932	-1.79437	0.984389	0.149305	-1.78563	1.26647	0.14559	-2.1856	1.28615	0.152724
46.138	-1.79432	0.984387	0.149256	-1.7856	1.26641	0.14553	-2.18562	1.28612	0.152696
46.366	-1.7944	0.984425	0.149377	-1.78562	1.26644	0.145597	-2.18561	1.28619	0.152774
46.557	-1.79431	0.984248	0.149158	-1.78565	1.26644	0.145634	-2.18563	1.28616	0.152807
46.861	-1.79434	0.984385	0.14929	-1.78562	1.26645	0.145608	-2.18561	1.28615	0.152704
47.122	-1.79425	0.984256	0.149073	-1.78558	1.26645	0.145504	-2.18561	1.28612	0.15265
47.344	-1.7943	0.984259	0.149163	-1.78566	1.26646	0.145623	-2.18564	1.28616	0.15277
47.541	-1.79438	0.984369	0.149313	-1.78565	1.26638	0.145581	-2.18562	1.28616	0.152788
47.761	-1.79431	0.984374	0.149237	-1.7856	1.26642	0.145492	-2.1856	1.28612	0.152646
47.97	-1.79437	0.984378	0.149325	-1.78562	1.26642	0.145525	-2.18562	1.28617	0.152739
48.173	-1.79441	0.984385	0.149355	-1.78567	1.26643	0.145636	-2.18567	1.28616	0.152801
48.378	-1.79432	0.984382	0.149264	-1.78557	1.26645	0.145529	-2.18563	1.28612	0.15266
48.621	-1.79432	0.984384	0.149261	-1.78559	1.26643	0.145471	-2.1856	1.28612	0.152676
48.883	-1.79445	0.984381	0.149405	-1.78565	1.26642	0.14559	-2.18538	1.28669	0.153071
49.095	-1.79441	0.984371	0.149365	-1.78568	1.26644	0.145627	-2.18543	1.28669	0.153195
49.317	-1.79421	0.984228	0.149009	-1.78556	1.26649	0.145506	-2.18536	1.28665	0.153023
49.578	-1.79429	0.984258	0.149083	-1.78562	1.26643	0.145559	-2.1854	1.28669	0.153143
49.755	-1.79435	0.984215	0.149173	-1.78564	1.26649	0.14564	-2.18546	1.28667	0.153229
49.933	-1.79425	0.98423	0.149034	-1.78559	1.26649	0.145568	-2.18541	1.28667	0.15308
50.108	-1.79421	0.984191	0.148951	-1.7856	1.26645	0.145518	-2.18536	1.28664	0.153018
50.318	-1.79432	0.984194	0.149127	-1.7857	1.26652	0.145778	-2.18546	1.28667	0.153183
50.483	-1.79442	0.984172	0.149299	-1.78583	1.26644	0.145969	-2.18549	1.28675	0.153242
50.692	-1.79394	0.98413	0.149446	-1.78544	1.26644	0.146203	-2.18514	1.28665	0.15277
50.878	-1.79284	0.984205	0.149593	-1.78435	1.26647	0.146671	-2.18364	1.2866	0.152615
51.06	-1.79181	0.98423	0.149248	-1.78336	1.26618	0.146023	-2.18277	1.28638	0.153413
51.24	-1.79057	0.984223	0.149367	-1.7821	1.26638	0.146137	-2.18165	1.28628	0.153791
51.443	-1.7894	0.984227	0.149312	-1.78073	1.26638	0.145682	-2.18055	1.28572	0.153687
51.625	-1.78843	0.984203	0.14927	-1.78052	1.2659	0.146174	-2.17947	1.28575	0.1533
51.808	-1.78752	0.984127	0.149772	-1.77956	1.26598	0.146703	-2.17867	1.2859	0.153369
51.999	-1.78602	0.984103	0.15001	-1.77802	1.26595	0.146897	-2.17734	1.28563	0.153237
52.178	-1.78434	0.983791	0.149664	-1.77592	1.26594	0.146129	-2.1751	1.28587	0.153384
52.371	-1.78267	0.983673	0.149349	-1.77416	1.26552	0.14563	-2.17378	1.28573	0.153781
52.562	-1.78099	0.98366	0.14981	-1.77222	1.26551	0.145963	-2.17215	1.28534	0.153621
52.78	-1.77885	0.983491	0.149406	-1.77037	1.26554	0.146008	-2.17046	1.28583	0.153909
52.933	-1.77661	0.983431	0.149655	-1.76853	1.26542	0.14667	-2.16852	1.28576	0.154662
53.183	-1.77492	0.98345	0.150264	-1.76686	1.2653	0.147015	-2.16663	1.28557	0.154412
53.349	-1.77152	0.983248	0.150069	-1.76438	1.26562	0.14784	-2.16289	1.28518	0.15385
53.457	-1.77016	0.983152	0.149828	-1.76289	1.2655	0.14753	-2.16167	1.28497	0.15375
53.662	-1.76621	0.982912	0.150026	-1.75828	1.26498	0.14684	-2.15748	1.28469	0.154368
53.941	-1.76344	0.982778	0.150175	-1.75591	1.26485	0.147235	-2.15508	1.28446	0.154689
54.215	-1.75933	0.982738	0.150276	-1.75134	1.26446	0.146487	-2.15072	1.2846	0.153945
54.457	-1.75595	0.982643	0.150155	-1.7475	1.26419	0.146285	-2.14726	1.28464	0.153807
54.654	-1.7529	0.982525	0.150319	-1.74409	1.26424	0.146379	-2.1438	1.28486	0.154406
54.884	-1.74931	0.982461	0.150661	-1.74059	1.26435	0.146496	-2.14015	1.28539	0.155467
55.173	-1.74539	0.982237	0.150562	-1.73683	1.2641	0.146068	-2.13368	1.28504	0.154144
55.383	-1.74034	0.982251	0.150221	-1.73216	1.26371	0.146717	-2.13093	1.28451	0.154666
55.6	-1.73621	0.982232	0.150832	-1.72768	1.26386	0.146797	-2.12616	1.28476	0.155275
55.781	-1.73144	0.981862	0.150007	-1.72389	1.26386	0.147203	-2.12206	1.28472	0.15566
55.991	-1.72712	0.981722	0.15025	-1.71872	1.26341	0.146206	-2.11749	1.2844	0.155353
56.254	-1.72239	0.981674	0.150501	-1.71419	1.26335	0.146296	-2.11319	1.28434	0.156328
56.495	-1.71743	0.981608	0.150599	-1.70906	1.26321	0.146345	-2.10805	1.28427	0.156245
56.698	-1.71241	0.981426	0.150609	-1.70452	1.26314	0.147445	-2.10104	1.28409	0.154328
56.866	-1.70578	0.981304	0.151157	-1.69779	1.26296	0.147142	-2.09618	1.28375	0.155059
57.148	-1.70164	0.981334	0.151426	-1.69372	1.26277	0.146637	-2.09252	1.28386	0.155812
57.389	-1.694	0.98092	0.151017	-1.68602	1.26293	0.146673	-2.08479	1.28313	0.155471
57.624	-1.68768	0.980586	0.150658	-1.67985	1.26278	0.146956	-2.07904	1.28296	0.155658
57.879	-1.68141	0.980512	0.15074	-1.67359	1.26268	0.146667	-2.0724	1.28225	0.155031
58.125	-1.67467	0.979836	0.150568	-1.66757	1.26253	0.147832	-2.06614	1.28177	0.155141
58.329	-1.66613	0.979692	0.150732	-1.65875	1.26203	0.147293	-2.05771	1.28148	0.155092
58.543	-1.65875	0.979865	0.15076	-1.6518	1.26172	0.147305	-2.05073	1.28107	0.154657
58.776	-1.65175	0.979767	0.151167	-1.64554	1.26203	0.14891	-2.04349	1.28064	0.154886
58.995	-1.6444	0.978859	0.150877	-1.63806	1.26105	0.148063	-2.03611	1.28073	0.15591
59.202	-1.63672	0.978839	0.1506	-1.62966	1.26087	0.147083	-2.0287	1.28007	0.155378
59.497	-1.62886	0.97878	0.150944	-1.62164	1.26057	0.147136	-2.02057	1.2796	0.154808
59.652	-1.61875	0.978477	0.151344	-1.61131	1.26039	0.147573	-2.01055	1.27905	0.154542
59.836	-1.61224	0.978045	0.151254	-1.60521	1.26005	0.147438	-2.00453	1.27936	0.155506
60.012	-1.60173	0.977524	0.151617	-1.59508	1.25971	0.148885	-1.99371	1.27833	0.154616
60.159	-1.59292	0.977323	0.152186	-1.58588	1.25927	0.148582	-1.98536	1.27828	0.155504
60.317	-1.5839	0.976929	0.152416	-1.57674	1.25888	0.149165	-1.97565	1.27765	0.154064
60.574	-1.57482	0.97711	0.153197	-1.56818	1.25882	0.149647	-1.96683	1.27717	0.153973
60.777	-1.56339	0.977479	0.154489	-1.55556	1.25863	0.148831	-1.95504	1.27785	0.155054
60.916	-1.55278	0.976354	0.152855	-1.54617	1.25837	0.149021	-1.94521	1.27715	0.15465
61.057	-1.54249	0.975894	0.153404	-1.53637	1.25822	0.149995	-1.93488	1.2762	0.153793
61.28	-1.53237	0.975383	0.153447	-1.52631	1.25782	0.150368	-1.92491	1.27574	0.153715
61.431	-1.52223	0.975468	0.154208	-1.51548	1.25714	0.150139	-1.91469	1.27509	0.154187
61.619	-1.51138	0.974623	0.15346	-1.50542	1.25692	0.150659	-1.90404	1.27452	0.1539
61.891	-1.49773	0.974149	0.153513	-1.49119	1.25632	0.149754	-1.89046	1.27404	0.15395
62.056	-1.48632	0.974047	0.153641	-1.47982	1.25615	0.148963	-1.87935	1.27369	0.153975
62.208	-1.47515	0.973826	0.153837	-1.46891	1.25567	0.149015	-1.86814	1.27347	0.153915
62.424	-1.46384	0.973664	0.154482	-1.45733	1.25548	0.149251	-1.85724	1.27307	0.154597
62.62	-1.45234	0.973072	0.154138	-1.44592	1.25506	0.150107	-1.84588	1.27255	0.154779
62.838	-1.44026	0.97279	0.154242	-1.43419	1.25438	0.149905	-1.83391	1.27186	0.15414
63.016	-1.42521	0.97226	0.154115	-1.41917	1.25417	0.150021	-1.81878	1.27114	0.153768
63.196	-1.41276	0.971811	0.153751	-1.40731	1.25379	0.150848	-1.80628	1.27039	0.153999
63.297	-1.40007	0.971119	0.153153	-1.39396	1.25326	0.149833	-1.79372	1.27005	0.155146
63.518	-1.39373	0.970674	0.153416	-1.38781	1.2528	0.150325	-1.78706	1.26975	0.155102
63.714	-1.37467	0.969562	0.154143	-1.36819	1.2518	0.151223	-1.76838	1.27007	0.157114
63.929	-1.3618	0.968947	0.15429	-1.35495	1.25119	0.151244	-1.75441	1.26922	0.156244
64.107	-1.34545	0.968625	0.154709	-1.33893	1.25038	0.151657	-1.73798	1.26905	0.156182
64.292	-1.33248	0.968631	0.155156	-1.32489	1.25029	0.150592	-1.72428	1.2688	0.156045
64.47	-1.31822	0.967995	0.154284	-1.31138	1.25011	0.150548	-1.7098	1.26893	0.157186
64.648	-1.30435	0.967682	0.154902	-1.29778	1.24974	0.150879	-1.69688	1.26786	0.15665
64.834	-1.2905	0.966993	0.154707	-1.28389	1.24939	0.15142	-1.68294	1.26727	0.156654
65.059	-1.27623	0.966711	0.154593	-1.27021	1.2488	0.152082	-1.66963	1.26657	0.157469
65.241	-1.25826	0.9657	0.154224	-1.25187	1.24785	0.151256	-1.65142	1.26618	0.157447
65.423	-1.24352	0.965191	0.154011	-1.23724	1.24728	0.150371	-1.63619	1.26539	0.156532
65.601	-1.22857	0.964662	0.153303	-1.22228	1.24689	0.150194	-1.62202	1.26509	0.158194
65.777	-1.21422	0.964008	0.153679	-1.20729	1.24586	0.150782	-1.60738	1.26453	0.159059
65.974	-1.19938	0.963225	0.154777	-1.19277	1.2452	0.151637	-1.59218	1.26385	0.159014
66.19	-1.18467	0.962516	0.154593	-1.17751	1.24457	0.151867	-1.57741	1.26331	0.158574
66.371	-1.16505	0.96204	0.154986	-1.15887	1.24402	0.152001	-1.5582	1.2628	0.158074
66.552	-1.14969	0.961393	0.155077	-1.14337	1.24348	0.1522	-1.5426	1.26219	0.158471
66.736	-1.13403	0.960822	0.154869	-1.12734	1.24281	0.151717	-1.52681	1.26144	0.158866
66.915	-1.11803	0.960267	0.154461	-1.11133	1.24202	0.150989	-1.51141	1.26106	0.159873
67.101	-1.10227	0.959311	0.154156	-1.09546	1.24179	0.15099	-1.49501	1.26029	0.159382
67.317	-1.08651	0.958837	0.154873	-1.07976	1.2409	0.151265	-1.47939	1.25952	0.159791
67.499	-1.06671	0.958049	0.155162	-1.06044	1.23998	0.152204	-1.45973	1.25868	0.159633
67.685	-1.05062	0.957428	0.154842	-1.04456	1.23931	0.151651	-1.44332	1.25767	0.159087
67.863	-1.03481	0.956472	0.155001	-1.02931	1.23862	0.152734	-1.42731	1.25681	0.159128
68.041	-1.01802	0.955748	0.154081	-1.01269	1.23789	0.152246	-1.4105	1.25564	0.159587
68.226	-1.00167	0.95448	0.154099	-0.996619	1.23719	0.153751	-1.39438	1.25516	0.161523
68.442	-0.985356	0.953737	0.154604	-0.979839	1.23589	0.153532	-1.3771	1.25412	0.161608
68.623	-0.964921	0.952572	0.154582	-0.9592	1.23479	0.153887	-1.35731	1.25406	0.161614
68.806	-0.949126	0.951825	0.154919	-0.942556	1.23419	0.153727	-1.34016	1.25335	0.160131
68.983	-0.933201	0.951723	0.156027	-0.926107	1.23397	0.153478	-1.32411	1.25297	0.159886
69.162	-0.916561	0.95113	0.155871	-0.909435	1.23321	0.153543	-1.30658	1.25209	0.159462
69.348	-0.899798	0.950212	0.155629	-0.892527	1.23246	0.153592	-1.28991	1.25108	0.160203
69.563	-0.882682	0.949481	0.154902	-0.875458	1.23171	0.153625	-1.27304	1.25033	0.1602
69.747	-0.86155	0.948563	0.154567	-0.854397	1.23076	0.153593	-1.25166	1.24928	0.160248
69.932	-0.844525	0.94775	0.154548	-0.837247	1.23	0.153418	-1.23452	1.24854	0.159797
70.168	-0.827225	0.946737	0.155735	-0.820136	1.229	0.153674	-1.21767	1.24829	0.160281
70.463	-0.810493	0.945728	0.155664	-0.803197	1.22831	0.153625	-1.19972	1.24732	0.160296
70.705	-0.793139	0.945276	0.15556	-0.785788	1.22748	0.153552	-1.18358	1.24696	0.160416
70.888	-0.776136	0.944512	0.15609	-0.768861	1.22684	0.154013	-1.16604	1.24587	0.159886
71.127	-0.759389	0.943913	0.156268	-0.75189	1.22605	0.154073	-1.14907	1.24522	0.159827
71.326	-0.737779	0.943303	0.156212	-0.730362	1.22542	0.15274	-1.12747	1.24451	0.159251
71.506	-0.720241	0.94254	0.1557	-0.713097	1.22485	0.152189	-1.11016	1.24396	0.159925
71.687	-0.703145	0.941731	0.156291	-0.695923	1.22393	0.152541	-1.0931	1.24275	0.160504
71.88	-0.68588	0.940989	0.156372	-0.67885	1.22302	0.153029	-1.07652	1.24188	0.161073
72.064	-0.668728	0.939837	0.156034	-0.661807	1.22226	0.153558	-1.05908	1.24106	0.160836
72.216	-0.647029	0.938677	0.155406	-0.640137	1.22109	0.153314	-1.03786	1.23949	0.160549
72.373	-0.629919	0.937509	0.155454	-0.622721	1.2198	0.153161	-1.02005	1.23874	0.161891
72.526	-0.61288	0.936459	0.155589	-0.605486	1.2189	0.153979	-1.00351	1.23755	0.163508
72.68	-0.595793	0.935365	0.155812	-0.588373	1.21766	0.154164	-0.986808	1.2371	0.16464
72.871	-0.578853	0.934365	0.155815	-0.571092	1.21669	0.154522	-0.969716	1.23662	0.163596
73.023	-0.557781	0.933575	0.15642	-0.549959	1.21581	0.154412	-0.948524	1.23566	0.161946
73.177	-0.540703	0.933126	0.157208	-0.533171	1.21543	0.15435	-0.93186	1.23493	0.161692
73.334	-0.523489	0.932686	0.157103	-0.51623	1.21498	0.154317	-0.914724	1.23428	0.162027
73.491	-0.506359	0.931759	0.156268	-0.499137	1.21397	0.154195	-0.897539	1.23333	0.162569
73.654	-0.489246	0.931285	0.156238	-0.482164	1.21323	0.154234	-0.881051	1.23218	0.162625
73.833	-0.472224	0.930373	0.156385	-0.465211	1.21224	0.154629	-0.863757	1.23168	0.1624
74.016	-0.455635	0.928941	0.156761	-0.448427	1.21126	0.15521	-0.846955	1.23103	0.161948
74.169	-0.434757	0.928256	0.157804	-0.427576	1.21031	0.155262	-0.825964	1.23	0.161691
74.328	-0.418192	0.927684	0.158492	-0.410667	1.20958	0.155122	-0.809189	1.2294	0.161698
74.48	-0.401633	0.926632	0.158833	-0.39406	1.20868	0.156278	-0.792744	1.22871	0.161995
74.633	-0.385181	0.925686	0.159196	-0.37759	1.20772	0.156616	-0.776067	1.22796	0.162019
74.793	-0.368425	0.925174	0.159127	-0.360762	1.20705	0.155979	-0.759444	1.22722	0.161696
74.976	-0.351738	0.924299	0.158927	-0.344279	1.20649	0.155391	-0.742893	1.22649	0.161546
75.129	-0.331123	0.923324	0.159175	-0.323745	1.2054	0.155534	-0.722146	1.22526	0.162103
75.285	-0.315075	0.922575	0.159948	-0.307622	1.20457	0.155988	-0.70617	1.22446	0.162437
75.438	-0.299075	0.921382	0.159231	-0.291193	1.20343	0.156257	-0.68985	1.22336	0.162174
75.589	-0.282533	0.920719	0.159561	-0.275006	1.20257	0.156692	-0.673899	1.2223	0.162068
75.753	-0.266691	0.919695	0.159483	-0.258943	1.20163	0.156748	-0.657779	1.22128	0.162553
75.94	-0.250782	0.918623	0.159235	-0.242867	1.2005	0.156902	-0.641388	1.2208	0.164027
76.093	-0.230902	0.91764	0.159472	-0.222797	1.19924	0.15704	-0.621356	1.21983	0.164653
76.25	-0.215572	0.916313	0.159611	-0.207054	1.1983	0.157747	-0.605721	1.21943	0.164684
76.41	-0.200012	0.915248	0.159804	-0.191383	1.19745	0.15793	-0.589831	1.21886	0.163716
76.576	-0.184628	0.914843	0.160185	-0.17605	1.19682	0.157749	-0.574459	1.21832	0.163116
76.797	-0.169247	0.914296	0.160743	-0.160641	1.19639	0.157484	-0.558855	1.21748	0.163035
77.085	-0.153894	0.913566	0.160709	-0.145126	1.19573	0.157927	-0.54401	1.21684	0.163791
77.283	-0.134626	0.912691	0.160267	-0.126291	1.19477	0.158096	-0.525003	1.2157	0.16415
77.471	-0.119622	0.911959	0.160092	-0.111364	1.19419	0.158119	-0.509875	1.21468	0.164404
77.654	-0.104732	0.911144	0.159989	-0.096529	1.19309	0.157927	-0.494946	1.21416	0.164312
77.8	-0.0898503	0.910259	0.16032	-0.0814733	1.19247	0.158646	-0.479982	1.21339	0.164345
77.993	-0.0792092	0.90976	0.160893	-0.0704137	1.1916	0.158741	-0.469166	1.21291	0.164302
78.19	-0.0610301	0.908733	0.161336	-0.0519256	1.19092	0.159256	-0.450852	1.21217	0.164341
78.346	-0.0432242	0.907834	0.161653	-0.0334889	1.19001	0.159358	-0.432791	1.21165	0.164306
78.505	-0.0290825	0.907249	0.162197	-0.0195242	1.18942	0.159588	-0.418729	1.21132	0.164902
78.658	-0.0150597	0.906642	0.16243	-0.00519219	1.1886	0.159891	-0.404192	1.21063	0.164465
78.81	-0.00071093	0.905806	0.162189	0.00864351	1.18806	0.159749	-0.390079	1.21003	0.164421
78.971	0.0132645	0.905307	0.162109	0.0228368	1.18738	0.159067	-0.376346	1.20928	0.164657
79.123	0.027209	0.904771	0.162426	0.0363295	1.18684	0.159338	-0.36252	1.20824	0.164897
79.307	0.0407344	0.904104	0.162222	0.0498912	1.18575	0.159108	-0.348737	1.2074	0.16575
79.466	0.0579468	0.902864	0.162346	0.0665774	1.18486	0.159589	-0.331784	1.20626	0.165417
79.618	0.0713385	0.902018	0.162649	0.0800746	1.18388	0.159655	-0.318668	1.20552	0.164745
79.776	0.0846595	0.901308	0.16261	0.0935322	1.18329	0.159754	-0.305373	1.20467	0.164827
79.939	0.0981181	0.90067	0.162021	0.106587	1.1826	0.159464	-0.292248	1.20372	0.165694
80.148	0.111342	0.899487	0.161358	0.120087	1.18155	0.159933	-0.278933	1.20251	0.167344
80.29	0.127302	0.89831	0.161602	0.136282	1.18028	0.160292	-0.262477	1.20195	0.167826
80.367	0.1365	0.897619	0.16191	0.145703	1.17951	0.160269	-0.252786	1.20157	0.167649
80.612	0.139623	0.897317	0.161927	0.148998	1.17928	0.16016	-0.249598	1.20147	0.167628
80.859	0.164298	0.896247	0.162311	0.174369	1.178	0.160224	-0.22429	1.20086	0.16709
81.013	0.176938	0.895344	0.161983	0.186599	1.1774	0.159916	-0.212091	1.20035	0.167544
81.154	0.185933	0.894919	0.161941	0.195623	1.17708	0.15981	-0.202889	1.19984	0.167628
81.378	0.200999	0.894242	0.162334	0.210608	1.1764	0.160046	-0.187924	1.19892	0.16789
81.567	0.215801	0.893689	0.162899	0.225198	1.17542	0.160787	-0.173226	1.1978	0.167184
81.741	0.227591	0.892985	0.162934	0.237098	1.17483	0.160886	-0.161671	1.19716	0.167238
81.917	0.239355	0.892374	0.162856	0.248637	1.17412	0.160486	-0.150082	1.19651	0.167432
82.103	0.250847	0.891856	0.162473	0.260056	1.17378	0.160211	-0.138447	1.19586	0.167513
82.323	0.262076	0.891368	0.162334	0.271573	1.17316	0.159768	-0.127005	1.19514	0.167876
82.502	0.276008	0.890358	0.162439	0.285375	1.17229	0.160767	-0.112911	1.19459	0.167992
82.685	0.28708	0.889262	0.162514	0.296282	1.17146	0.161185	-0.102032	1.19372	0.168231
82.863	0.297734	0.888596	0.163013	0.307136	1.17056	0.161559	-0.0914174	1.19301	0.167822
83.047	0.308368	0.888315	0.163478	0.317684	1.17022	0.161658	-0.0808481	1.19245	0.167869
83.236	0.31898	0.888066	0.16358	0.328302	1.16984	0.16134	-0.0701	1.19163	0.167941
83.393	0.329663	0.887464	0.163463	0.33877	1.1693	0.160975	-0.0596572	1.19125	0.168036
83.57	0.33976	0.886902	0.163931	0.348828	1.16872	0.161574	-0.0493567	1.1906	0.168177
83.795	0.349829	0.886095	0.164061	0.358795	1.1681	0.161937	-0.0396381	1.19019	0.168412
83.973	0.362256	0.885269	0.164111	0.371247	1.16742	0.162215	-0.0271389	1.18942	0.168247
84.148	0.372009	0.885019	0.164163	0.381033	1.16666	0.161867	-0.0174516	1.18876	0.16766
84.313	0.381413	0.884592	0.164291	0.390344	1.16668	0.161577	-0.00793792	1.18845	0.168168
84.531	0.390976	0.88413	0.163984	0.399949	1.16623	0.161213	0.00146943	1.18772	0.16815
84.709	0.40244	0.883429	0.163928	0.411175	1.16533	0.161415	0.0122948	1.18691	0.167692
84.899	0.411185	0.883133	0.164208	0.420051	1.16513	0.161623	0.0217235	1.1866	0.168617
85.077	0.419911	0.882632	0.164433	0.428938	1.16477	0.162176	0.0301234	1.18601	0.168316
85.257	0.428927	0.881892	0.164158	0.437193	1.1641	0.161941	0.0386265	1.18533	0.16842
85.442	0.437307	0.881779	0.164337	0.445713	1.16383	0.161781	0.0468702	1.1848	0.168253
85.623	0.445511	0.881635	0.164436	0.453602	1.16373	0.161852	0.0552876	1.18398	0.167811
85.822	0.45367	0.881396	0.1645	0.461808	1.16332	0.161631	0.0632803	1.18355	0.168176
86.012	0.46377	0.881101	0.164403	0.471372	1.16293	0.162141	0.0728862	1.18278	0.168186
86.189	0.471723	0.880628	0.163933	0.478983	1.16257	0.16206	0.0804029	1.1822	0.168627
86.365	0.479294	0.880105	0.163886	0.486583	1.1621	0.162227	0.0880363	1.18188	0.168905
86.551	0.486391	0.879903	0.16403	0.493932	1.16181	0.161977	0.0950973	1.18159	0.169349
86.726	0.49365	0.879517	0.16407	0.50088	1.1616	0.162419	0.102279	1.18136	0.169524
86.915	0.499962	0.879449	0.164631	0.507891	1.16132	0.162613	0.109233	1.18119	0.169156
87.098	0.508582	0.879274	0.164949	0.516057	1.16111	0.162525	0.117278	1.18116	0.169205
87.275	0.514816	0.879314	0.165194	0.522282	1.16112	0.162671	0.123683	1.18108	0.169481
87.453	0.521114	0.879153	0.165201	0.528627	1.16083	0.162513	0.1299	1.18072	0.169693
87.636	0.527256	0.878997	0.165111	0.534173	1.16101	0.162738	0.135754	1.1803	0.169948
87.815	0.533056	0.878848	0.165062	0.540095	1.16114	0.162847	0.14127	1.17999	0.169992
87.994	0.538822	0.878639	0.165085	0.545686	1.16084	0.162971	0.146978	1.17963	0.169948
88.224	0.544263	0.878525	0.165172	0.551086	1.16068	0.163214	0.152339	1.1794	0.169799
88.403	0.551078	0.878398	0.165272	0.557793	1.16057	0.162811	0.15906	1.17914	0.169629
88.584	0.556064	0.878557	0.16537	0.562781	1.16057	0.162905	0.164096	1.17905	0.169895
88.768	0.561231	0.878517	0.165363	0.567673	1.16052	0.163214	0.168845	1.17876	0.16977
88.946	0.565859	0.878399	0.165376	0.572455	1.16046	0.163197	0.173856	1.17847	0.169329
89.166	0.570439	0.878536	0.165741	0.576856	1.16028	0.163021	0.178115	1.17844	0.169567
89.348	0.57622	0.878225	0.16579	0.582167	1.16036	0.163326	0.183345	1.17811	0.169857
89.525	0.5804	0.878274	0.165751	0.58643	1.16021	0.163232	0.187496	1.1778	0.169871
89.699	0.584592	0.878091	0.16544	0.590207	1.1601	0.163161	0.191511	1.17742	0.169738
89.888	0.588501	0.877967	0.165657	0.593958	1.16002	0.163267	0.195353	1.17732	0.169664
90.106	0.592088	0.878062	0.165721	0.597514	1.16004	0.163174	0.198772	1.17711	0.169762
90.284	0.596836	0.877902	0.165582	0.601879	1.16023	0.163275	0.203169	1.1767	0.169971
90.468	0.600135	0.877995	0.165685	0.604928	1.16022	0.163424	0.206307	1.17659	0.169945
90.644	0.603302	0.877945	0.165562	0.608274	1.1601	0.163305	0.209452	1.17646	0.169909
90.825	0.606255	0.877984	0.165742	0.611394	1.1602	0.163568	0.212601	1.17621	0.169623
91.011	0.609046	0.878072	0.165835	0.6141	1.15996	0.163027	0.215391	1.17613	0.169447
91.236	0.611857	0.877963	0.165355	0.616775	1.16003	0.162858	0.21806	1.17601	0.169607
91.412	0.614877	0.877939	0.165627	0.619636	1.15994	0.162847	0.220689	1.17603	0.16989
91.597	0.617328	0.878048	0.16588	0.621989	1.15992	0.163051	0.223069	1.17597	0.169642
91.814	0.619689	0.878012	0.165401	0.624169	1.15993	0.162661	0.225345	1.17573	0.169571
92.072	0.621682	0.877941	0.165069	0.626171	1.16009	0.162578	0.2274	1.17564	0.169812
92.355	0.62311	0.877827	0.164991	0.627635	1.16	0.1627	0.228916	1.17569	0.170147
92.606	0.624077	0.877697	0.165323	0.628815	1.15983	0.163059	0.230045	1.1757	0.170026
92.846	0.62537	0.877704	0.165584	0.630141	1.1599	0.163375	0.231208	1.17564	0.169315
93.102	0.627061	0.877878	0.165398	0.631558	1.16008	0.163211	0.23266	1.17548	0.168929
93.373	0.628129	0.878085	0.165409	0.632548	1.16024	0.1631	0.23374	1.17537	0.169408
93.633	0.629363	0.878192	0.165364	0.633504	1.16026	0.162886	0.234834	1.1752	0.169874
93.909	0.6304	0.878141	0.164902	0.634473	1.16018	0.162425	0.235713	1.17513	0.169933
94.154	0.630962	0.878054	0.164866	0.635137	1.16005	0.162505	0.236273	1.17518	0.169854
94.331	0.631204	0.878005	0.165111	0.635502	1.15999	0.162841	0.236595	1.17527	0.16981
94.569	0.631204	0.878026	0.16493	0.63547	1.16006	0.162643	0.236544	1.17537	0.169918
94.792	0.630955	0.878148	0.164955	0.635119	1.16026	0.1626	0.236215	1.17541	0.170002
94.989	0.630426	0.878153	0.165084	0.634493	1.16036	0.162787	0.235632	1.1754	0.169934
95.223	0.629738	0.878162	0.165161	0.633832	1.16036	0.162971	0.234966	1.1754	0.169702
95.508	0.629031	0.878119	0.16517	0.633262	1.16034	0.163073	0.234332	1.17546	0.169529
95.679	0.628272	0.878123	0.165306	0.632602	1.16034	0.163175	0.233696	1.17551	0.16953
95.897	0.627508	0.878213	0.165367	0.631836	1.16043	0.163211	0.232936	1.17557	0.16955
96.131	0.627007	0.878231	0.165245	0.631239	1.16057	0.163114	0.232336	1.17561	0.169504
96.336	0.626468	0.8783	0.165347	0.630659	1.16062	0.163146	0.231771	1.17565	0.169436
96.572	0.625901	0.878301	0.165451	0.630149	1.16063	0.163294	0.231244	1.17567	0.169393
96.859	0.625442	0.878309	0.165404	0.62973	1.16058	0.163325	0.230804	1.17563	0.16937
97.092	0.624922	0.878273	0.165375	0.629275	1.16049	0.163176	0.230356	1.17561	0.169463
97.31	0.624569	0.878299	0.165404	0.628935	1.16042	0.163138	0.230048	1.17564	0.169532
97.527	0.624266	0.878319	0.165357	0.628696	1.1604	0.163051	0.229818	1.1756	0.169454
97.733	0.62404	0.878334	0.165408	0.628464	1.16041	0.163082	0.22956	1.17565	0.169452
97.966	0.623887	0.878342	0.165452	0.628283	1.16043	0.163113	0.229393	1.17569	0.169451
98.165	0.623765	0.878342	0.165406	0.628189	1.16043	0.163063	0.229337	1.17563	0.16935
98.406	0.623706	0.878347	0.165345	0.628152	1.16041	0.163002	0.229353	1.17554	0.169246
98.628	0.623676	0.87834	0.165342	0.62815	1.16039	0.16303	0.229399	1.17549	0.169141
98.815	0.623718	0.878345	0.165365	0.62817	1.16037	0.163056	0.229262	1.17567	0.169398
98.985	0.623767	0.878361	0.165341	0.628252	1.16036	0.163058	0.22947	1.17558	0.169154
99.199	0.623875	0.878365	0.165364	0.628332	1.16038	0.163047	0.229545	1.1756	0.169225
99.42	0.624008	0.878394	0.165377	0.628478	1.16038	0.162985	0.229639	1.17566	0.169291
99.63	0.624145	0.878378	0.165344	0.628658	1.16034	0.162952	0.229744	1.17568	0.16936
99.748	0.624382	0.878399	0.165366	0.628886	1.16032	0.16297	0.229915	1.17569	0.1694
99.96	0.62458	0.878356	0.165346	0.62904	1.16034	0.163035	0.230059	1.17568	0.169452
100.108	0.624806	0.878348	0.165291	0.629239	1.16036	0.162983	0.230182	1.1757	0.169489
100.345	0.624995	0.878337	0.165293	0.6294	1.16041	0.163016	0.230336	1.17574	0.169574
100.526	0.625248	0.878307	0.165252	0.629561	1.16048	0.163069	0.230481	1.17575	0.169621
100.685	0.625431	0.878288	0.165237	0.629704	1.16051	0.16312	0.230589	1.17576	0.169643
100.894	0.625596	0.87832	0.165298	0.629843	1.16052	0.163122	0.230761	1.17573	0.169592
101.102	0.625706	0.878324	0.165307	0.629975	1.16056	0.163118	0.230915	1.17567	0.169583
101.323	0.625857	0.878309	0.165274	0.63008	1.16055	0.163077	0.231042	1.17558	0.169535
101.588	0.62603	0.878273	0.165246	0.630196	1.16053	0.163057	0.231118	1.17554	0.169548
101.853	0.626151	0.878261	0.165219	0.630281	1.16052	0.162993	0.231238	1.17556	0.169486
102.027	0.626276	0.878265	0.165215	0.630555	1.16058	0.163068	0.231311	1.1756	0.169493
102.291	0.626334	0.878281	0.165223	0.630482	1.16048	0.162883	0.231397	1.17565	0.169458
102.525	0.626361	0.878286	0.165212	0.630576	1.16045	0.162833	0.231458	1.17544	0.169418
102.786	0.626373	0.878294	0.165217	0.630566	1.16041	0.162819	0.231675	1.17549	0.169222
103.042	0.626363	0.878286	0.165231	0.63056	1.16042	0.162887	0.231722	1.17557	0.1693
103.282	0.626378	0.878297	0.165248	0.630458	1.1605	0.163031	0.231776	1.17555	0.169217
103.533	0.626319	0.878283	0.165248	0.630324	1.16046	0.16292	0.231707	1.1756	0.169238
103.758	0.626304	0.878303	0.165227	0.630497	1.16038	0.163044	0.231612	1.17568	0.169329
104.01	0.626262	0.878327	0.165262	0.630484	1.16038	0.163103	0.231555	1.17575	0.169359
104.214	0.626212	0.878301	0.165255	0.630403	1.1604	0.163169	0.231548	1.17566	0.169265
104.42	0.626153	0.878333	0.165253	0.630469	1.16033	0.162986	0.231501	1.17549	0.169201
104.662	0.626106	0.878322	0.165271	0.630474	1.16036	0.162895	0.231374	1.17551	0.169305
104.806	0.626056	0.878306	0.165253	0.63039	1.16039	0.162896	0.231359	1.17556	0.169351
105.061	0.626003	0.878337	0.165283	0.630312	1.16043	0.162937	0.231298	1.17565	0.169384
105.315	0.625961	0.878329	0.165261	0.630204	1.16044	0.162997	0.231234	1.17561	0.169291
105.565	0.625894	0.878326	0.165262	0.63022	1.1604	0.163056	0.231153	1.17567	0.169371
105.848	0.625839	0.878368	0.165262	0.630255	1.16036	0.163104	0.231087	1.17563	0.169425
106.166	0.625734	0.878456	0.16532	0.630308	1.16035	0.163034	0.231113	1.17567	0.169447
106.458	0.625655	0.878517	0.165342	0.630262	1.1604	0.163184	0.231207	1.17556	0.169374
106.793	0.625605	0.878536	0.165353	0.630236	1.16042	0.163221	0.231168	1.1755	0.169418
107.078	0.625602	0.878533	0.165365	0.630249	1.16043	0.163224	0.231109	1.17569	0.169558
107.34	0.625663	0.878515	0.165371	0.630245	1.16059	0.163305	0.231044	1.17572	0.169611
107.623	0.625802	0.878384	0.16534	0.630291	1.16037	0.16313	0.231111	1.17567	0.169547
107.953	0.625989	0.878216	0.165279	0.630319	1.16044	0.163183	0.231029	1.17614	0.169849
108.141	0.626122	0.878168	0.165258	0.630128	1.16043	0.163058	0.231096	1.17559	0.169604
108.45	0.626166	0.878146	0.165225	0.630153	1.16045	0.163031	0.231098	1.1756	0.16962
108.68	0.626164	0.878141	0.165204	0.630214	1.16047	0.16303	0.231232	1.17546	0.169356
108.988	0.626172	0.878159	0.165214	0.630155	1.16049	0.163029	0.231213	1.17548	0.169374
109.274	0.626198	0.878174	0.165186	0.630222	1.16062	0.163013	0.231154	1.17553	0.169432
109.612	0.626197	0.878213	0.165205	0.630229	1.16091	0.163108	0.231242	1.17554	0.169292
109.827	0.626195	0.878177	0.165155	0.630297	1.16025	0.162848	0.231131	1.17574	0.169463
110.195	0.626206	0.878195	0.165176	0.630305	1.16025	0.16285	0.231145	1.17576	0.169474
110.471	0.626207	0.878211	0.165168	0.630306	1.16026	0.162833	0.231078	1.17581	0.169609
110.743	0.626201	0.878177	0.165166	0.630281	1.16023	0.162834	0.231055	1.17583	0.169654
111.049	0.626202	0.878187	0.165167	0.63042	1.16028	0.163165	0.231055	1.17585	0.169651
111.322	0.62618	0.878209	0.165172	0.630281	1.1602	0.162857	0.231051	1.17588	0.169628
111.544	0.626182	0.878203	0.165143	0.630269	1.16024	0.162863	0.231094	1.17576	0.169565
111.785	0.626169	0.878221	0.165192	0.630282	1.16024	0.162861	0.231105	1.17573	0.169537
112.016	0.626172	0.878195	0.165174	0.630274	1.16025	0.162882	0.231145	1.17569	0.169443
112.227	0.626167	0.878207	0.165194	0.630266	1.16026	0.16283	0.231141	1.17585	0.169529
112.409	0.626149	0.878198	0.165168	0.630261	1.16024	0.162827	0.231076	1.17613	0.169722
112.644	0.626134	0.878213	0.165186	0.630239	1.16025	0.162838	0.231052	1.17568	0.169645
112.801	0.626142	0.87821	0.165195	0.63023	1.16032	0.162821	0.231053	1.17566	0.169625
113.049	0.626129	0.878206	0.165233	0.63019	1.16029	0.162839	0.231079	1.17565	0.169638
113.25	0.626104	0.878222	0.165223	0.630181	1.16026	0.162902	0.231083	1.17562	0.16962
113.48	0.626058	0.878264	0.165254	0.630227	1.16037	0.162922	0.231091	1.1756	0.169617
113.684	0.62605	0.878276	0.165233	0.630187	1.16033	0.16292	0.231114	1.17562	0.169613
113.918	0.625983	0.878321	0.165287	0.630178	1.16027	0.16295	0.231124	1.17561	0.169623
114.082	0.625923	0.878334	0.165315	0.630282	1.1603	0.163204	0.231136	1.17562	0.169633
114.332	0.625915	0.878401	0.165326	0.630301	1.16033	0.163194	0.231135	1.17563	0.169619
114.554	0.625982	0.878309	0.165217	0.630288	1.16032	0.163235	0.231136	1.17564	0.169633
114.81	0.62598	0.878353	0.165233	0.630241	1.16038	0.163003	0.231147	1.17563	0.169642
115.08	0.626178	0.877947	0.164886	0.630229	1.16039	0.162979	0.231117	1.17567	0.169622
115.346	0.626068	0.878147	0.165064	0.630219	1.16038	0.162975	0.231115	1.17567	0.16962
115.536	0.626047	0.878229	0.16513	0.630247	1.1604	0.163041	0.231111	1.17569	0.169627
115.724	0.626035	0.878252	0.165134	0.630267	1.1604	0.16306	0.231113	1.17569	0.169631
115.966	0.626044	0.878248	0.165134	0.630237	1.1604	0.163031	0.231087	1.17569	0.169591
116.199	0.626045	0.878251	0.165141	0.630202	1.16036	0.16278	0.231095	1.1757	0.169606
116.403	0.626078	0.878236	0.16514	0.630247	1.16042	0.163066	0.231105	1.17569	0.169613
116.662	0.626085	0.878258	0.165137	0.630251	1.16046	0.16308	0.231089	1.17568	0.169623
116.861	0.626259	0.87788	0.164885	0.630199	1.16037	0.162819	0.231109	1.17569	0.169613
117.107	0.626168	0.878265	0.165111	0.63017	1.16033	0.162812	0.231091	1.17569	0.169611
117.326	0.626183	0.878349	0.165172	0.63025	1.16043	0.163068	0.231112	1.17569	0.169629
117.567	0.626196	0.878353	0.165175	0.630262	1.16044	0.163054	0.231113	1.17568	0.169588
117.812	0.62621	0.878353	0.165176	0.630272	1.16016	0.162946	0.231103	1.17569	0.169616
118.08	0.626212	0.87835	0.165173	0.630357	1.16034	0.162908	0.231101	1.1757	0.169601
118.252	0.626211	0.878334	0.165162	0.630345	1.16034	0.162883	0.231096	1.1757	0.169607
118.44	0.626229	0.878352	0.165151	0.630357	1.16035	0.162877	0.231082	1.17571	0.169588
118.692	0.626214	0.878374	0.165186	0.630367	1.16036	0.162889	0.231089	1.17571	0.169609
118.968	0.62622	0.878364	0.165145	0.630374	1.16034	0.162881	0.231108	1.17572	0.169611
119.238	0.626206	0.878353	0.165139	0.630375	1.16036	0.162866	0.231085	1.17573	0.169602
119.513	0.626203	0.878352	0.165129	0.630384	1.16033	0.162825	0.2311	1.17567	0.169559
119.699	0.626187	0.878348	0.165139	0.630374	1.16034	0.162835	0.231082	1.17571	0.169606
119.852	0.626169	0.878371	0.165121	0.630425	1.15987	0.162625	0.231078	1.17571	0.169608
120.097	0.626124	0.878363	0.165127	0.630399	1.16035	0.16308	0.231071	1.17569	0.169578
120.318	0.626109	0.878388	0.165152	0.630274	1.16049	0.162955	0.231072	1.17572	0.169571
120.596	0.626073	0.87837	0.165145	0.630389	1.16049	0.16316	0.231067	1.17571	0.169596
120.862	0.626064	0.878387	0.165157	0.630394	1.1605	0.16317	0.231044	1.17574	0.169624
121.156	0.626029	0.878375	0.165128	0.63039	1.16049	0.163167	0.230997	1.17576	0.169653
121.4	0.625962	0.878395	0.165135	0.630391	1.16049	0.163159	0.231018	1.17575	0.169661
121.642	0.625914	0.878407	0.16517	0.630396	1.16055	0.163183	0.230997	1.17576	0.169691
121.908	0.625952	0.878415	0.165152	0.630378	1.16066	0.163181	0.231022	1.17576	0.169636
122.183	0.625948	0.878422	0.165158	0.630319	1.16072	0.163292	0.231024	1.17577	0.169641
122.506	0.625841	0.878438	0.165129	0.630341	1.16056	0.163225	0.231034	1.17578	0.169628
122.708	0.625976	0.878433	0.165107	0.630341	1.16058	0.163223	0.230972	1.17581	0.16968
122.921	0.625963	0.878432	0.165111	0.630354	1.16058	0.16323	0.230942	1.17579	0.169696
123.176	0.625953	0.87841	0.165139	0.630127	1.16063	0.163018	0.230985	1.17577	0.169674
123.385	0.62596	0.878437	0.165133	0.62986	1.16071	0.16327	0.23106	1.17572	0.169633
123.661	0.625933	0.878429	0.165109	0.630176	1.16067	0.163266	0.231111	1.17567	0.169625
123.953	0.625962	0.878412	0.165117	0.630153	1.16065	0.163247	0.231141	1.17563	0.169617
124.189	0.625975	0.878425	0.165124	0.630146	1.16066	0.163298	0.231187	1.17561	0.169602
124.428	0.625969	0.878425	0.165139	0.630127	1.16058	0.163384	0.231246	1.17553	0.169511
124.705	0.625952	0.878425	0.165132	0.630152	1.1606	0.16341	0.231238	1.17551	0.16952
124.951	0.625962	0.878438	0.165098	0.630134	1.16057	0.16341	0.23122	1.17552	0.169512
125.197	0.62596	0.878421	0.1651	0.630147	1.16056	0.16341	0.231219	1.17554	0.16953
125.471	0.625958	0.878438	0.16511	0.630188	1.16051	0.163881	0.231226	1.17557	0.169542
125.672	0.625983	0.878414	0.16512	0.630022	1.1607	0.163462	0.231226	1.17555	0.169532
125.888	0.626	0.878422	0.165135	0.629581	1.16131	0.163377	0.231242	1.17555	0.169554
126.129	0.625968	0.878427	0.165078	0.630061	1.16065	0.163427	0.231236	1.17561	0.169574
126.34	0.626015	0.878463	0.165044	0.629969	1.16025	0.163831	0.231216	1.17556	0.169616
126.625	0.62594	0.878466	0.165051	0.63055	1.16011	0.16341	0.231223	1.17556	0.169601
126.854	0.625934	0.878481	0.165054	0.630237	1.16017	0.163605	0.231218	1.17553	0.169602
127.072	0.625941	0.878474	0.165075	0.630239	1.16017	0.163628	0.231208	1.17556	0.169626
127.377	0.62602	0.878435	0.165114	0.630231	1.16016	0.163606	0.231214	1.17556	0.16962
127.436	0.62602	0.878435	0.165114	0.630231	1.16016	0.163606	0.231214	1.17556	0.16962
127.495	0.62602	0.878435	0.165114	0.630231	1.16016	0.163606	0.231214	1.17556	0.16962
127.587	0.62602	0.878435	0.165114	0.630231	1.16016	0.163606	0.231214	1.17556	0.16962
127.651	0.62602	0.878435	0.165114	0.630231	1.16016	0.163606	0.231214	1.17556	0.16962
127.694	0.62602	0.878435	0.165114	0.630231	1.16016	0.163606	0.231214	1.17556	0.16962
128.516	0.62602	0.878435	0.165114	0.630231	1.16016	0.163606	0.231214	1.17556	0.16962
