Time      x1      y1      z1	x2	y2	z2	x3	y3	z3	x4	y4	z4
12.12	6.93408e-310	6.93408e-310	2.122e-314	3.135e-317	1.5316e-322	6.93408e-310	0	0	0
12.181	6.93408e-310	6.93408e-310	2.122e-314	3.135e-317	1.5316e-322	6.93408e-310	0	0	0
12.221	6.93408e-310	6.93408e-310	2.122e-314	3.135e-317	1.5316e-322	6.93408e-310	0	0	0
12.282	6.93408e-310	6.93408e-310	2.122e-314	3.135e-317	1.5316e-322	6.93408e-310	0	0	0
12.343	6.93408e-310	6.93408e-310	2.122e-314	3.135e-317	1.5316e-322	6.93408e-310	0	0	0
12.427	6.93408e-310	6.93408e-310	2.122e-314	3.135e-317	1.5316e-322	6.93408e-310	0	0	0
12.504	6.93408e-310	6.93408e-310	2.122e-314	3.135e-317	1.5316e-322	6.93408e-310	0	0	0
12.531	6.93408e-310	6.93408e-310	2.122e-314	3.135e-317	1.5316e-322	6.93408e-310	0	0	0
12.589	6.93408e-310	6.93408e-310	2.122e-314	3.135e-317	1.5316e-322	6.93408e-310	0	0	0
12.652	6.93408e-310	6.93408e-310	2.122e-314	3.135e-317	1.5316e-322	6.93408e-310	0	0	0
12.706	6.93408e-310	6.93408e-310	2.122e-314	3.135e-317	1.5316e-322	6.93408e-310	0	0	0
12.896	6.93408e-310	6.93408e-310	2.122e-314	3.135e-317	1.5316e-322	6.93408e-310	0	0	0
12.957	6.93408e-310	6.93408e-310	2.122e-314	3.135e-317	1.5316e-322	6.93408e-310	0	0	0
13.023	6.93408e-310	6.93408e-310	2.122e-314	3.135e-317	1.5316e-322	6.93408e-310	0	0	0
13.081	6.93408e-310	6.93408e-310	2.122e-314	3.135e-317	1.5316e-322	6.93408e-310	0	0	0
13.143	6.93408e-310	6.93408e-310	2.122e-314	3.135e-317	1.5316e-322	6.93408e-310	0	0	0
13.206	6.93408e-310	6.93408e-310	2.122e-314	3.135e-317	1.5316e-322	6.93408e-310	0	0	0
14.227	6.93408e-310	6.93408e-310	2.122e-314	3.135e-317	1.5316e-322	6.93408e-310	0	0	0
14.319	-1.7133	0.820127	0.149008	-1.71557	1.1028	0.147476	-2.11479	1.10915	0.154098
14.501	-1.7133	0.820127	0.149008	-1.71557	1.1028	0.147476	-2.11479	1.10915	0.154098
14.664	-1.71327	0.820191	0.149054	-1.71513	1.10243	0.146733	-2.11478	1.10901	0.153909
14.793	-1.71325	0.820201	0.149055	-1.71508	1.10243	0.146668	-2.11474	1.10857	0.153556
14.95	-1.71329	0.820192	0.149171	-1.71518	1.10242	0.146794	-2.11481	1.10891	0.153802
15.135	-1.71326	0.820206	0.149083	-1.71522	1.1024	0.146812	-2.11462	1.1088	0.153703
15.407	-1.71326	0.82022	0.149047	-1.7151	1.10244	0.146668	-2.11463	1.10904	0.153638
15.588	-1.71321	0.820259	0.148975	-1.71514	1.10239	0.146722	-2.11483	1.10883	0.1537
15.736	-1.71327	0.820184	0.149082	-1.7154	1.10265	0.147256	-2.11473	1.10903	0.153715
15.885	-1.71324	0.820254	0.149097	-1.71509	1.10258	0.146822	-2.11468	1.10899	0.153599
16.088	-1.7133	0.820233	0.149199	-1.71506	1.10252	0.146708	-2.11473	1.10902	0.153693
16.326	-1.71332	0.820197	0.149193	-1.71514	1.10249	0.146848	-2.11467	1.10897	0.153585
16.534	-1.71333	0.820183	0.14921	-1.71515	1.10248	0.146863	-2.11458	1.10905	0.153459
16.69	-1.71332	0.820248	0.149221	-1.71551	1.10257	0.147293	-2.11455	1.10905	0.153386
16.783	-1.71336	0.820188	0.149229	-1.7155	1.10251	0.147245	-2.11458	1.10905	0.153419
16.985	-1.71329	0.820259	0.149149	-1.71508	1.10236	0.146707	-2.1146	1.10909	0.153507
17.133	-1.71326	0.820222	0.149095	-1.71508	1.10234	0.146675	-2.11451	1.10909	0.153333
17.32	-1.71332	0.820198	0.149214	-1.71505	1.10226	0.146506	-2.11461	1.10912	0.153524
17.475	-1.71338	0.82022	0.149296	-1.71495	1.1024	0.146584	-2.11463	1.1091	0.153634
17.623	-1.71333	0.820189	0.149229	-1.71489	1.10237	0.146512	-2.11382	1.10872	0.152424
17.77	-1.71334	0.820187	0.149187	-1.71478	1.10239	0.146297	-2.11417	1.10868	0.152692
17.952	-1.71333	0.820218	0.149129	-1.71524	1.10257	0.146977	-2.11418	1.10871	0.152763
18.157	-1.71331	0.820191	0.149108	-1.71524	1.10246	0.146915	-2.11431	1.10873	0.153031
18.348	-1.71326	0.820199	0.149078	-1.71489	1.10232	0.146453	-2.1143	1.10874	0.153044
18.514	-1.71328	0.820082	0.148965	-1.71474	1.10229	0.146206	-2.1142	1.10875	0.152911
18.711	-1.71322	0.820509	0.149248	-1.71484	1.10228	0.146325	-2.11427	1.10879	0.1531
18.982	-1.71327	0.820685	0.149438	-1.7152	1.1024	0.146895	-2.11426	1.10872	0.153069
19.236	-1.71325	0.820718	0.149407	-1.71476	1.10229	0.146269	-2.1142	1.10876	0.153004
19.436	-1.71327	0.820756	0.149475	-1.71476	1.10228	0.14621	-2.11423	1.10871	0.153014
19.629	-1.71324	0.820562	0.149292	-1.71517	1.10236	0.146821	-2.11423	1.10873	0.153069
19.8	-1.71329	0.820633	0.149461	-1.7149	1.10226	0.146404	-2.11423	1.10872	0.153041
19.949	-1.71327	0.820573	0.149394	-1.7148	1.10229	0.146218	-2.11417	1.10872	0.15295
20.168	-1.71332	0.820563	0.149444	-1.71488	1.10223	0.146313	-2.11424	1.10873	0.153122
20.343	-1.71335	0.82053	0.149459	-1.71527	1.1024	0.14695	-2.11424	1.10875	0.153164
20.492	-1.71329	0.82053	0.149348	-1.71489	1.10224	0.146363	-2.11418	1.10874	0.153037
20.648	-1.71329	0.820487	0.149329	-1.71551	1.10239	0.147162	-2.11415	1.10874	0.153046
20.836	-1.71335	0.820493	0.149428	-1.71511	1.10227	0.146632	-2.1142	1.10874	0.153158
20.985	-1.71329	0.82049	0.149311	-1.71537	1.10227	0.146961	-2.11419	1.10878	0.15323
21.133	-1.71327	0.820499	0.149294	-1.71551	1.10239	0.147154	-2.11415	1.10876	0.15309
21.283	-1.71328	0.820532	0.149354	-1.71552	1.10235	0.147135	-2.11415	1.10882	0.153139
21.46	-1.71334	0.820465	0.149433	-1.71538	1.10228	0.146983	-2.11419	1.10881	0.153193
21.617	-1.71327	0.820409	0.14924	-1.71551	1.10239	0.147147	-2.11417	1.10879	0.153075
21.855	-1.71331	0.820388	0.149298	-1.71497	1.10224	0.14642	-2.11416	1.10883	0.153013
22.06	-1.71337	0.820351	0.149356	-1.71508	1.10221	0.1466	-2.11423	1.10882	0.153107
22.318	-1.71337	0.820349	0.149335	-1.71534	1.10229	0.146959	-2.11424	1.10882	0.153077
22.518	-1.71327	0.820403	0.149228	-1.71502	1.10224	0.146455	-2.1142	1.10883	0.152992
22.748	-1.71326	0.8204	0.149211	-1.71497	1.10224	0.14642	-2.11423	1.1088	0.152987
22.921	-1.71333	0.820413	0.149287	-1.71513	1.10223	0.146686	-2.11427	1.10881	0.153052
23.095	-1.71331	0.820372	0.149217	-1.7151	1.10224	0.146604	-2.11428	1.10882	0.153067
23.341	-1.71327	0.820352	0.149149	-1.71544	1.10242	0.147086	-2.11421	1.10881	0.152903
23.551	-1.71329	0.820404	0.149237	-1.71548	1.10239	0.147103	-2.11424	1.10885	0.152993
23.751	-1.7133	0.820379	0.149264	-1.71515	1.10222	0.146683	-2.11429	1.10889	0.153128
23.999	-1.71327	0.820443	0.149284	-1.71509	1.10222	0.146568	-2.11421	1.10886	0.152972
24.275	-1.71325	0.820435	0.14924	-1.71503	1.10224	0.146457	-2.11419	1.10885	0.152914
24.629	-1.71327	0.820376	0.149235	-1.7151	1.10224	0.146643	-2.1142	1.10886	0.152958
24.879	-1.71326	0.820464	0.149304	-1.71521	1.10225	0.146792	-2.11422	1.10888	0.153022
25.145	-1.7133	0.820462	0.149374	-1.7151	1.10224	0.146612	-2.11414	1.10887	0.152906
25.4	-1.71327	0.820462	0.149386	-1.71507	1.10225	0.146566	-2.11412	1.1089	0.152874
25.658	-1.71329	0.820412	0.149378	-1.71522	1.10224	0.146797	-2.11414	1.10891	0.152947
26.007	-1.71328	0.820517	0.149443	-1.7152	1.10223	0.146752	-2.1141	1.10887	0.15287
26.192	-1.71326	0.820518	0.149425	-1.7156	1.10245	0.147321	-2.11401	1.1089	0.152769
26.493	-1.71327	0.820554	0.149462	-1.71514	1.10233	0.146743	-2.11402	1.10885	0.152759
26.751	-1.7133	0.820551	0.149478	-1.71536	1.10235	0.14708	-2.11415	1.10952	0.153775
27.011	-1.71321	0.82061	0.149367	-1.715	1.10228	0.146491	-2.11411	1.10952	0.153769
27.254	-1.71322	0.820692	0.149444	-1.71542	1.1025	0.147132	-2.11414	1.10951	0.153809
27.586	-1.71322	0.820688	0.149484	-1.7154	1.10239	0.147093	-2.11409	1.10948	0.153778
27.862	-1.71318	0.820562	0.149323	-1.71504	1.10231	0.146615	-2.11409	1.10941	0.153764
28.167	-1.71327	0.820672	0.149533	-1.7149	1.1023	0.146409	-2.1141	1.10946	0.153794
28.431	-1.71321	0.820699	0.149488	-1.71497	1.10233	0.146531	-2.11407	1.10942	0.153726
28.694	-1.71322	0.820544	0.14932	-1.71505	1.10236	0.146698	-2.11408	1.1094	0.153714
29.006	-1.71324	0.820505	0.149358	-1.71497	1.1024	0.146629	-2.11412	1.10938	0.153759
29.294	-1.71315	0.82054	0.149266	-1.71486	1.1024	0.146492	-2.11445	1.10916	0.153735
29.607	-1.71327	0.820205	0.149097	-1.71527	1.10252	0.147072	-2.11442	1.10917	0.153697
29.905	-1.7133	0.820158	0.149095	-1.71496	1.1024	0.146664	-2.11446	1.10918	0.153725
30.187	-1.7133	0.820207	0.149132	-1.71481	1.10241	0.14644	-2.11445	1.10918	0.153687
30.464	-1.71334	0.820197	0.149242	-1.71483	1.10244	0.146504	-2.11445	1.10916	0.15365
30.724	-1.71332	0.82017	0.149194	-1.71482	1.10242	0.146522	-2.11442	1.10912	0.153603
31.096	-1.71328	0.820241	0.149131	-1.71485	1.10251	0.146597	-2.11446	1.10915	0.153648
31.374	-1.71336	0.82025	0.149244	-1.71475	1.10252	0.146457	-2.11449	1.10916	0.153686
31.654	-1.7133	0.820265	0.149158	-1.7148	1.10251	0.146539	-2.11447	1.10915	0.153652
31.919	-1.71331	0.820196	0.149124	-1.71509	1.10235	0.146741	-2.11447	1.10914	0.153652
32.157	-1.71331	0.820271	0.149171	-1.71506	1.10233	0.146623	-2.11451	1.10917	0.153774
32.482	-1.71322	0.82012	0.148919	-1.71501	1.10242	0.146619	-2.11325	1.10885	0.152428
32.77	-1.71329	0.820272	0.14919	-1.71504	1.10239	0.146705	-2.11414	1.10929	0.153637
33.048	-1.7133	0.820233	0.149173	-1.71501	1.1024	0.146633	-2.11418	1.10932	0.153706
33.31	-1.71322	0.820142	0.148901	-1.71503	1.10234	0.146577	-2.11419	1.10936	0.153756
33.515	-1.71336	0.820161	0.149218	-1.71507	1.10232	0.146646	-2.11449	1.10916	0.153731
33.793	-1.71336	0.820178	0.149211	-1.7148	1.10244	0.146476	-2.11449	1.10919	0.15374
34.087	-1.71331	0.820219	0.149146	-1.71479	1.10246	0.146424	-2.1145	1.1092	0.153762
34.374	-1.71338	0.820176	0.149235	-1.71481	1.10245	0.146433	-2.11448	1.10922	0.153725
34.653	-1.71335	0.820168	0.149208	-1.71493	1.1024	0.146619	-2.11449	1.10917	0.153689
34.905	-1.71334	0.820064	0.149104	-1.71491	1.10242	0.146582	-2.11448	1.10921	0.153707
35.185	-1.7133	0.820663	0.149502	-1.71483	1.1024	0.14641	-2.1145	1.10923	0.153755
35.443	-1.71324	0.820726	0.149429	-1.7149	1.10237	0.146489	-2.11448	1.10923	0.153678
35.723	-1.71328	0.820695	0.14956	-1.715	1.10232	0.146606	-2.11446	1.10918	0.153602
35.994	-1.71323	0.820674	0.149406	-1.71491	1.10232	0.146424	-2.11449	1.10916	0.153599
36.261	-1.71329	0.820595	0.149423	-1.71494	1.10229	0.146426	-2.11446	1.1092	0.153657
36.54	-1.71329	0.820579	0.149477	-1.71505	1.1023	0.146566	-2.11446	1.10917	0.153634
36.755	-1.71331	0.820538	0.149427	-1.71504	1.10229	0.146558	-2.11445	1.10919	0.153665
37.008	-1.7132	0.820611	0.149346	-1.71496	1.1023	0.146391	-2.11451	1.10925	0.153791
37.269	-1.71332	0.820498	0.149427	-1.71504	1.10227	0.146501	-2.11446	1.10923	0.15375
37.595	-1.71331	0.820499	0.149418	-1.71507	1.10229	0.146591	-2.11447	1.1092	0.153745
37.761	-1.7133	0.820483	0.1494	-1.71499	1.10226	0.146447	-2.11447	1.10927	0.153759
38.015	-1.71331	0.82046	0.14937	-1.71558	1.10252	0.147285	-2.11451	1.10928	0.1538
38.319	-1.71329	0.820423	0.149356	-1.71521	1.10228	0.146764	-2.11452	1.10929	0.153811
38.538	-1.71333	0.820376	0.149348	-1.71521	1.10221	0.146689	-2.11331	1.1089	0.152524
38.741	-1.71329	0.820371	0.149233	-1.71511	1.10223	0.146594	-2.11411	1.10884	0.152914
38.995	-1.71323	0.820443	0.149235	-1.7151	1.10227	0.146573	-2.11412	1.10885	0.152979
39.205	-1.71331	0.820363	0.149316	-1.71539	1.1023	0.147013	-2.11416	1.10887	0.153052
39.384	-1.71329	0.820387	0.149211	-1.7151	1.10222	0.146533	-2.11415	1.10888	0.153021
39.631	-1.71328	0.820411	0.149269	-1.71508	1.10224	0.146513	-2.11422	1.10886	0.15311
39.918	-1.71327	0.820428	0.149266	-1.71509	1.10219	0.146579	-2.11424	1.10887	0.153107
40.23	-1.71326	0.820373	0.149175	-1.71509	1.10222	0.146623	-2.11422	1.10883	0.153047
40.485	-1.71327	0.820372	0.149186	-1.715	1.10221	0.146406	-2.11424	1.10886	0.15308
40.73	-1.71333	0.820343	0.149291	-1.71508	1.10217	0.146503	-2.11425	1.10883	0.153075
40.983	-1.71331	0.820309	0.149219	-1.71532	1.10224	0.146863	-2.11424	1.1088	0.153022
41.294	-1.71331	0.820285	0.149207	-1.71504	1.10221	0.146483	-2.11427	1.10881	0.153057
41.608	-1.71334	0.820337	0.149282	-1.71502	1.10221	0.146403	-2.11431	1.1088	0.153103
41.939	-1.71333	0.820319	0.149241	-1.71507	1.10218	0.146463	-2.11428	1.10881	0.153078
42.26	-1.71333	0.820318	0.149239	-1.71508	1.10221	0.146545	-2.11425	1.10881	0.15298
42.532	-1.71335	0.820294	0.149229	-1.71546	1.10234	0.147064	-2.11428	1.10878	0.153038
42.744	-1.71336	0.820286	0.149241	-1.71505	1.10219	0.146459	-2.11426	1.10878	0.152968
42.975	-1.71334	0.820283	0.149211	-1.71503	1.10222	0.146531	-2.11422	1.1088	0.152952
43.233	-1.71333	0.820297	0.149214	-1.71503	1.1022	0.146504	-2.11424	1.10882	0.153009
43.505	-1.71336	0.82033	0.149286	-1.71547	1.10235	0.147089	-2.11426	1.10882	0.153102
43.857	-1.71336	0.820303	0.149262	-1.71504	1.10219	0.14655	-2.11426	1.10881	0.153113
44.114	-1.7133	0.820306	0.149201	-1.71529	1.10225	0.146868	-2.11419	1.10879	0.153065
44.428	-1.71333	0.820399	0.149296	-1.71505	1.1022	0.146483	-2.11422	1.10881	0.153101
44.646	-1.71338	0.820338	0.149296	-1.7155	1.10233	0.147102	-2.11424	1.10873	0.153124
44.905	-1.71334	0.820374	0.149337	-1.7153	1.10228	0.146887	-2.11417	1.10877	0.15314
45.17	-1.71331	0.82036	0.1493	-1.71507	1.10224	0.14659	-2.11415	1.10878	0.153161
45.442	-1.71338	0.820385	0.149341	-1.71506	1.10221	0.146481	-2.11416	1.10875	0.153177
45.598	-1.71333	0.820438	0.14936	-1.71506	1.10225	0.146536	-2.11415	1.10876	0.153165
45.859	-1.71325	0.820433	0.149241	-1.71529	1.10228	0.146884	-2.11413	1.10877	0.153165
46.143	-1.71328	0.820491	0.149266	-1.71504	1.10225	0.146487	-2.11418	1.10872	0.153165
46.38	-1.71332	0.820524	0.149392	-1.71503	1.10229	0.146553	-2.11423	1.10879	0.153298
46.649	-1.71327	0.820505	0.149271	-1.71529	1.10248	0.146991	-2.11419	1.10876	0.153145
46.765	-1.71325	0.820592	0.149321	-1.71526	1.10245	0.146936	-2.11416	1.10873	0.153063
47.087	-1.71326	0.820589	0.149346	-1.71478	1.10229	0.14621	-2.11416	1.10875	0.153036
47.371	-1.71329	0.820562	0.14936	-1.71485	1.10226	0.146331	-2.11421	1.10875	0.153114
47.629	-1.71325	0.820594	0.149352	-1.71518	1.10236	0.146807	-2.1142	1.10873	0.153066
47.85	-1.71324	0.820596	0.149323	-1.71525	1.10246	0.146968	-2.11414	1.10875	0.152939
48.17	-1.71327	0.82066	0.149409	-1.71477	1.1023	0.146209	-2.11414	1.10874	0.152904
48.368	-1.71324	0.820634	0.149368	-1.71483	1.10225	0.146358	-2.11414	1.10873	0.152822
48.553	-1.71328	0.82063	0.149471	-1.71486	1.1023	0.14639	-2.11411	1.10874	0.152777
48.786	-1.71318	0.820562	0.149245	-1.71524	1.10255	0.147013	-2.11409	1.10873	0.152695
49.045	-1.71324	0.820426	0.149249	-1.71478	1.10233	0.146307	-2.11414	1.10878	0.152742
49.3	-1.71329	0.820678	0.149517	-1.7149	1.10239	0.146525	-2.11451	1.10914	0.153574
49.57	-1.71328	0.820712	0.149529	-1.71484	1.10239	0.146437	-2.11447	1.1091	0.153435
49.817	-1.71329	0.820716	0.149529	-1.71478	1.10242	0.14638	-2.11455	1.10914	0.153577
50.147	-1.7133	0.820713	0.149555	-1.71484	1.1024	0.146489	-2.11454	1.10915	0.15352
50.434	-1.71322	0.820716	0.149438	-1.71495	1.10241	0.14666	-2.11449	1.10909	0.153414
50.677	-1.71311	0.820737	0.149322	-1.71482	1.10241	0.146445	-2.11448	1.10909	0.153389
50.904	-1.7132	0.820447	0.149254	-1.7153	1.10266	0.147187	-2.11453	1.10915	0.153541
51.131	-1.71324	0.820456	0.149308	-1.71495	1.10245	0.146656	-2.11452	1.10908	0.153447
51.349	-1.71326	0.820482	0.149366	-1.71496	1.10246	0.146703	-2.11449	1.10906	0.153407
51.618	-1.7132	0.820412	0.149229	-1.71485	1.10249	0.14649	-2.11462	1.10909	0.153674
51.912	-1.71319	0.820475	0.14929	-1.71495	1.10249	0.146658	-2.11482	1.10921	0.153893
52.143	-1.71318	0.8205	0.149291	-1.71504	1.10248	0.146762	-2.11478	1.10919	0.153871
52.321	-1.71321	0.820466	0.149318	-1.71495	1.10251	0.14666	-2.11461	1.10906	0.153667
52.531	-1.71314	0.820466	0.149198	-1.71535	1.10277	0.147213	-2.11464	1.1091	0.153844
52.804	-1.7131	0.820553	0.149195	-1.71497	1.1025	0.146649	-2.11465	1.10907	0.153805
52.982	-1.71316	0.820479	0.149222	-1.71533	1.10266	0.147218	-2.11458	1.10907	0.153743
53.161	-1.71318	0.820455	0.149299	-1.71491	1.10248	0.146564	-2.11459	1.10909	0.153766
53.337	-1.7131	0.820481	0.14914	-1.71489	1.10249	0.14652	-2.11463	1.10915	0.153922
53.543	-1.71331	0.820007	0.149059	-1.71531	1.10263	0.147154	-2.11459	1.10914	0.153863
53.812	-1.71329	0.820087	0.149033	-1.71498	1.10251	0.14667	-2.11457	1.10914	0.153831
54.055	-1.71307	0.820511	0.14915	-1.71495	1.10247	0.146566	-2.11461	1.10917	0.153933
54.288	-1.71318	0.820396	0.149211	-1.71494	1.10246	0.146584	-2.11462	1.10923	0.154019
54.467	-1.71311	0.820754	0.149371	-1.71498	1.10247	0.146672	-2.11457	1.10922	0.1539
54.643	-1.71316	0.82041	0.14922	-1.71539	1.10269	0.147226	-2.11459	1.10926	0.153986
54.853	-1.71317	0.820577	0.14935	-1.71492	1.10246	0.146523	-2.11455	1.10924	0.153935
55.091	-1.71313	0.820726	0.149416	-1.71495	1.10242	0.146592	-2.11472	1.10944	0.154154
55.401	-1.71317	0.820715	0.149458	-1.71497	1.10241	0.146608	-2.11469	1.10939	0.154044
55.611	-1.71316	0.820699	0.149372	-1.71536	1.10265	0.147221	-2.11476	1.10945	0.154203
55.854	-1.71317	0.820719	0.149402	-1.71491	1.10242	0.146563	-2.11405	1.10944	0.153694
56.071	-1.71317	0.820736	0.149426	-1.71494	1.10238	0.146617	-2.11407	1.10945	0.153712
56.324	-1.71323	0.820668	0.149491	-1.71489	1.10241	0.146568	-2.11407	1.10944	0.153716
56.657	-1.71327	0.820671	0.149554	-1.71486	1.1024	0.146509	-2.11414	1.10945	0.153803
56.898	-1.71321	0.820762	0.149468	-1.71491	1.1024	0.146578	-2.11408	1.10943	0.153734
57.187	-1.7132	0.820719	0.149439	-1.71486	1.10238	0.146502	-2.11409	1.10944	0.153784
57.412	-1.7132	0.82078	0.149515	-1.71526	1.10259	0.147091	-2.11416	1.10948	0.15392
57.704	-1.71324	0.820692	0.149548	-1.71488	1.10235	0.146482	-2.11362	1.10877	0.152643
58.009	-1.71315	0.820713	0.14938	-1.71486	1.10234	0.146481	-2.11364	1.10878	0.152766
58.232	-1.7132	0.82045	0.149309	-1.71486	1.10235	0.146403	-2.11364	1.10878	0.152758
58.53	-1.71324	0.820627	0.14939	-1.71482	1.10231	0.146331	-2.11367	1.10877	0.152813
58.779	-1.71319	0.820705	0.149409	-1.71488	1.10233	0.146456	-2.11411	1.10876	0.153108
59.087	-1.71324	0.820532	0.149403	-1.71482	1.10228	0.146357	-2.11406	1.10875	0.153021
59.32	-1.71328	0.820569	0.149489	-1.71476	1.10229	0.146258	-2.1141	1.1088	0.153126
59.53	-1.71331	0.820557	0.149515	-1.71576	1.10275	0.147701	-2.11412	1.10879	0.153136
59.765	-1.71323	0.820615	0.149408	-1.71519	1.10242	0.146877	-2.11415	1.10877	0.153175
60.067	-1.71328	0.82054	0.149427	-1.71524	1.1025	0.146927	-2.11413	1.10877	0.153064
60.393	-1.71323	0.820648	0.149402	-1.71527	1.10247	0.146988	-2.11415	1.10878	0.153184
60.677	-1.71331	0.820545	0.14946	-1.71518	1.10238	0.146813	-2.11417	1.10873	0.153124
60.955	-1.71328	0.820567	0.149439	-1.71489	1.10227	0.146368	-2.11414	1.10875	0.153117
61.224	-1.71331	0.820518	0.149417	-1.71479	1.10225	0.146181	-2.11417	1.10874	0.153092
61.434	-1.71327	0.820572	0.149358	-1.71502	1.1023	0.146531	-2.1142	1.1087	0.153101
61.699	-1.71325	0.820553	0.149338	-1.71508	1.10225	0.146598	-2.11418	1.10875	0.153061
61.886	-1.71324	0.820546	0.149299	-1.71503	1.10225	0.14655	-2.11417	1.10868	0.152954
62.115	-1.71326	0.820563	0.14937	-1.71548	1.10239	0.147101	-2.11422	1.10874	0.153071
62.401	-1.7133	0.820543	0.149356	-1.7151	1.1022	0.146573	-2.11421	1.1087	0.153062
62.603	-1.71323	0.820466	0.149233	-1.71507	1.10223	0.146568	-2.11423	1.10871	0.153064
62.818	-1.71324	0.820541	0.149296	-1.71505	1.10222	0.146501	-2.11422	1.10869	0.153026
63.017	-1.71328	0.820529	0.149353	-1.71508	1.10223	0.146548	-2.11423	1.10869	0.153015
63.43	-1.71325	0.820492	0.149306	-1.71536	1.10232	0.146986	-2.11422	1.10869	0.152973
63.716	-1.71322	0.820478	0.149236	-1.71505	1.10221	0.146471	-2.11421	1.1087	0.152939
64.002	-1.71329	0.820501	0.149403	-1.71505	1.10222	0.146472	-2.1142	1.10872	0.152943
64.259	-1.71327	0.820526	0.149325	-1.7151	1.10223	0.146597	-2.11421	1.10871	0.152983
64.528	-1.71328	0.820468	0.149374	-1.71538	1.10226	0.146987	-2.11417	1.10872	0.152975
64.715	-1.71325	0.820525	0.149331	-1.71552	1.1024	0.147163	-2.11407	1.10873	0.15279
64.9	-1.71329	0.82046	0.149337	-1.71504	1.10232	0.146548	-2.11407	1.10874	0.152833
65.133	-1.71326	0.820529	0.149379	-1.71516	1.10229	0.146748	-2.11411	1.10879	0.152989
65.415	-1.71328	0.82054	0.149436	-1.71498	1.10226	0.14651	-2.11406	1.10878	0.152931
65.623	-1.71325	0.820509	0.149378	-1.71536	1.1025	0.147025	-2.11397	1.10874	0.152738
65.818	-1.71322	0.820616	0.14936	-1.71491	1.10226	0.146384	-2.11399	1.10877	0.152782
66.154	-1.71328	0.820525	0.149424	-1.71503	1.10228	0.146589	-2.11399	1.1088	0.152835
66.43	-1.71325	0.820594	0.149431	-1.71493	1.10231	0.146451	-2.11396	1.10882	0.152749
66.694	-1.71327	0.820588	0.149453	-1.71489	1.10233	0.146378	-2.11399	1.10881	0.152787
66.96	-1.71324	0.820618	0.149394	-1.71503	1.10232	0.146634	-2.11412	1.10939	0.153755
67.166	-1.71322	0.820627	0.149451	-1.715	1.10235	0.146628	-2.11411	1.10941	0.153754
67.431	-1.71315	0.820659	0.149334	-1.71533	1.10261	0.147121	-2.11407	1.10941	0.153719
67.668	-1.71326	0.820628	0.149489	-1.71489	1.10239	0.146487	-2.11413	1.10948	0.153856
67.93	-1.71322	0.82066	0.149413	-1.71503	1.10239	0.146714	-2.11406	1.10945	0.153742
68.1	-1.7132	0.820649	0.149383	-1.71495	1.10241	0.146611	-2.11405	1.1094	0.15368
68.262	-1.71322	0.820565	0.149407	-1.71533	1.10264	0.147125	-2.11409	1.10941	0.153755
68.412	-1.71326	0.820609	0.149471	-1.71498	1.10242	0.146653	-2.11408	1.10945	0.153784
68.619	-1.71319	0.820553	0.149315	-1.71504	1.10243	0.146761	-2.11471	1.10942	0.154205
68.797	-1.71318	0.820617	0.149295	-1.71486	1.10245	0.146454	-2.11447	1.10921	0.15387
69.056	-1.71311	0.820482	0.149146	-1.71489	1.10243	0.146489	-2.1147	1.10939	0.154139
69.339	-1.71332	0.820495	0.149523	-1.7151	1.10243	0.146844	-2.11476	1.10939	0.154153
69.521	-1.71296	0.820551	0.149723	-1.71482	1.10252	0.147127	-2.11454	1.10931	0.153847
69.771	-1.71198	0.820632	0.14966	-1.71371	1.10252	0.14671	-2.11348	1.10905	0.153375
70.115	-1.71099	0.820693	0.14921	-1.7129	1.10246	0.146499	-2.1126	1.10848	0.153329
70.427	-1.70996	0.82068	0.149614	-1.712	1.10237	0.146867	-2.11128	1.10866	0.153666
70.772	-1.70858	0.820641	0.149681	-1.71076	1.10242	0.147018	-2.10963	1.10839	0.152805
71.051	-1.70689	0.820325	0.148752	-1.70885	1.10236	0.146204	-2.109	1.10868	0.153394
71.291	-1.70559	0.820472	0.149206	-1.70759	1.10236	0.146461	-2.10699	1.10842	0.152872
71.471	-1.70412	0.820457	0.149759	-1.70608	1.1024	0.147168	-2.10545	1.10826	0.153448
71.682	-1.70211	0.820459	0.149681	-1.7041	1.10231	0.146946	-2.10344	1.10811	0.153283
71.949	-1.6994	0.820396	0.149095	-1.70145	1.10237	0.146519	-2.10106	1.10807	0.153726
72.252	-1.69729	0.820535	0.149713	-1.70012	1.10245	0.147382	-2.09946	1.10816	0.154943
72.522	-1.69489	0.820623	0.150276	-1.69728	1.10225	0.147231	-2.09714	1.10775	0.153856
72.729	-1.6922	0.82078	0.150195	-1.69469	1.1024	0.147371	-2.09442	1.10774	0.153444
72.938	-1.68941	0.820675	0.150108	-1.69182	1.10211	0.14672	-2.09132	1.1075	0.153287
73.204	-1.68664	0.819899	0.149428	-1.689	1.10202	0.146655	-2.08855	1.10742	0.15403
73.506	-1.68372	0.820551	0.149943	-1.68616	1.10215	0.146882	-2.08548	1.10751	0.153988
73.745	-1.68027	0.820739	0.150322	-1.68282	1.10238	0.147172	-2.08197	1.10734	0.153172
73.996	-1.6768	0.820568	0.150046	-1.67947	1.10255	0.147483	-2.07848	1.10743	0.152908
74.224	-1.67257	0.820595	0.15029	-1.67509	1.10257	0.147847	-2.07452	1.10766	0.154067
74.4	-1.66862	0.82058	0.150704	-1.67118	1.10244	0.1479	-2.07049	1.10773	0.154259
74.572	-1.66493	0.820974	0.151547	-1.66683	1.10249	0.148021	-2.06588	1.10721	0.153521
74.79	-1.65968	0.82088	0.150765	-1.66194	1.10208	0.147225	-2.06119	1.10757	0.153519
75.045	-1.65357	0.820678	0.150763	-1.65631	1.10211	0.147626	-2.0553	1.10783	0.15352
75.31	-1.64886	0.820773	0.15088	-1.65082	1.10233	0.147245	-2.05063	1.10763	0.153624
75.573	-1.6431	0.820701	0.150287	-1.64591	1.10239	0.147389	-2.04544	1.10755	0.153513
75.762	-1.63775	0.820923	0.150601	-1.64056	1.10272	0.147242	-2.04038	1.10789	0.154166
75.999	-1.6323	0.820988	0.15081	-1.63479	1.1029	0.147218	-2.03416	1.10783	0.153825
76.195	-1.62441	0.820975	0.150487	-1.62803	1.10333	0.148252	-2.02744	1.10747	0.154196
76.542	-1.62005	0.820805	0.150151	-1.62379	1.10315	0.148556	-2.02242	1.10741	0.153583
76.859	-1.61288	0.821698	0.15234	-1.61512	1.10286	0.147676	-2.01435	1.10733	0.153376
77.114	-1.60502	0.820482	0.150286	-1.60839	1.10299	0.147578	-2.00774	1.10719	0.153705
77.322	-1.59841	0.82078	0.150816	-1.60192	1.10299	0.148126	-2.00078	1.10743	0.153903
77.558	-1.59054	0.820611	0.15001	-1.59429	1.10312	0.148305	-1.99344	1.10729	0.154464
77.815	-1.58123	0.820798	0.150261	-1.58432	1.10293	0.147837	-1.984	1.10769	0.154864
78.082	-1.57341	0.820708	0.150468	-1.57685	1.1033	0.147978	-1.97621	1.10682	0.154148
78.366	-1.56524	0.820855	0.150508	-1.56851	1.10308	0.147973	-1.96853	1.10755	0.155085
78.603	-1.55671	0.821624	0.15111	-1.56002	1.10301	0.148043	-1.95977	1.10781	0.154597
78.873	-1.5483	0.821775	0.151706	-1.55185	1.10337	0.148265	-1.95118	1.10726	0.154247
79.079	-1.53947	0.821706	0.151957	-1.5431	1.10371	0.149172	-1.94285	1.10751	0.155004
79.343	-1.5304	0.822046	0.152587	-1.53395	1.10378	0.149005	-1.93373	1.10741	0.154755
79.653	-1.52118	0.822149	0.152551	-1.52486	1.10407	0.149269	-1.92433	1.10756	0.15415
79.926	-1.50969	0.822713	0.15364	-1.51318	1.10452	0.149586	-1.91255	1.10765	0.153655
80.228	-1.49923	0.823	0.153704	-1.5037	1.10503	0.149734	-1.90318	1.10827	0.154161
80.499	-1.48902	0.823477	0.153856	-1.49356	1.10527	0.150218	-1.89316	1.10813	0.153841
80.771	-1.47798	0.823925	0.153619	-1.48328	1.10592	0.150039	-1.88253	1.10772	0.15409
81.152	-1.46745	0.823861	0.153445	-1.47199	1.10578	0.149613	-1.87191	1.10761	0.153797
81.428	-1.454	0.824053	0.153698	-1.45902	1.10598	0.15034	-1.85844	1.10743	0.1538
81.715	-1.4429	0.824139	0.154133	-1.448	1.10588	0.150108	-1.84785	1.10766	0.154375
81.984	-1.43085	0.824102	0.1536	-1.43652	1.106	0.150271	-1.83609	1.10708	0.153457
82.265	-1.41948	0.824361	0.154242	-1.4246	1.1062	0.150433	-1.82443	1.10725	0.153911
82.504	-1.40727	0.824299	0.153898	-1.41274	1.10639	0.150664	-1.81305	1.10728	0.154727
82.779	-1.39457	0.824722	0.153841	-1.40038	1.10662	0.150154	-1.80037	1.10713	0.154623
83.014	-1.37914	0.824862	0.15321	-1.38464	1.10669	0.14996	-1.78451	1.10688	0.154372
83.254	-1.36566	0.824819	0.153676	-1.37236	1.10727	0.151193	-1.77198	1.10705	0.154902
83.52	-1.35264	0.824965	0.153367	-1.3587	1.10706	0.150461	-1.75844	1.10715	0.154898
83.776	-1.33911	0.825006	0.15322	-1.34538	1.10727	0.150486	-1.74503	1.10674	0.15443
84.041	-1.32544	0.825102	0.152751	-1.33195	1.10752	0.150629	-1.73145	1.10667	0.155256
84.285	-1.31139	0.825385	0.153382	-1.31822	1.10771	0.15065	-1.71767	1.1066	0.155883
84.561	-1.29717	0.825512	0.153227	-1.30357	1.10728	0.150069	-1.70345	1.10684	0.15599
84.825	-1.27911	0.825691	0.153144	-1.28571	1.10805	0.150594	-1.68535	1.107	0.155703
85.054	-1.26423	0.825985	0.153414	-1.27129	1.10813	0.150414	-1.67132	1.10708	0.156257
85.228	-1.24973	0.826488	0.153704	-1.25746	1.10867	0.151449	-1.65652	1.10793	0.157146
85.406	-1.23463	0.826844	0.153362	-1.24163	1.10844	0.150176	-1.64102	1.10769	0.15685
85.66	-1.21933	0.827031	0.152929	-1.22627	1.10906	0.14975	-1.62613	1.10777	0.157797
85.911	-1.20404	0.827048	0.152378	-1.21057	1.10912	0.14977	-1.61009	1.10802	0.157678
86.133	-1.18826	0.827052	0.15235	-1.19544	1.10953	0.150344	-1.59399	1.1083	0.157372
86.312	-1.16811	0.827267	0.152643	-1.17558	1.10947	0.150615	-1.57552	1.10901	0.159615
86.488	-1.15199	0.827673	0.153379	-1.15887	1.10951	0.150306	-1.55816	1.10896	0.158321
86.662	-1.13564	0.828149	0.154108	-1.14256	1.10996	0.150969	-1.54233	1.10979	0.159021
86.877	-1.11901	0.828644	0.154603	-1.12598	1.11057	0.151338	-1.52608	1.10997	0.158699
87.121	-1.09795	0.829282	0.155056	-1.10574	1.11135	0.152075	-1.50477	1.10943	0.157088
87.45	-1.08083	0.82985	0.155212	-1.08834	1.11155	0.151588	-1.48773	1.10948	0.157075
87.782	-1.06282	0.830049	0.154605	-1.07103	1.11222	0.151321	-1.47107	1.10966	0.157977
88.02	-1.04533	0.830249	0.154359	-1.0536	1.11227	0.15129	-1.45355	1.10957	0.158766
88.2	-1.0275	0.830476	0.154491	-1.03579	1.11241	0.151616	-1.43562	1.10954	0.159386
88.425	-1.00929	0.830627	0.154453	-1.01795	1.11246	0.151851	-1.41776	1.10946	0.159385
88.672	-0.98633	0.830754	0.153633	-0.995622	1.11271	0.15201	-1.39494	1.10941	0.158278
88.939	-0.967797	0.831096	0.154029	-0.977956	1.11295	0.152778	-1.37682	1.10951	0.158156
89.208	-0.949334	0.8312	0.153661	-0.959311	1.1132	0.152837	-1.35818	1.10934	0.158716
89.476	-0.929926	0.831611	0.152694	-0.940895	1.1137	0.152461	-1.33903	1.10927	0.159355
89.768	-0.910726	0.831599	0.15291	-0.921828	1.11365	0.152777	-1.32012	1.10912	0.159323
90.093	-0.892301	0.831553	0.153587	-0.902856	1.114	0.152888	-1.30045	1.1095	0.15946
90.397	-0.868782	0.832532	0.154553	-0.878548	1.1145	0.15251	-1.27689	1.11	0.159516
90.713	-0.849427	0.83281	0.154386	-0.859067	1.11494	0.152105	-1.25645	1.11056	0.158693
91.012	-0.829258	0.833344	0.154125	-0.839277	1.11518	0.151964	-1.23663	1.1107	0.158935
91.337	-0.809664	0.833326	0.153738	-0.819342	1.11542	0.151218	-1.21678	1.11138	0.160758
91.632	-0.789917	0.833779	0.153559	-0.799392	1.11592	0.151539	-1.19656	1.11162	0.161099
91.929	-0.769789	0.833926	0.154107	-0.778911	1.11595	0.1521	-1.17636	1.11219	0.160987
92.281	-0.750532	0.833925	0.155443	-0.758952	1.11632	0.152971	-1.15661	1.11286	0.160336
92.572	-0.725477	0.834816	0.156502	-0.734103	1.11702	0.153195	-1.13206	1.11359	0.158679
92.86	-0.705153	0.835444	0.156222	-0.713924	1.11785	0.152819	-1.11169	1.11377	0.158173
93.094	-0.68449	0.836223	0.15585	-0.693585	1.1184	0.152432	-1.09152	1.11395	0.158681
93.344	-0.663775	0.836325	0.155284	-0.673101	1.1186	0.152601	-1.07086	1.11384	0.160225
93.685	-0.642777	0.83667	0.155611	-0.652277	1.11882	0.153154	-1.04994	1.1139	0.161034
93.959	-0.617223	0.836654	0.155314	-0.62674	1.11896	0.153467	-1.02425	1.11406	0.159517
94.191	-0.596455	0.836957	0.155649	-0.606068	1.11905	0.153773	-1.00413	1.11411	0.158542
94.374	-0.575639	0.837245	0.155951	-0.585375	1.11937	0.15404	-0.983527	1.11417	0.158363
94.547	-0.554457	0.837545	0.155797	-0.564372	1.11981	0.153241	-0.962697	1.1146	0.159778
94.764	-0.532788	0.837845	0.155411	-0.542889	1.12012	0.153333	-0.942029	1.11482	0.161449
94.953	-0.506235	0.838251	0.15547	-0.516432	1.12014	0.15387	-0.915403	1.11517	0.162809
95.165	-0.485016	0.838468	0.155969	-0.495065	1.12058	0.154184	-0.894275	1.11516	0.162107
95.433	-0.463879	0.838834	0.155607	-0.47409	1.12096	0.153904	-0.873544	1.11556	0.161376
95.676	-0.442588	0.839064	0.155893	-0.45298	1.12112	0.153238	-0.852144	1.11601	0.160688
95.852	-0.421518	0.839636	0.156052	-0.431457	1.12148	0.153022	-0.830483	1.11689	0.161443
96.069	-0.400344	0.83947	0.15627	-0.409868	1.12187	0.153545	-0.808959	1.11752	0.162807
96.254	-0.374207	0.839646	0.157615	-0.383173	1.1218	0.155402	-0.782696	1.11785	0.162803
96.429	-0.353478	0.839651	0.158538	-0.362216	1.12204	0.156786	-0.761379	1.11882	0.161811
96.744	-0.337587	0.839872	0.158917	-0.346547	1.12234	0.156766	-0.745592	1.11914	0.160631
97.007	-0.31051	0.840949	0.158962	-0.319923	1.12328	0.156065	-0.719161	1.11949	0.159719
97.24	-0.289284	0.841866	0.159531	-0.298443	1.12368	0.155791	-0.697814	1.11957	0.160763
97.42	-0.267626	0.84179	0.159256	-0.27716	1.12385	0.156197	-0.676116	1.11979	0.162633
97.648	-0.246016	0.841826	0.158905	-0.255741	1.12395	0.156912	-0.654985	1.11962	0.162829
97.83	-0.219474	0.842021	0.158942	-0.229149	1.12398	0.15762	-0.628493	1.11984	0.16186
98.005	-0.198697	0.842169	0.159351	-0.208054	1.1241	0.158061	-0.607451	1.12008	0.160977
98.183	-0.17745	0.842619	0.159567	-0.186915	1.12461	0.157454	-0.585964	1.12036	0.161403
98.361	-0.155641	0.842775	0.15935	-0.165206	1.12488	0.156996	-0.564323	1.12065	0.162215
98.578	-0.13435	0.843038	0.159109	-0.143747	1.12493	0.157596	-0.54309	1.12094	0.16354
98.762	-0.107809	0.843055	0.159341	-0.117213	1.12523	0.157958	-0.516561	1.12147	0.164511
99.011	-0.0870408	0.843363	0.159335	-0.096172	1.12539	0.158322	-0.495604	1.12184	0.164185
99.301	-0.0662236	0.843575	0.159695	-0.0749074	1.12545	0.158009	-0.474323	1.12248	0.163379
99.558	-0.0452537	0.843902	0.159957	-0.05394	1.12592	0.157335	-0.453011	1.12345	0.163858
99.737	-0.0244168	0.844204	0.159886	-0.0321779	1.12673	0.157457	-0.431858	1.1237	0.164782
99.956	-0.00381306	0.843925	0.160511	-0.0117356	1.126	0.158604	-0.411056	1.12413	0.165952
100.146	0.0215117	0.844006	0.161495	0.0140456	1.12602	0.160184	-0.385293	1.12458	0.165611
100.392	0.0421514	0.844219	0.161974	0.03459	1.12608	0.160145	-0.364716	1.12501	0.164265
100.678	0.0627409	0.844609	0.161864	0.0552805	1.12693	0.159634	-0.344252	1.12529	0.163377
100.951	0.0835746	0.845009	0.161644	0.0757228	1.12718	0.159051	-0.323701	1.12526	0.16425
101.191	0.1041	0.84517	0.16164	0.0958283	1.12732	0.159256	-0.30317	1.12488	0.165955
101.411	0.12458	0.845095	0.161337	0.116145	1.12714	0.1599	-0.28292	1.12476	0.16655
101.599	0.149907	0.844944	0.160919	0.141472	1.12729	0.160184	-0.258049	1.12475	0.165816
101.849	0.16984	0.844847	0.161193	0.161475	1.12699	0.160748	-0.237994	1.12468	0.165314
102.143	0.189738	0.84517	0.161423	0.181364	1.12729	0.160192	-0.21786	1.12471	0.165462
102.345	0.210157	0.84534	0.160877	0.201419	1.12736	0.159178	-0.197733	1.12469	0.166091
102.543	0.229809	0.845444	0.161283	0.221295	1.12739	0.159665	-0.177829	1.12477	0.16735
102.777	0.249319	0.845532	0.161442	0.240833	1.12774	0.16039	-0.158375	1.12499	0.168191
102.969	0.268802	0.845783	0.16191	0.260318	1.12779	0.160702	-0.139002	1.12487	0.168045
103.261	0.288338	0.845628	0.161724	0.27959	1.12804	0.1608	-0.119516	1.12515	0.167312
103.557	0.312153	0.84637	0.162534	0.303868	1.1279	0.159784	-0.0953071	1.12557	0.167184
103.838	0.331451	0.846241	0.162094	0.323205	1.12816	0.159346	-0.0760559	1.1259	0.168109
104.111	0.350116	0.846293	0.16172	0.342386	1.12817	0.159759	-0.0567954	1.12593	0.168896
104.343	0.368968	0.845879	0.162631	0.361412	1.12781	0.160998	-0.0380782	1.12633	0.169241
104.67	0.387053	0.845972	0.163865	0.379748	1.12781	0.162306	-0.0196464	1.12675	0.16838
105.029	0.410018	0.846229	0.164981	0.402928	1.1283	0.162773	0.00343837	1.12709	0.166561
105.259	0.428873	0.846539	0.164633	0.421422	1.12845	0.161569	0.0217683	1.12719	0.165965
105.57	0.447512	0.847078	0.164651	0.439734	1.12907	0.161594	0.0405776	1.12709	0.167199
105.8	0.465966	0.846892	0.164171	0.457735	1.12909	0.161613	0.058784	1.12676	0.168641
106.102	0.484375	0.8467	0.163969	0.475809	1.12881	0.162678	0.0767909	1.12639	0.169251
106.379	0.506515	0.846718	0.164568	0.498223	1.1288	0.163153	0.0991033	1.12617	0.168089
106.64	0.524484	0.846902	0.16528	0.515981	1.12909	0.163433	0.116861	1.12612	0.166946
106.862	0.542142	0.847398	0.165654	0.533491	1.12907	0.163412	0.134434	1.12633	0.167305
107.145	0.560494	0.846993	0.16398	0.551449	1.12907	0.16268	0.152387	1.12595	0.168376
107.414	0.577917	0.847132	0.163841	0.569156	1.12942	0.162564	0.169983	1.12588	0.169677
107.724	0.595042	0.84743	0.165023	0.586436	1.12925	0.163121	0.187302	1.12613	0.169428
108.016	0.61601	0.847553	0.165765	0.607506	1.1294	0.163431	0.208319	1.12663	0.169109
108.325	0.633169	0.84789	0.165625	0.62455	1.12992	0.163233	0.225105	1.12693	0.168612
108.592	0.650107	0.848243	0.16608	0.64153	1.13004	0.162953	0.242326	1.12723	0.168855
108.874	0.666953	0.848545	0.165599	0.658099	1.13038	0.162384	0.259019	1.12724	0.169596
109.165	0.683517	0.848584	0.165205	0.674998	1.1304	0.162026	0.27548	1.12746	0.170538
109.434	0.700805	0.848819	0.164581	0.691476	1.13041	0.161832	0.29213	1.12755	0.170769
109.672	0.716778	0.848747	0.164619	0.70796	1.13044	0.16225	0.308735	1.12744	0.170732
110.029	0.732706	0.848596	0.165199	0.724095	1.13035	0.162295	0.324758	1.12778	0.171047
110.324	0.75251	0.848897	0.166327	0.74376	1.13045	0.162917	0.344775	1.12824	0.170917
110.58	0.768187	0.848947	0.166652	0.759681	1.13074	0.163432	0.360571	1.12829	0.170118
110.821	0.784016	0.849443	0.167155	0.775058	1.13101	0.163637	0.375918	1.12851	0.169878
111.116	0.799185	0.849403	0.167155	0.790653	1.13131	0.163956	0.391153	1.12853	0.170294
111.388	0.818703	0.849777	0.167278	0.809484	1.13148	0.163694	0.41053	1.12813	0.170439
111.674	0.833832	0.849868	0.167094	0.824611	1.13188	0.163913	0.425489	1.12824	0.170912
111.983	0.848868	0.849927	0.167154	0.839513	1.13195	0.164148	0.440514	1.1281	0.171218
112.255	0.863736	0.850215	0.167891	0.854546	1.13198	0.16461	0.455419	1.12811	0.171105
112.526	0.878212	0.850146	0.167803	0.869133	1.13196	0.16478	0.469902	1.12808	0.170625
112.803	0.892875	0.8505	0.167733	0.883472	1.13237	0.164485	0.484374	1.12839	0.170539
113.092	0.911089	0.850778	0.168074	0.901303	1.1326	0.164984	0.502381	1.12822	0.170544
113.362	0.925378	0.850909	0.167905	0.915666	1.13267	0.165138	0.516511	1.12814	0.171272
113.556	0.936116	0.850826	0.167768	0.926196	1.13267	0.165193	0.527099	1.12797	0.171487
113.865	0.950048	0.850987	0.167897	0.940273	1.13279	0.165124	0.541253	1.12818	0.171537
114.158	0.966826	0.850629	0.168462	0.95766	1.13314	0.166334	0.558374	1.12838	0.170717
114.508	0.980187	0.850561	0.16864	0.970894	1.13341	0.166052	0.572086	1.12847	0.170629
114.769	0.997142	0.850985	0.168143	0.987612	1.13387	0.166069	0.588564	1.12878	0.170865
115.059	1.01048	0.851188	0.168465	1.00096	1.13399	0.16629	0.601903	1.12862	0.170805
115.345	1.02353	0.851393	0.168957	1.01365	1.13361	0.16617	0.614901	1.12883	0.171302
115.616	1.03642	0.851647	0.169055	1.02638	1.13391	0.16584	0.627943	1.12883	0.171371
115.885	1.04947	0.851765	0.168755	1.03909	1.13368	0.165736	0.640375	1.12887	0.171319
116.137	1.06199	0.852267	0.16901	1.05165	1.13414	0.16581	0.65319	1.12884	0.171516
116.411	1.07437	0.851852	0.168423	1.06376	1.13373	0.165557	0.665601	1.12913	0.172088
116.689	1.08962	0.852133	0.16876	1.07902	1.13457	0.166083	0.680896	1.12933	0.172261
116.923	1.10112	0.852432	0.168954	1.09103	1.13399	0.166066	0.692675	1.1296	0.172409
117.162	1.11308	0.852694	0.169805	1.1028	1.13454	0.166661	0.704149	1.13009	0.172849
117.431	1.12421	0.853071	0.170419	1.11428	1.13526	0.167668	0.715501	1.13044	0.172139
117.73	1.13507	0.853285	0.170475	1.1251	1.13567	0.167656	0.72658	1.13072	0.171983
117.964	1.14919	0.854097	0.171245	1.13883	1.13543	0.167504	0.74037	1.13106	0.171706
118.29	1.15993	0.85464	0.171409	1.14927	1.13602	0.167487	0.751099	1.13124	0.172202
118.49	1.17096	0.854903	0.171245	1.16015	1.13699	0.168272	0.76166	1.13104	0.172275
118.82	1.17893	0.855159	0.171191	1.16791	1.13683	0.167574	0.769483	1.13115	0.172456
119.105	1.19182	0.855648	0.171368	1.1805	1.13693	0.167784	0.782397	1.13119	0.172441
119.342	1.20221	0.856447	0.172027	1.19057	1.13773	0.167989	0.792341	1.13121	0.172393
119.675	1.21228	0.856363	0.17186	1.20062	1.13848	0.168367	0.802121	1.13127	0.172577
119.947	1.22463	0.857029	0.171572	1.21267	1.1391	0.168707	0.814214	1.13138	0.173216
120.245	1.23455	0.857601	0.172171	1.22236	1.1399	0.169332	0.823609	1.13148	0.173327
120.459	1.24363	0.857707	0.171961	1.23084	1.13954	0.168455	0.832811	1.13163	0.173372
120.686	1.25309	0.858427	0.171974	1.24022	1.13996	0.168607	0.841769	1.13177	0.173227
120.917	1.26198	0.858872	0.171972	1.24951	1.14132	0.16913	0.850665	1.13216	0.173807
121.254	1.27068	0.859372	0.171973	1.25776	1.14093	0.168951	0.859261	1.13207	0.173688
121.545	1.28188	0.85982	0.171876	1.2683	1.1416	0.169426	0.869795	1.13211	0.174022
121.827	1.29024	0.860199	0.171775	1.27663	1.14181	0.16966	0.878057	1.13236	0.173922
122.032	1.29907	0.861224	0.172646	1.28456	1.14198	0.169464	0.886155	1.13258	0.173994
122.25	1.30696	0.860953	0.172068	1.29264	1.14252	0.169565	0.894169	1.13278	0.17451
122.536	1.31468	0.861352	0.172045	1.30058	1.14341	0.170484	0.902013	1.13313	0.174937
122.775	1.32224	0.86174	0.171707	1.30821	1.14353	0.169807	0.909767	1.1335	0.175198
123.046	1.33177	0.862427	0.172426	1.31693	1.14379	0.170334	0.919086	1.13397	0.175087
123.273	1.33868	0.862847	0.17229	1.32397	1.14404	0.169882	0.926168	1.13449	0.175061
123.448	1.34578	0.863386	0.172359	1.33075	1.1451	0.169749	0.932969	1.13462	0.175022
123.623	1.35202	0.863844	0.172765	1.3375	1.14543	0.17063	0.939723	1.13486	0.175157
123.829	1.35922	0.864228	0.172353	1.34431	1.14558	0.170144	0.946005	1.13492	0.175046
124.097	1.36785	0.865198	0.172776	1.35232	1.14613	0.16963	0.954346	1.13513	0.175472
124.297	1.37365	0.865365	0.172597	1.35843	1.14687	0.169768	0.960507	1.13543	0.17553
124.459	1.38003	0.865513	0.172446	1.36458	1.14717	0.170567	0.966332	1.13567	0.175448
124.711	1.38618	0.866182	0.172776	1.37008	1.14759	0.170114	0.972217	1.13575	0.175504
124.963	1.39179	0.866697	0.17267	1.37685	1.14829	0.170827	0.978023	1.13594	0.175746
125.244	1.39734	0.867005	0.172836	1.38187	1.14842	0.170175	0.983498	1.13608	0.175732
125.318	1.40408	0.867598	0.172439	1.3877	1.14876	0.169702	0.990132	1.13627	0.175778
125.579	1.40408	0.867598	0.172439	1.3877	1.14876	0.169702	0.990132	1.13627	0.175778
125.828	1.41445	0.868104	0.172625	1.3976	1.15	0.169656	0.99952	1.136	0.175417
126.07	1.41861	0.868335	0.17311	1.40257	1.14999	0.169978	1.00466	1.13602	0.175503
126.364	1.42372	0.868801	0.172633	1.40766	1.14987	0.16997	1.009	1.13606	0.175576
126.692	1.42847	0.868926	0.172118	1.41186	1.14957	0.168856	1.01369	1.13618	0.17586
126.946	1.43409	0.87005	0.172894	1.41446	1.15078	0.169874	1.01877	1.13647	0.175935
127.116	1.43794	0.86978	0.172575	1.42197	1.15102	0.168828	1.02281	1.13662	0.175831
127.362	1.44313	0.868647	0.171304	1.42265	1.15062	0.1686	1.02662	1.13701	0.175763
127.543	1.44685	0.868906	0.170695	1.42674	1.15006	0.167761	1.03113	1.13787	0.176483
127.681	1.45046	0.869121	0.170871	1.42674	1.15006	0.167761	1.03459	1.13796	0.176598
127.805	1.45365	0.869392	0.170846	1.42674	1.15006	0.167761	1.037	1.13714	0.175833
127.964	1.45478	0.869551	0.171039	1.43673	1.15105	0.168983	1.03844	1.13702	0.175735
128.242	1.4596	0.869802	0.171421	1.44038	1.15222	0.169056	1.04309	1.13748	0.175931
128.473	1.463	0.869883	0.171163	1.44492	1.15188	0.169096	1.04617	1.13777	0.176159
128.725	1.46434	0.870134	0.171478	1.4467	1.15245	0.169495	1.04808	1.13781	0.176383
128.888	1.46721	0.870605	0.171743	1.4467	1.15245	0.169495	1.05062	1.13794	0.176109
129.086	1.46995	0.870629	0.171088	1.4467	1.15245	0.169495	1.053	1.13787	0.175598
129.344	1.4721	0.870577	0.170598	1.4467	1.15245	0.169495	1.05478	1.13824	0.176517
129.621	1.47318	0.870664	0.170695	1.4467	1.15245	0.169495	1.05596	1.13842	0.177339
129.933	1.47367	0.870602	0.1715	1.4467	1.15245	0.169495	1.05687	1.13823	0.176944
130.205	1.47451	0.870729	0.171769	1.4467	1.15245	0.169495	1.05819	1.13801	0.175663
130.488	1.47548	0.871257	0.172173	1.4467	1.15245	0.169495	1.05867	1.13798	0.17575
130.737	1.47622	0.870972	0.171588	1.4467	1.15245	0.169495	1.05931	1.13802	0.176084
130.993	1.47679	0.871024	0.171437	1.4467	1.15245	0.169495	1.05937	1.13813	0.177023
131.283	1.47734	0.870921	0.171183	1.4467	1.15245	0.169495	1.05978	1.13818	0.176985
131.522	1.4773	0.870591	0.171167	1.4467	1.15245	0.169495	1.06021	1.13828	0.176307
131.826	1.47813	0.869696	0.169934	1.4467	1.15245	0.169495	1.06035	1.13823	0.175969
132.083	1.47708	0.870874	0.171536	1.4467	1.15245	0.169495	1.06025	1.13825	0.176272
132.354	1.47734	0.870873	0.171163	1.4467	1.15245	0.169495	1.05999	1.13827	0.176653
132.584	1.47726	0.870782	0.171017	1.4467	1.15245	0.169495	1.05955	1.13821	0.176742
132.812	1.477	0.870682	0.170997	1.4467	1.15245	0.169495	1.05951	1.13861	0.176337
133.019	1.47655	0.870633	0.171317	1.4467	1.15245	0.169495	1.05953	1.13847	0.175967
133.285	1.47601	0.87073	0.171396	1.4467	1.15245	0.169495	1.05918	1.13846	0.175956
133.562	1.47542	0.870815	0.17134	1.4467	1.15245	0.169495	1.05848	1.13848	0.176134
133.777	1.47492	0.870839	0.171292	1.4467	1.15245	0.169495	1.05714	1.13819	0.176058
134.007	1.47456	0.870795	0.171318	1.4467	1.15245	0.169495	1.05671	1.13818	0.176005
134.291	1.4742	0.870704	0.171358	1.4467	1.15245	0.169495	1.05673	1.13826	0.176093
134.566	1.47345	0.870615	0.171369	1.4467	1.15245	0.169495	1.05613	1.13828	0.175888
134.813	1.47279	0.870627	0.171416	1.4467	1.15245	0.169495	1.05529	1.13801	0.175723
135.053	1.47214	0.870069	0.170281	1.4467	1.15245	0.169495	1.05462	1.13805	0.175767
135.337	1.47127	0.870254	0.170179	1.4467	1.15245	0.169495	1.05372	1.1381	0.175699
135.596	1.4705	0.870255	0.17027	1.4467	1.15245	0.169495	1.05299	1.13806	0.175425
135.887	1.4698	0.870245	0.170488	1.4467	1.15245	0.169495	1.05242	1.13803	0.175431
136.185	1.46934	0.87026	0.170444	1.4467	1.15245	0.169495	1.05184	1.13801	0.175499
136.426	1.46865	0.870293	0.170365	1.4467	1.15245	0.169495	1.05113	1.13801	0.175515
136.652	1.46793	0.870348	0.170371	1.4467	1.15245	0.169495	1.05045	1.13807	0.17568
137.004	1.46714	0.870968	0.171592	1.4467	1.15245	0.169495	1.04984	1.13811	0.175736
137.269	1.46642	0.870953	0.171636	1.44916	1.1526	0.168491	1.0494	1.13833	0.175614
137.532	1.466	0.870901	0.171625	1.4488	1.15316	0.168394	1.04909	1.13834	0.175447
137.733	1.46567	0.870912	0.171634	1.4488	1.15316	0.168394	1.0488	1.13822	0.175437
138	1.46531	0.870901	0.17161	1.4488	1.15316	0.168394	1.04852	1.13818	0.1752
138.264	1.46497	0.870875	0.171555	1.44749	1.15286	0.168595	1.04857	1.13915	0.175895
138.522	1.46467	0.870796	0.171513	1.44707	1.15286	0.168592	1.04776	1.13807	0.175387
138.87	1.46444	0.870786	0.171577	1.44673	1.15292	0.168807	1.04761	1.13802	0.175427
139.166	1.46411	0.870714	0.171495	1.4465	1.1528	0.168513	1.04693	1.13807	0.175437
139.423	1.46386	0.870691	0.171332	1.44631	1.15307	0.168224	1.04689	1.13802	0.175384
139.68	1.46378	0.870747	0.171405	1.44628	1.15311	0.168255	1.04701	1.13793	0.175285
139.943	1.46359	0.870751	0.171377	1.44628	1.15311	0.168255	1.04688	1.13793	0.175352
140.191	1.46354	0.870746	0.171297	1.44628	1.15311	0.168255	1.04698	1.13791	0.175259
140.457	1.46347	0.870792	0.171315	1.44628	1.15311	0.168255	1.04713	1.13794	0.175252
140.752	1.46366	0.870916	0.171436	1.44628	1.15311	0.168255	1.04724	1.13797	0.175286
140.998	1.46364	0.870887	0.171443	1.44628	1.15311	0.168255	1.04726	1.13801	0.175355
141.201	1.46375	0.870846	0.171438	1.44628	1.15311	0.168255	1.04729	1.13803	0.17535
141.436	1.46397	0.870858	0.171502	1.44628	1.15311	0.168255	1.04742	1.13808	0.175357
141.719	1.46406	0.870953	0.171377	1.44628	1.15311	0.168255	1.04754	1.13809	0.175372
142.011	1.46419	0.871007	0.1711	1.44628	1.15311	0.168255	1.04763	1.13851	0.175402
142.194	1.46445	0.870925	0.171119	1.44628	1.15311	0.168255	1.04772	1.1385	0.175415
142.509	1.46426	0.870892	0.171518	1.44628	1.15311	0.168255	1.04748	1.13807	0.17551
142.761	1.46412	0.87089	0.171499	1.44628	1.15311	0.168255	1.04759	1.13803	0.17543
143.013	1.46396	0.8709	0.17145	1.44628	1.15311	0.168255	1.04761	1.13801	0.175384
143.228	1.46394	0.870902	0.171509	1.44628	1.15311	0.168255	1.04781	1.13851	0.175692
143.456	1.464	0.870897	0.171588	1.44628	1.15311	0.168255	1.04756	1.1381	0.17531
143.666	1.46411	0.870867	0.171341	1.44628	1.15311	0.168255	1.04714	1.13811	0.175294
143.898	1.46409	0.8708	0.171368	1.44628	1.15311	0.168255	1.04709	1.13816	0.175253
144.115	1.46411	0.870779	0.171443	1.44628	1.15311	0.168255	1.04708	1.13811	0.175263
144.291	1.464	0.870792	0.171396	1.44637	1.15291	0.168181	1.04703	1.13806	0.175211
144.483	1.46382	0.870783	0.171385	1.44638	1.1529	0.168133	1.04699	1.13806	0.175266
144.739	1.46381	0.870859	0.171442	1.44627	1.15294	0.168297	1.04707	1.13804	0.175298
145.011	1.46382	0.870876	0.171454	1.44544	1.15289	0.169102	1.04711	1.13805	0.175301
145.291	1.46369	0.870853	0.171323	1.4455	1.15288	0.169314	1.04712	1.13801	0.175264
145.555	1.46391	0.870898	0.171308	1.44544	1.15286	0.169319	1.04716	1.13802	0.175331
145.824	1.46411	0.870873	0.1713	1.44552	1.15294	0.16949	1.0472	1.13805	0.175345
146.041	1.46424	0.870818	0.171398	1.44555	1.15292	0.169323	1.04721	1.13804	0.175327
146.28	1.46426	0.870791	0.171354	1.4456	1.15288	0.169283	1.04718	1.13804	0.175292
146.531	1.46433	0.870756	0.171349	1.44569	1.15289	0.169279	1.04723	1.13809	0.175221
146.786	1.46412	0.870795	0.171446	1.44582	1.15267	0.169549	1.04715	1.13812	0.175248
147.065	1.464	0.870821	0.171391	1.44517	1.15281	0.169627	1.04701	1.13818	0.175164
147.315	1.46386	0.870824	0.171377	1.4454	1.15293	0.169149	1.04707	1.13811	0.175272
147.569	1.46391	0.870826	0.171479	1.44532	1.15301	0.16935	1.04719	1.13805	0.175301
147.855	1.46382	0.870826	0.171503	1.44565	1.15301	0.16896	1.04699	1.13811	0.175392
148.087	1.46378	0.870777	0.17144	1.4465	1.15336	0.168129	1.04707	1.13805	0.175284
148.308	1.46389	0.870837	0.171401	1.4465	1.15336	0.168129	1.04744	1.13797	0.175183
148.519	1.46389	0.870924	0.171502	1.4465	1.15336	0.168129	1.04726	1.13803	0.175375
148.706	1.46391	0.870796	0.1714	1.4465	1.15336	0.168129	1.04708	1.13805	0.175408
148.962	1.46402	0.870845	0.171185	1.44634	1.15319	0.16826	1.04714	1.13804	0.175264
149.191	1.4643	0.870732	0.171279	1.44625	1.15284	0.168676	1.04718	1.13807	0.175233
149.43	1.46435	0.870632	0.171329	1.44635	1.15287	0.168685	1.04726	1.13809	0.175253
149.729	1.46428	0.870671	0.171253	1.44638	1.15278	0.168482	1.04718	1.13808	0.175234
149.949	1.46412	0.870726	0.171411	1.44642	1.15283	0.168592	1.04718	1.13811	0.175294
150.161	1.46422	0.870695	0.171504	1.44641	1.15285	0.168737	1.04737	1.13805	0.175368
150.47	1.46388	0.870804	0.171556	1.44654	1.15274	0.168686	1.04746	1.138	0.175301
150.684	1.46375	0.870796	0.171358	1.44642	1.15304	0.168773	1.04724	1.13808	0.175323
150.974	1.46368	0.870863	0.171417	1.44635	1.15292	0.168632	1.04705	1.13811	0.175447
151.259	1.46358	0.870842	0.171578	1.44646	1.1528	0.168668	1.04697	1.13808	0.175538
151.466	1.46355	0.870816	0.171459	1.44659	1.15291	0.168784	1.04711	1.13806	0.175392
151.637	1.46432	0.870582	0.171304	1.44542	1.153	0.16906	1.04727	1.138	0.175371
151.809	1.46492	0.869866	0.170219	1.44592	1.15272	0.169392	1.0474	1.13803	0.175461
152.044	1.46468	0.869999	0.170208	1.44595	1.15271	0.169062	1.04743	1.13802	0.175453
152.236	1.46398	0.8702	0.170251	1.44582	1.15262	0.169474	1.04738	1.13804	0.175368
152.493	1.46377	0.870868	0.17141	1.44537	1.15282	0.168842	1.04742	1.13802	0.17543
152.698	1.46384	0.870923	0.171413	1.4465	1.15284	0.16884	1.04741	1.13805	0.175522
152.882	1.46378	0.870895	0.171366	1.44644	1.15317	0.168934	1.04757	1.13805	0.175389
153.07	1.46379	0.870847	0.171339	1.44629	1.15298	0.168636	1.04712	1.13801	0.17543
153.332	1.46383	0.870853	0.171407	1.44648	1.15263	0.168982	1.04743	1.13805	0.175355
153.448	1.4639	0.870799	0.17146	1.44622	1.15301	0.168806	1.04733	1.13806	0.175444
153.519	1.46394	0.87079	0.171448	1.44635	1.1529	0.168567	1.04728	1.13804	0.175493
153.591	1.46394	0.87079	0.171448	1.44635	1.1529	0.168567	1.04728	1.13804	0.175493
153.781	1.46389	0.870808	0.17148	1.44625	1.1528	0.168729	1.04722	1.13807	0.175491
154.044	1.46352	0.87098	0.171505	1.44529	1.15301	0.169474	1.04727	1.13805	0.175542
154.227	1.46361	0.870914	0.17135	1.44545	1.15308	0.169596	1.04722	1.13801	0.175369
154.401	1.46383	0.870877	0.171321	1.44536	1.15285	0.1689	1.04736	1.13806	0.175389
154.582	1.46399	0.870888	0.171401	1.44552	1.15305	0.169236	1.04747	1.13804	0.175416
154.76	1.46401	0.870823	0.171327	1.44546	1.15298	0.169152	1.04734	1.13809	0.175408
154.932	1.464	0.870802	0.171229	1.44558	1.15293	0.169315	1.04719	1.13849	0.175484
155.12	1.46404	0.870818	0.171308	1.44565	1.15281	0.169418	1.04721	1.13809	0.175545
155.41	1.46395	0.87088	0.171397	1.44551	1.15296	0.169246	1.04743	1.13811	0.175403
155.646	1.46381	0.870888	0.171281	1.44563	1.15284	0.169616	1.04741	1.13848	0.175391
155.827	1.46385	0.870917	0.171316	1.44563	1.15284	0.169616	1.04769	1.13853	0.175351
156.014	1.46398	0.870865	0.17134	1.44577	1.15291	0.169236	1.04732	1.1384	0.175502
156.195	1.46398	0.870856	0.171232	1.44687	1.15273	0.169427	1.04732	1.13844	0.175512
156.398	1.46393	0.870789	0.171193	1.44579	1.15254	0.168124	1.04767	1.13848	0.175325
156.609	1.46397	0.870788	0.171326	1.44634	1.15273	0.168593	1.04765	1.1385	0.175413
156.826	1.46411	0.870743	0.171403	1.44632	1.15279	0.16868	1.04789	1.13909	0.175899
157.013	1.46403	0.870753	0.171314	1.44557	1.15242	0.168625	1.04741	1.13849	0.175434
157.193	1.46395	0.870745	0.171347	1.44638	1.1528	0.168857	1.04752	1.1385	0.175419
157.375	1.46395	0.870784	0.171465	1.44613	1.1529	0.169304	1.04776	1.13854	0.175371
157.558	1.46381	0.870809	0.171448	1.44667	1.15282	0.16826	1.04734	1.13844	0.175557
157.785	1.4637	0.870836	0.171396	1.44645	1.1526	0.168868	1.04734	1.13845	0.175527
157.965	1.4637	0.870871	0.171478	1.44682	1.15249	0.168671	1.04729	1.13808	0.175528
158.153	1.4636	0.870937	0.171569	1.44674	1.15268	0.168784	1.04734	1.13845	0.175579
158.333	1.46335	0.870979	0.17153	1.44674	1.15271	0.168714	1.04728	1.13849	0.175493
158.525	1.46341	0.870979	0.171586	1.44584	1.15285	0.169275	1.04733	1.13805	0.175466
158.705	1.46372	0.870856	0.17157	1.44571	1.15282	0.169356	1.04733	1.13807	0.175455
158.921	1.46392	0.870743	0.171501	1.44588	1.153	0.16926	1.04734	1.13806	0.175401
159.105	1.4642	0.870668	0.171373	1.44576	1.15285	0.169082	1.04728	1.13802	0.175367
159.292	1.46426	0.870664	0.171392	1.4455	1.15304	0.168977	1.04727	1.13805	0.175438
159.471	1.46408	0.870772	0.171419	1.4455	1.15304	0.168975	1.04719	1.13808	0.175405
159.638	1.46383	0.87099	0.171258	1.44558	1.153	0.16867	1.04708	1.138	0.175352
159.833	1.46354	0.870997	0.171316	1.44558	1.153	0.16867	1.04696	1.13811	0.17537
160.043	1.46356	0.8711	0.171544	1.44558	1.153	0.16867	1.04702	1.13811	0.175367
160.21	1.46357	0.870993	0.171483	1.44558	1.153	0.16867	1.04715	1.13808	0.175363
160.378	1.46387	0.870869	0.171338	1.44558	1.153	0.16867	1.04724	1.13801	0.17526
160.562	1.46424	0.870785	0.171208	1.44558	1.153	0.16867	1.04728	1.13803	0.175326
160.74	1.46425	0.870694	0.17133	1.44558	1.153	0.16867	1.04726	1.13807	0.175402
160.918	1.46424	0.870656	0.171223	1.44558	1.153	0.16867	1.04717	1.13812	0.175332
161.129	1.46418	0.870657	0.171259	1.44558	1.153	0.16867	1.04709	1.13803	0.175344
161.349	1.46407	0.870838	0.171361	1.44558	1.153	0.16867	1.04709	1.13811	0.17547
161.542	1.46403	0.870791	0.171327	1.44558	1.153	0.16867	1.04706	1.13818	0.17543
161.669	1.464	0.870816	0.17127	1.44558	1.153	0.16867	1.04682	1.13863	0.175398
161.863	1.46384	0.870785	0.171385	1.44558	1.153	0.16867	1.04702	1.13851	0.175461
162.055	1.46379	0.87087	0.171579	1.44558	1.153	0.16867	1.04714	1.13819	0.175501
162.269	1.46371	0.870873	0.171468	1.44558	1.153	0.16867	1.04707	1.13855	0.175448
162.503	1.46366	0.870863	0.171435	1.44558	1.153	0.16867	1.04714	1.1385	0.1754
162.721	1.46388	0.870945	0.171461	1.44558	1.153	0.16867	1.04724	1.13814	0.175331
162.944	1.46385	0.870854	0.171511	1.44558	1.153	0.16867	1.04739	1.13809	0.17542
163.142	1.46385	0.870872	0.171338	1.44558	1.153	0.16867	1.04733	1.13804	0.175357
163.375	1.46381	0.870822	0.171419	1.44558	1.153	0.16867	1.04744	1.13803	0.175314
163.631	1.46387	0.870816	0.171493	1.44558	1.153	0.16867	1.0473	1.13803	0.175507
163.795	1.46389	0.870797	0.171363	1.44558	1.153	0.16867	1.04733	1.13799	0.175424
163.965	1.46386	0.870805	0.171292	1.44558	1.153	0.16867	1.04728	1.13801	0.175315
164.128	1.46384	0.870848	0.171376	1.44558	1.153	0.16867	1.04725	1.13803	0.175318
164.289	1.46381	0.870865	0.171463	1.44558	1.153	0.16867	1.04739	1.13801	0.175326
164.487	1.46369	0.870926	0.171443	1.44558	1.153	0.16867	1.04738	1.13795	0.175237
164.663	1.46361	0.870932	0.171401	1.44558	1.153	0.16867	1.04723	1.13796	0.175233
164.888	1.46372	0.870897	0.171416	1.44558	1.153	0.16867	1.04723	1.13803	0.175329
165.097	1.4638	0.870864	0.171408	1.44558	1.153	0.16867	1.04727	1.13799	0.175282
165.267	1.46379	0.870868	0.171377	1.44558	1.153	0.16867	1.04725	1.13799	0.175196
165.453	1.46386	0.870859	0.171354	1.44558	1.153	0.16867	1.04726	1.13796	0.175186
165.712	1.46391	0.870822	0.171396	1.44558	1.153	0.16867	1.04732	1.13796	0.175218
165.962	1.46402	0.870817	0.171318	1.44558	1.153	0.16867	1.0473	1.13791	0.175232
166.125	1.46421	0.870744	0.171312	1.44558	1.153	0.16867	1.04713	1.13798	0.175328
166.368	1.4633	0.870871	0.171628	1.44558	1.153	0.16867	1.04708	1.13805	0.175436
166.586	1.46349	0.870943	0.171614	1.44558	1.153	0.16867	1.04696	1.13804	0.175379
166.751	1.46324	0.870891	0.171511	1.44558	1.153	0.16867	1.04697	1.13802	0.175309
166.946	1.46321	0.870881	0.171562	1.44558	1.153	0.16867	1.0471	1.138	0.17529
167.139	1.46324	0.870888	0.17166	1.44558	1.153	0.16867	1.04736	1.13797	0.17522
167.396	1.4632	0.870894	0.171575	1.44558	1.153	0.16867	1.04728	1.138	0.175119
167.709	1.46315	0.87089	0.171563	1.44558	1.153	0.16867	1.04709	1.13799	0.175253
167.941	1.46313	0.870921	0.171724	1.44558	1.153	0.16867	1.04708	1.13801	0.175322
168.114	1.46407	0.870795	0.171413	1.44643	1.15302	0.168167	1.04699	1.13806	0.175349
168.314	1.46385	0.870845	0.171337	1.4457	1.15295	0.168791	1.04686	1.13805	0.17526
168.566	1.4636	0.870915	0.17138	1.4457	1.15295	0.168791	1.04693	1.13803	0.175311
168.785	1.46361	0.87102	0.171408	1.4457	1.15295	0.168791	1.04719	1.13797	0.175324
169.029	1.46377	0.870919	0.171333	1.4457	1.15295	0.168791	1.04699	1.13805	0.175249
169.294	1.46381	0.870781	0.171169	1.4457	1.15295	0.168791	1.047	1.13799	0.175091
169.509	1.46392	0.870745	0.171391	1.4457	1.15295	0.168791	1.0471	1.13803	0.175208
169.802	1.46406	0.870701	0.171411	1.4457	1.15295	0.168791	1.04716	1.13802	0.175241
170	1.46397	0.870711	0.171278	1.4457	1.15295	0.168791	1.04673	1.13806	0.175215
170.163	1.46381	0.870754	0.171151	1.4457	1.15295	0.168791	1.0468	1.13803	0.175231
170.363	1.4639	0.87084	0.171442	1.4457	1.15295	0.168791	1.04686	1.13809	0.17529
170.588	1.46367	0.871029	0.171521	1.4457	1.15295	0.168791	1.04704	1.13802	0.175187
170.763	1.4638	0.8708	0.171233	1.4457	1.15295	0.168791	1.047	1.13796	0.175147
171.003	1.46384	0.87085	0.171247	1.4457	1.15295	0.168791	1.04708	1.13797	0.175127
171.222	1.46372	0.870821	0.171435	1.4457	1.15295	0.168791	1.04688	1.13806	0.175255
171.45	1.46373	0.870788	0.171334	1.4457	1.15295	0.168791	1.04703	1.13796	0.175225
171.685	1.46365	0.870794	0.171192	1.4457	1.15295	0.168791	1.04695	1.13798	0.175175
171.825	1.46341	0.870942	0.171537	1.4457	1.15295	0.168791	1.0471	1.13797	0.17518
171.916	1.46365	0.870995	0.17143	1.4457	1.15295	0.168791	1.04696	1.13809	0.175414
172.155	1.46397	0.870749	0.171239	1.4457	1.15295	0.168791	1.04692	1.13809	0.175323
172.325	1.46422	0.870758	0.171073	1.44569	1.15294	0.168973	1.0471	1.13809	0.175158
172.421	1.46402	0.870776	0.171317	1.44625	1.15286	0.16838	1.04727	1.13808	0.175219
172.524	1.46399	0.870839	0.171293	1.44629	1.15295	0.168324	1.04737	1.13797	0.175173
172.644	1.46399	0.870729	0.171186	1.44632	1.15297	0.168128	1.04736	1.13796	0.175052
172.793	1.46459	0.870327	0.170528	1.44642	1.15313	0.168465	1.04737	1.13798	0.175163
173.065	1.46509	0.869828	0.170392	1.44652	1.15282	0.168478	1.04743	1.13795	0.175234
173.308	1.4649	0.869912	0.1705	1.44643	1.15283	0.168434	1.04736	1.13795	0.175199
173.56	1.46468	0.869977	0.170596	1.44639	1.15313	0.168428	1.04734	1.13797	0.17515
173.618	1.46468	0.869977	0.170596	1.44639	1.15313	0.168428	1.04734	1.13797	0.17515
173.65	1.46468	0.869977	0.170596	1.44639	1.15313	0.168428	1.04734	1.13797	0.17515
173.7	1.46468	0.869977	0.170596	1.44639	1.15313	0.168428	1.04734	1.13797	0.17515
173.731	1.46468	0.869977	0.170596	1.44639	1.15313	0.168428	1.04734	1.13797	0.17515
174.159	1.46468	0.869977	0.170596	1.44639	1.15313	0.168428	1.04734	1.13797	0.17515
