Time      x1      y1      z1	x2	y2	z2	x3	y3	z3	x4	y4	z4
10.293	6.92376e-310	6.92376e-310	2.122e-314	3.135e-317	1.5316e-322	6.92376e-310	0	0	0
10.348	6.92376e-310	6.92376e-310	2.122e-314	3.135e-317	1.5316e-322	6.92376e-310	0	0	0
10.398	6.92376e-310	6.92376e-310	2.122e-314	3.135e-317	1.5316e-322	6.92376e-310	0	0	0
10.459	6.92376e-310	6.92376e-310	2.122e-314	3.135e-317	1.5316e-322	6.92376e-310	0	0	0
10.513	6.92376e-310	6.92376e-310	2.122e-314	3.135e-317	1.5316e-322	6.92376e-310	0	0	0
10.538	6.92376e-310	6.92376e-310	2.122e-314	3.135e-317	1.5316e-322	6.92376e-310	0	0	0
10.586	6.92376e-310	6.92376e-310	2.122e-314	3.135e-317	1.5316e-322	6.92376e-310	0	0	0
10.609	6.92376e-310	6.92376e-310	2.122e-314	3.135e-317	1.5316e-322	6.92376e-310	0	0	0
10.632	6.92376e-310	6.92376e-310	2.122e-314	3.135e-317	1.5316e-322	6.92376e-310	0	0	0
10.764	6.92376e-310	6.92376e-310	2.122e-314	3.135e-317	1.5316e-322	6.92376e-310	0	0	0
10.787	6.92376e-310	6.92376e-310	2.122e-314	3.135e-317	1.5316e-322	6.92376e-310	0	0	0
10.826	6.92376e-310	6.92376e-310	2.122e-314	3.135e-317	1.5316e-322	6.92376e-310	0	0	0
10.902	6.92376e-310	6.92376e-310	2.122e-314	3.135e-317	1.5316e-322	6.92376e-310	0	0	0
10.963	6.92376e-310	6.92376e-310	2.122e-314	3.135e-317	1.5316e-322	6.92376e-310	0	0	0
11.017	6.92376e-310	6.92376e-310	2.122e-314	3.135e-317	1.5316e-322	6.92376e-310	0	0	0
11.976	6.92376e-310	6.92376e-310	2.122e-314	3.135e-317	1.5316e-322	6.92376e-310	0	0	0
12.118	-1.74904	0.740299	0.14705	-1.75983	1.02238	0.145071	-2.15904	1.01736	0.153106
12.285	-1.74924	0.740443	0.147498	-1.75983	1.02237	0.145073	-2.15903	1.01737	0.153104
12.458	-1.74905	0.740311	0.147067	-1.75998	1.02231	0.145216	-2.15907	1.01738	0.153174
12.622	-1.74901	0.740278	0.147025	-1.75982	1.02238	0.145073	-2.15907	1.0174	0.15319
12.789	-1.74924	0.740461	0.147494	-1.75982	1.02237	0.145054	-2.15903	1.01738	0.153118
12.956	-1.74905	0.740278	0.147073	-1.75986	1.02237	0.145097	-2.15906	1.01734	0.153161
13.153	-1.74924	0.74044	0.147518	-1.75996	1.02229	0.145162	-2.15909	1.01736	0.153251
13.313	-1.74903	0.740306	0.147043	-1.75995	1.02227	0.145099	-2.15903	1.01734	0.153096
13.48	-1.74925	0.740481	0.147543	-1.75983	1.02236	0.145057	-2.15904	1.01736	0.153108
13.643	-1.74927	0.740465	0.147569	-1.75987	1.02238	0.145097	-2.1591	1.01739	0.153218
13.843	-1.74925	0.740473	0.147515	-1.75983	1.02238	0.145087	-2.15907	1.01736	0.153172
14.098	-1.74924	0.740496	0.147518	-1.75978	1.02237	0.145029	-2.159	1.01737	0.153095
14.265	-1.74928	0.740462	0.147583	-1.75985	1.02238	0.145113	-2.15905	1.01735	0.15314
14.429	-1.74924	0.740494	0.147564	-1.75984	1.0224	0.145101	-2.15907	1.01736	0.153153
14.567	-1.7492	0.740505	0.147502	-1.7598	1.02237	0.145051	-2.15902	1.01736	0.153073
14.763	-1.74921	0.740501	0.147502	-1.75978	1.02238	0.145022	-2.15899	1.01736	0.153041
14.924	-1.74902	0.740363	0.147207	-1.75996	1.02228	0.145113	-2.15901	1.01735	0.153104
15.121	-1.74925	0.740497	0.147572	-1.75984	1.02237	0.145085	-2.15908	1.01736	0.153177
15.366	-1.7492	0.740504	0.147512	-1.7598	1.02238	0.145037	-2.15899	1.01736	0.153062
15.394	-1.74905	0.740369	0.147105	-1.75981	1.0224	0.14504	-2.15899	1.01733	0.15302
15.525	-1.74905	0.740369	0.147105	-1.75981	1.0224	0.14504	-2.15899	1.01733	0.15302
15.689	-1.74902	0.740341	0.147083	-1.75981	1.02238	0.145021	-2.15901	1.01734	0.153065
15.854	-1.74924	0.740532	0.147542	-1.75978	1.02238	0.145	-2.15897	1.01737	0.152988
16.023	-1.74907	0.740416	0.147145	-1.75982	1.02241	0.145077	-2.15902	1.01735	0.153062
16.188	-1.74905	0.740381	0.147162	-1.75983	1.0224	0.14509	-2.15862	1.01702	0.152399
16.384	-1.74922	0.740525	0.14753	-1.75977	1.0224	0.145043	-2.15861	1.01701	0.15235
16.553	-1.74901	0.740357	0.147097	-1.75977	1.02241	0.145007	-2.15897	1.01733	0.152995
16.716	-1.74903	0.74037	0.147125	-1.75979	1.02241	0.145077	-2.15903	1.01735	0.153104
16.879	-1.749	0.740316	0.147072	-1.75979	1.02241	0.145061	-2.15906	1.01736	0.153194
17.048	-1.74899	0.740373	0.147065	-1.75977	1.02243	0.144994	-2.15898	1.01734	0.153021
17.249	-1.74903	0.740378	0.147093	-1.75977	1.02242	0.14499	-2.15864	1.01705	0.152493
17.414	-1.74903	0.740362	0.147091	-1.7598	1.02241	0.145046	-2.15903	1.01735	0.153145
17.591	-1.74899	0.740352	0.147059	-1.75978	1.02244	0.145005	-2.15866	1.01701	0.152509
17.754	-1.74897	0.740353	0.147049	-1.75975	1.02243	0.144977	-2.15862	1.01701	0.1524
17.919	-1.749	0.740352	0.147083	-1.7598	1.02243	0.14504	-2.15868	1.01698	0.152492
18.121	-1.74898	0.740324	0.147051	-1.75977	1.02243	0.145037	-2.15887	1.01669	0.152508
18.282	-1.74899	0.740378	0.147048	-1.75921	1.02215	0.144109	-2.15879	1.01671	0.152455
18.444	-1.74899	0.740338	0.147059	-1.75924	1.02219	0.144111	-2.15865	1.01698	0.152443
18.613	-1.74901	0.740348	0.147073	-1.75927	1.0222	0.144177	-2.15884	1.01678	0.15256
18.775	-1.74898	0.740371	0.147036	-1.75924	1.0222	0.144118	-2.15882	1.01674	0.152528
18.938	-1.74897	0.740362	0.147021	-1.75922	1.02214	0.144071	-2.1588	1.0167	0.152375
19.134	-1.74898	0.74037	0.147044	-1.75921	1.02212	0.144078	-2.1588	1.01671	0.152435
19.326	-1.74898	0.7403	0.14703	-1.75925	1.02218	0.144147	-2.15884	1.01674	0.152513
19.49	-1.74895	0.740353	0.147034	-1.75919	1.02213	0.144058	-2.1588	1.01673	0.152418
19.661	-1.74897	0.740331	0.147023	-1.75921	1.02214	0.144105	-2.15865	1.01698	0.152463
19.838	-1.74898	0.740372	0.147059	-1.75938	1.02215	0.144288	-2.15869	1.017	0.15255
20.022	-1.74897	0.740343	0.147051	-1.75925	1.02216	0.14413	-2.15872	1.01699	0.152539
20.212	-1.74896	0.740322	0.147019	-1.75926	1.02219	0.144123	-2.15865	1.01701	0.152473
20.395	-1.74897	0.740345	0.147046	-1.75922	1.02216	0.144096	-2.15868	1.01699	0.152465
20.617	-1.74895	0.740329	0.147037	-1.7599	1.02234	0.145098	-2.15872	1.01704	0.152546
20.801	-1.74919	0.740499	0.147498	-1.75979	1.02243	0.145021	-2.15871	1.01703	0.152537
21.046	-1.74919	0.740511	0.147485	-1.75975	1.02243	0.144976	-2.15899	1.01734	0.153014
21.298	-1.74899	0.74037	0.147073	-1.75978	1.02241	0.145024	-2.15903	1.01734	0.153079
21.566	-1.74903	0.740351	0.14707	-1.7598	1.02242	0.145054	-2.15905	1.01734	0.153122
21.83	-1.74902	0.740342	0.147086	-1.75979	1.02242	0.145012	-2.15901	1.01735	0.153064
22.084	-1.74901	0.740352	0.147092	-1.75979	1.02242	0.145032	-2.15901	1.01737	0.153057
22.394	-1.74903	0.740396	0.147109	-1.75991	1.02232	0.145038	-2.15871	1.01702	0.152513
22.603	-1.74924	0.740532	0.14757	-1.7598	1.0224	0.145052	-2.15866	1.01703	0.152428
22.768	-1.74903	0.740379	0.147106	-1.75978	1.02241	0.145038	-2.159	1.01735	0.15305
22.932	-1.74904	0.740384	0.147113	-1.75982	1.02241	0.145053	-2.15853	1.01692	0.152209
23.124	-1.74905	0.740377	0.147129	-1.75983	1.02241	0.145099	-2.15852	1.01697	0.152168
23.286	-1.74905	0.740402	0.147143	-1.75983	1.0224	0.145075	-2.15847	1.01692	0.15208
23.451	-1.74905	0.740404	0.147144	-1.76001	1.02236	0.145285	-2.15844	1.01691	0.152032
23.61	-1.74904	0.740349	0.147116	-1.75984	1.02238	0.145137	-2.15845	1.01693	0.152095
23.803	-1.74908	0.740368	0.147133	-1.76002	1.02233	0.145313	-2.15845	1.01693	0.152089
23.973	-1.74908	0.740374	0.14711	-1.75983	1.02239	0.145092	-2.15842	1.01689	0.152033
24.125	-1.74906	0.740385	0.147144	-1.75982	1.0224	0.14509	-2.15842	1.01694	0.152089
24.251	-1.74906	0.740331	0.147128	-1.75988	1.0224	0.145142	-2.15847	1.01691	0.152125
24.445	-1.74906	0.740368	0.147144	-1.76	1.02234	0.145271	-2.15843	1.01693	0.152126
24.605	-1.74907	0.740359	0.147158	-1.75984	1.02239	0.145157	-2.15845	1.01691	0.152064
24.763	-1.74906	0.74032	0.147138	-1.75985	1.02239	0.145157	-2.15846	1.01691	0.1521
24.924	-1.74906	0.740379	0.147157	-1.75984	1.02235	0.145078	-2.15848	1.01694	0.152152
25.077	-1.74905	0.740324	0.147138	-1.75981	1.02236	0.145078	-2.15844	1.01692	0.152067
25.27	-1.74907	0.740317	0.147134	-1.75983	1.02235	0.145083	-2.15847	1.0169	0.152128
25.433	-1.74905	0.740354	0.147132	-1.75998	1.02231	0.145241	-2.1585	1.0169	0.152127
25.598	-1.74906	0.740354	0.147122	-1.75981	1.02236	0.145081	-2.15843	1.01694	0.1521
25.758	-1.74908	0.740353	0.147148	-1.75984	1.02236	0.14509	-2.15844	1.01691	0.152104
25.954	-1.74907	0.74035	0.147145	-1.75986	1.02235	0.145125	-2.15851	1.01698	0.15222
26.111	-1.74904	0.740331	0.1471	-1.75984	1.02236	0.145073	-2.15844	1.01693	0.152139
26.279	-1.74907	0.740343	0.14714	-1.76004	1.02232	0.145307	-2.15847	1.01693	0.152117
26.442	-1.74905	0.740309	0.14711	-1.75985	1.02236	0.145078	-2.15847	1.01693	0.152141
26.597	-1.74906	0.740346	0.147115	-1.75985	1.02235	0.145108	-2.15851	1.01693	0.15217
26.762	-1.74905	0.740329	0.147097	-1.75982	1.02234	0.145069	-2.15846	1.01692	0.152078
26.915	-1.74908	0.740322	0.147103	-1.75984	1.02234	0.145052	-2.15847	1.01693	0.152111
27.101	-1.7491	0.740354	0.147136	-1.75987	1.02234	0.145116	-2.15849	1.01692	0.152122
27.272	-1.74906	0.740378	0.147089	-1.75984	1.02237	0.14504	-2.15847	1.01693	0.152102
27.427	-1.74907	0.740324	0.147094	-1.75984	1.02235	0.145032	-2.15843	1.01693	0.152054
27.578	-1.74908	0.740306	0.147131	-1.75987	1.0224	0.145179	-2.15845	1.01692	0.152093
27.742	-1.74904	0.7403	0.147071	-1.75987	1.0224	0.145201	-2.15848	1.01693	0.152129
27.91	-1.74906	0.740318	0.147063	-1.75985	1.02238	0.145124	-2.15843	1.0169	0.152028
28.156	-1.7491	0.740365	0.147142	-1.75984	1.02238	0.145106	-2.15843	1.0169	0.152038
28.32	-1.74907	0.740318	0.147091	-1.75999	1.0223	0.145189	-2.15844	1.01693	0.152106
28.479	-1.74904	0.740345	0.147069	-1.75992	1.02234	0.145154	-2.15844	1.01691	0.152083
28.633	-1.74905	0.740354	0.147096	-1.76002	1.02234	0.145238	-2.15841	1.01692	0.152063
28.803	-1.74906	0.740324	0.147113	-1.75983	1.02242	0.145095	-2.15844	1.01687	0.152071
28.994	-1.74905	0.740351	0.14711	-1.75985	1.02241	0.145129	-2.15845	1.01691	0.152088
29.239	-1.74902	0.740349	0.147063	-1.75979	1.02239	0.145035	-2.15847	1.0169	0.152126
29.413	-1.74904	0.740367	0.147114	-1.7598	1.02241	0.145049	-2.15848	1.01693	0.152141
29.575	-1.74924	0.740501	0.147559	-1.75982	1.0224	0.145094	-2.15907	1.01733	0.15313
29.729	-1.74901	0.740354	0.147098	-1.75979	1.0224	0.14505	-2.15854	1.01694	0.15223
29.883	-1.74899	0.740315	0.147053	-1.75977	1.02239	0.145026	-2.15856	1.01696	0.152283
30.117	-1.74906	0.740356	0.147092	-1.75978	1.02241	0.145034	-2.15902	1.01734	0.153055
30.414	-1.74902	0.740356	0.147098	-1.75994	1.0223	0.145119	-2.15868	1.01702	0.152463
30.597	-1.74901	0.740353	0.147067	-1.75978	1.02242	0.145027	-2.15867	1.01702	0.152459
30.781	-1.74905	0.740396	0.147121	-1.75978	1.02239	0.145007	-2.15898	1.01733	0.153
30.953	-1.74905	0.740345	0.147133	-1.75983	1.0224	0.145068	-2.15905	1.01733	0.153087
31.108	-1.74901	0.740349	0.14707	-1.75982	1.0224	0.145048	-2.15905	1.01734	0.153141
31.304	-1.74919	0.740521	0.147503	-1.75978	1.02242	0.145003	-2.15901	1.01733	0.153013
31.461	-1.74924	0.740534	0.147559	-1.75978	1.02241	0.144995	-2.15901	1.01733	0.153023
31.617	-1.74904	0.740355	0.147084	-1.75983	1.02243	0.145075	-2.15906	1.01738	0.153146
31.778	-1.74901	0.74036	0.147068	-1.7599	1.0223	0.145011	-2.15905	1.01735	0.153101
31.933	-1.74901	0.740347	0.14706	-1.75976	1.02242	0.144972	-2.15902	1.01733	0.152996
32.093	-1.74898	0.740391	0.147134	-1.75979	1.02239	0.145	-2.15902	1.01733	0.153059
32.301	-1.74899	0.740342	0.147064	-1.75922	1.02193	0.144042	-2.15907	1.01735	0.153129
32.475	-1.74898	0.740341	0.147039	-1.75979	1.02242	0.145011	-2.15902	1.01734	0.153037
32.735	-1.74903	0.740399	0.147108	-1.75998	1.02236	0.145176	-2.15865	1.01703	0.152443
33.01	-1.74902	0.740335	0.147062	-1.7598	1.02241	0.145019	-2.15907	1.01732	0.153077
33.267	-1.74901	0.740402	0.147069	-1.75979	1.02242	0.144989	-2.15905	1.01736	0.153098
33.533	-1.74901	0.740365	0.14706	-1.75995	1.02237	0.145164	-2.15901	1.01734	0.153048
33.796	-1.74905	0.740358	0.147094	-1.76001	1.02233	0.145163	-2.15901	1.01735	0.15303
34.07	-1.74901	0.740351	0.147069	-1.7598	1.02242	0.145039	-2.15907	1.01737	0.153134
34.39	-1.74898	0.740332	0.147049	-1.75991	1.02233	0.145066	-2.15904	1.01735	0.153094
34.631	-1.74901	0.740356	0.147081	-1.76002	1.0224	0.145241	-2.159	1.01733	0.152994
34.872	-1.74906	0.740382	0.147121	-1.7598	1.02241	0.145023	-2.15903	1.01733	0.153057
35.103	-1.74899	0.740297	0.147034	-1.7598	1.0224	0.145009	-2.15906	1.01735	0.153158
35.372	-1.74898	0.740314	0.147044	-1.75992	1.0223	0.145035	-2.15901	1.01736	0.153017
35.662	-1.74902	0.740364	0.147072	-1.75978	1.02242	0.145004	-2.15901	1.01733	0.15302
35.913	-1.749	0.740336	0.147061	-1.75981	1.02241	0.145041	-2.15906	1.01735	0.153108
36.186	-1.74902	0.740367	0.147085	-1.7598	1.02241	0.145049	-2.15905	1.01734	0.153106
36.477	-1.74918	0.740505	0.147486	-1.75979	1.0224	0.144987	-2.159	1.01734	0.152989
36.739	-1.74924	0.74053	0.14753	-1.75979	1.0224	0.144999	-2.15902	1.01732	0.15302
37.028	-1.74903	0.740343	0.14708	-1.75983	1.0224	0.145062	-2.15871	1.01704	0.152537
37.32	-1.74903	0.740354	0.147092	-1.75981	1.02241	0.145029	-2.15904	1.01736	0.153094
37.569	-1.74905	0.740377	0.147091	-1.7598	1.0224	0.145039	-2.15862	1.017	0.152372
37.804	-1.74903	0.740335	0.147072	-1.75983	1.0224	0.145086	-2.15866	1.01706	0.152444
38.036	-1.74903	0.740339	0.147068	-1.75981	1.02239	0.145048	-2.15868	1.01701	0.152472
38.29	-1.74897	0.740379	0.147125	-1.75982	1.02238	0.14502	-2.15902	1.01735	0.153042
38.533	-1.74905	0.740328	0.147079	-1.76002	1.02235	0.145237	-2.15851	1.01695	0.15216
38.832	-1.74924	0.740517	0.14757	-1.75982	1.02241	0.145072	-2.1585	1.01692	0.152151
39.114	-1.74904	0.740335	0.147082	-1.7598	1.02239	0.145031	-2.15849	1.01694	0.15216
39.381	-1.74898	0.740357	0.147106	-1.7598	1.0224	0.145009	-2.15845	1.01691	0.152063
39.643	-1.74901	0.740349	0.147155	-1.75983	1.02239	0.14506	-2.15847	1.0169	0.152107
39.843	-1.74922	0.74049	0.1475	-1.75986	1.02239	0.145105	-2.15849	1.01695	0.152108
40.162	-1.74924	0.740492	0.147538	-1.75983	1.02239	0.145072	-2.15849	1.01691	0.15212
40.401	-1.74905	0.74035	0.147092	-1.75983	1.02238	0.145059	-2.15841	1.0169	0.151996
40.643	-1.74905	0.740319	0.1471	-1.75983	1.02237	0.145096	-2.15846	1.01694	0.152092
40.775	-1.74924	0.740481	0.147532	-1.75983	1.02236	0.145075	-2.15845	1.01691	0.152057
40.873	-1.74906	0.740343	0.147127	-1.75984	1.02237	0.145082	-2.15843	1.01692	0.15202
40.969	-1.74908	0.740309	0.14712	-1.75986	1.02235	0.145094	-2.15843	1.01693	0.152055
41.236	-1.74905	0.740312	0.147079	-1.75984	1.02238	0.145106	-2.15848	1.01691	0.152091
41.373	-1.74905	0.740325	0.14709	-1.75984	1.02238	0.145092	-2.15843	1.0169	0.152002
41.472	-1.7491	0.740354	0.147142	-1.75985	1.02236	0.145082	-2.15846	1.01689	0.152049
41.654	-1.74907	0.740305	0.147109	-1.75986	1.02238	0.145109	-2.15848	1.01695	0.152117
41.756	-1.74903	0.740318	0.14707	-1.75985	1.02238	0.145101	-2.15845	1.01691	0.152071
41.953	-1.74906	0.740322	0.147098	-1.75986	1.02237	0.145084	-2.15843	1.01688	0.151999
42.157	-1.74909	0.740366	0.14714	-1.75988	1.02239	0.145157	-2.15845	1.01692	0.152076
42.378	-1.74903	0.740299	0.147046	-1.75985	1.02239	0.145103	-2.15847	1.01692	0.152081
42.507	-1.74907	0.740366	0.147091	-1.75986	1.02238	0.145121	-2.15844	1.01692	0.15205
42.692	-1.74907	0.740351	0.147124	-1.75988	1.02238	0.145157	-2.15844	1.01687	0.152025
42.892	-1.74907	0.740323	0.147117	-1.75987	1.0224	0.145181	-2.15849	1.01695	0.152123
43.018	-1.74905	0.74037	0.147072	-1.75984	1.02239	0.14512	-2.15844	1.01693	0.152061
43.248	-1.74905	0.74032	0.147076	-1.75985	1.0224	0.145114	-2.15843	1.01692	0.152038
43.4	-1.74911	0.740363	0.147146	-1.75986	1.02241	0.145162	-2.15844	1.0169	0.152062
43.58	-1.74905	0.74032	0.147097	-1.75981	1.02235	0.145041	-2.15847	1.01692	0.152121
43.761	-1.74903	0.740342	0.147065	-1.75996	1.02234	0.145206	-2.15843	1.0169	0.15205
43.967	-1.74906	0.740334	0.147095	-1.76007	1.02236	0.145351	-2.15844	1.01692	0.152045
44.226	-1.74908	0.740375	0.147153	-1.75982	1.02236	0.145038	-2.15844	1.01696	0.152096
44.391	-1.74904	0.740353	0.147105	-1.75992	1.02227	0.145065	-2.15845	1.01691	0.152086
44.602	-1.74904	0.740364	0.14707	-1.76	1.02234	0.145212	-2.1584	1.01693	0.15205
44.798	-1.74909	0.740378	0.147125	-1.75981	1.02238	0.145038	-2.15843	1.01688	0.151987
44.909	-1.74903	0.740345	0.147077	-1.75981	1.02238	0.145033	-2.15845	1.01687	0.152034
45.005	-1.74903	0.740373	0.147073	-1.7598	1.02237	0.145024	-2.15844	1.01693	0.152087
45.099	-1.74907	0.740338	0.147117	-1.75981	1.02238	0.145023	-2.15843	1.01692	0.152043
45.213	-1.74909	0.74038	0.147149	-1.76005	1.02227	0.145245	-2.15847	1.01695	0.152129
45.471	-1.74905	0.740344	0.147088	-1.75993	1.02233	0.145132	-2.15847	1.01693	0.152104
45.712	-1.74906	0.740382	0.147129	-1.75984	1.02239	0.145113	-2.15846	1.01692	0.152087
45.933	-1.74909	0.740384	0.147166	-1.76006	1.02237	0.145335	-2.15849	1.01691	0.152118
46.064	-1.74907	0.740372	0.147142	-1.75997	1.02235	0.145216	-2.15852	1.01692	0.152145
46.162	-1.74903	0.74035	0.147068	-1.75991	1.02235	0.145133	-2.15852	1.01696	0.15218
46.354	-1.74907	0.740407	0.14715	-1.7598	1.02243	0.14508	-2.15901	1.01736	0.153062
46.531	-1.74908	0.740393	0.147166	-1.75983	1.02244	0.145131	-2.15904	1.01735	0.153078
46.646	-1.74904	0.740371	0.147128	-1.75981	1.02244	0.145086	-2.15907	1.01736	0.153139
46.753	-1.74903	0.740407	0.147102	-1.75978	1.02242	0.145027	-2.15854	1.01693	0.152212
46.849	-1.74906	0.740383	0.147136	-1.75981	1.02243	0.145062	-2.15902	1.01733	0.153069
46.943	-1.74905	0.740379	0.147125	-1.7598	1.02244	0.145081	-2.15861	1.01702	0.152366
47.077	-1.74903	0.740398	0.147108	-1.75977	1.02245	0.145052	-2.1586	1.01699	0.15229
47.221	-1.74903	0.740386	0.147122	-1.7598	1.02241	0.145045	-2.159	1.01733	0.15301
47.406	-1.74906	0.740411	0.147147	-1.7598	1.02243	0.145066	-2.15865	1.01704	0.152407
47.518	-1.74902	0.740369	0.147105	-1.75979	1.02242	0.145063	-2.15867	1.01703	0.152421
47.615	-1.74901	0.740396	0.147094	-1.75977	1.02244	0.144995	-2.15867	1.01702	0.152436
47.711	-1.74904	0.740398	0.147133	-1.7598	1.02242	0.145012	-2.15865	1.01704	0.152452
47.829	-1.74906	0.740391	0.147151	-1.75982	1.02245	0.145053	-2.15872	1.01702	0.152505
47.946	-1.74902	0.740372	0.147104	-1.75981	1.02242	0.145043	-2.1587	1.01704	0.152504
48.044	-1.74901	0.740392	0.147063	-1.75976	1.02243	0.145008	-2.15898	1.01734	0.152995
48.152	-1.74905	0.740378	0.147123	-1.7598	1.02242	0.145013	-2.15902	1.01734	0.153054
48.254	-1.74906	0.74037	0.147118	-1.75981	1.0224	0.14506	-2.15905	1.01733	0.153112
48.351	-1.74897	0.740381	0.147149	-1.75978	1.02243	0.145022	-2.15903	1.01734	0.153083
48.494	-1.74903	0.740387	0.147116	-1.75977	1.02242	0.145005	-2.15896	1.01735	0.15299
48.635	-1.74921	0.740501	0.147525	-1.7598	1.02242	0.145029	-2.15905	1.01737	0.153119
48.814	-1.74903	0.74036	0.147098	-1.7598	1.02241	0.145016	-2.15904	1.01735	0.153087
48.925	-1.74902	0.740378	0.147057	-1.7598	1.0224	0.144988	-2.159	1.01734	0.153017
49.028	-1.74903	0.740376	0.147106	-1.7598	1.02241	0.145022	-2.159	1.01735	0.15302
49.131	-1.74904	0.740356	0.147102	-1.75982	1.02239	0.145054	-2.15906	1.01733	0.153103
49.253	-1.74901	0.740353	0.14706	-1.75987	1.02233	0.145045	-2.15904	1.01733	0.153075
49.351	-1.74901	0.740333	0.147049	-1.75978	1.0224	0.144993	-2.15899	1.01733	0.15302
49.452	-1.74903	0.74035	0.147092	-1.7598	1.02241	0.145025	-2.15902	1.01734	0.153038
49.568	-1.74901	0.740333	0.147072	-1.75981	1.02242	0.14505	-2.15906	1.01734	0.153149
49.743	-1.74901	0.740341	0.14705	-1.75979	1.02239	0.144996	-2.159	1.01733	0.153022
49.981	-1.74924	0.740515	0.147554	-1.75999	1.02237	0.145204	-2.15901	1.01733	0.153015
50.197	-1.74902	0.740305	0.147067	-1.75997	1.02232	0.145153	-2.15903	1.01735	0.153095
50.473	-1.74901	0.740325	0.147042	-1.75981	1.02238	0.145018	-2.15903	1.01735	0.153114
50.602	-1.74921	0.740495	0.147502	-1.75977	1.02236	0.144975	-2.159	1.01731	0.152989
50.707	-1.74904	0.740333	0.147079	-1.75982	1.02236	0.145054	-2.15904	1.01733	0.153077
50.805	-1.74903	0.740356	0.147096	-1.75983	1.02238	0.145085	-2.15871	1.01703	0.152545
50.907	-1.749	0.740313	0.14703	-1.75979	1.02238	0.144991	-2.159	1.01733	0.15303
51.014	-1.74904	0.740344	0.14708	-1.75977	1.02238	0.144986	-2.15865	1.017	0.152384
51.125	-1.74904	0.74028	0.147066	-1.75984	1.02237	0.145053	-2.15903	1.01737	0.153111
51.227	-1.74902	0.740315	0.147032	-1.75982	1.0224	0.145064	-2.1587	1.01704	0.152485
51.335	-1.74918	0.740463	0.147418	-1.75979	1.02236	0.145003	-2.15861	1.01698	0.152351
51.441	-1.74923	0.740464	0.14749	-1.75983	1.02239	0.145053	-2.15902	1.01734	0.153044
51.54	-1.74923	0.740436	0.147487	-1.75984	1.02237	0.145065	-2.15858	1.017	0.152303
51.732	-1.74902	0.740279	0.147012	-1.75981	1.02238	0.145051	-2.15853	1.01693	0.152183
51.971	-1.74899	0.740339	0.147109	-1.76004	1.02231	0.145223	-2.15849	1.0169	0.152146
52.245	-1.74902	0.740402	0.147161	-1.75985	1.02238	0.145095	-2.15905	1.01733	0.153079
52.507	-1.74898	0.740337	0.147086	-1.75984	1.02235	0.145084	-2.15905	1.01734	0.153127
52.779	-1.74902	0.740358	0.147015	-1.75981	1.02238	0.145025	-2.159	1.01734	0.15302
53.028	-1.74905	0.740328	0.147045	-1.75983	1.02237	0.145059	-2.15903	1.01734	0.153052
53.336	-1.74925	0.740492	0.147532	-1.75995	1.02227	0.145101	-2.15906	1.01736	0.153155
53.537	-1.74924	0.740486	0.147503	-1.75983	1.02237	0.14507	-2.15902	1.01734	0.153076
53.686	-1.74899	0.740391	0.147111	-1.75981	1.02237	0.145056	-2.15902	1.01733	0.153006
54.017	-1.74923	0.740486	0.147515	-1.75983	1.02238	0.145072	-2.15901	1.01735	0.153026
54.298	-1.74906	0.740325	0.147083	-1.75985	1.02237	0.145081	-2.15906	1.01732	0.153122
54.548	-1.74904	0.740343	0.147066	-1.75998	1.02228	0.14515	-2.15904	1.01735	0.153081
54.838	-1.74906	0.740322	0.147095	-1.75984	1.02235	0.145061	-2.15903	1.01734	0.153076
55.093	-1.74904	0.740341	0.147072	-1.75983	1.02238	0.145067	-2.15907	1.01737	0.153135
55.358	-1.74902	0.740341	0.147067	-1.75994	1.02228	0.145095	-2.15906	1.01732	0.153085
55.59	-1.74907	0.740362	0.147114	-1.75983	1.02239	0.145068	-2.15904	1.01733	0.153052
55.843	-1.74907	0.740391	0.147159	-1.75985	1.0224	0.145099	-2.15905	1.01732	0.153081
56.119	-1.74901	0.740305	0.147067	-1.75985	1.02239	0.145104	-2.15906	1.01736	0.153147
56.358	-1.74903	0.740334	0.147071	-1.75983	1.02239	0.145062	-2.15903	1.01736	0.153095
56.559	-1.74907	0.74037	0.147111	-1.75985	1.02239	0.145103	-2.15902	1.01733	0.153048
56.802	-1.74906	0.740356	0.147121	-1.75999	1.02228	0.145175	-2.15906	1.01736	0.153129
57.047	-1.74904	0.74033	0.147099	-1.75985	1.02242	0.145116	-2.15906	1.01735	0.153104
57.256	-1.74907	0.74039	0.147132	-1.75984	1.02239	0.145085	-2.15903	1.01736	0.15309
57.531	-1.74908	0.740355	0.147125	-1.75984	1.02239	0.145105	-2.15902	1.01734	0.153057
57.745	-1.74906	0.740371	0.147139	-1.75985	1.02241	0.145087	-2.15907	1.01735	0.153148
57.939	-1.74902	0.740368	0.147079	-1.75995	1.02228	0.145125	-2.15904	1.01734	0.153068
58.14	-1.74907	0.740359	0.147132	-1.76006	1.02235	0.14529	-2.15902	1.0173	0.153024
58.361	-1.74906	0.740361	0.147136	-1.75986	1.02238	0.145113	-2.15906	1.01733	0.153134
58.543	-1.74903	0.740316	0.147093	-1.75994	1.02227	0.145075	-2.15907	1.01731	0.153115
58.749	-1.74905	0.740392	0.147105	-1.75982	1.02239	0.145066	-2.159	1.0173	0.153018
58.987	-1.74907	0.740387	0.147118	-1.75982	1.02239	0.145046	-2.15903	1.01735	0.153039
59.271	-1.74905	0.740345	0.147115	-1.75984	1.02242	0.145137	-2.15907	1.01736	0.15314
59.516	-1.74905	0.740361	0.147094	-1.75985	1.02241	0.145135	-2.15904	1.01736	0.153103
59.785	-1.74905	0.740341	0.147066	-1.75981	1.02241	0.145069	-2.15901	1.01734	0.153028
60.024	-1.74905	0.740369	0.147107	-1.75983	1.02242	0.145091	-2.15906	1.01734	0.15308
60.226	-1.74906	0.740377	0.147116	-1.75983	1.02241	0.145147	-2.15905	1.01736	0.153123
60.437	-1.74905	0.74037	0.1471	-1.75983	1.02242	0.145101	-2.159	1.01737	0.153083
60.648	-1.74904	0.7404	0.147094	-1.75981	1.02244	0.145081	-2.159	1.01736	0.153012
60.877	-1.74903	0.740369	0.147093	-1.75981	1.02243	0.145096	-2.15903	1.01733	0.153049
61.119	-1.74905	0.74041	0.14711	-1.75995	1.02237	0.145182	-2.15906	1.01734	0.153069
61.322	-1.74904	0.740369	0.147116	-1.7598	1.02241	0.145044	-2.15861	1.01699	0.152333
61.528	-1.74904	0.740355	0.147104	-1.7598	1.02243	0.145044	-2.15868	1.01703	0.152409
61.797	-1.74902	0.740332	0.147074	-1.75981	1.02243	0.145097	-2.15869	1.01702	0.152494
62.025	-1.74904	0.740369	0.147102	-1.75979	1.02242	0.145058	-2.15869	1.017	0.152425
62.294	-1.74903	0.740356	0.147085	-1.75979	1.02241	0.145023	-2.159	1.01736	0.153039
62.534	-1.74902	0.740366	0.147096	-1.75978	1.02244	0.14504	-2.15904	1.01733	0.153075
62.694	-1.74903	0.740363	0.147083	-1.75982	1.02243	0.145081	-2.15904	1.01734	0.153105
62.806	-1.74902	0.740391	0.147099	-1.75978	1.02243	0.14502	-2.15902	1.01734	0.153034
63.001	-1.74902	0.740395	0.147088	-1.75979	1.02243	0.145027	-2.159	1.01733	0.153018
63.197	-1.74902	0.740375	0.147103	-1.7598	1.02243	0.145074	-2.15904	1.01735	0.153118
63.392	-1.749	0.740343	0.147077	-1.7598	1.02244	0.14505	-2.15904	1.01735	0.153069
63.653	-1.74902	0.74035	0.147087	-1.75978	1.02242	0.145	-2.159	1.01733	0.152992
63.905	-1.74902	0.740407	0.147091	-1.7598	1.02242	0.145053	-2.15901	1.01734	0.153042
64.062	-1.749	0.740344	0.147066	-1.75989	1.02235	0.145091	-2.15905	1.01733	0.153106
64.182	-1.74901	0.740349	0.147056	-1.75995	1.02233	0.145102	-2.15901	1.01734	0.152999
64.473	-1.74902	0.74035	0.147075	-1.75996	1.02242	0.145219	-2.159	1.0173	0.153008
64.696	-1.74901	0.74034	0.147061	-1.75981	1.02244	0.145053	-2.15904	1.01734	0.153085
64.968	-1.74902	0.740394	0.147074	-1.75977	1.02243	0.144989	-2.15903	1.01733	0.153044
65.272	-1.749	0.740392	0.147068	-1.75977	1.02242	0.145023	-2.15899	1.01735	0.153002
65.431	-1.74904	0.740335	0.147092	-1.75981	1.02243	0.145037	-2.15905	1.01732	0.153064
65.619	-1.74902	0.740397	0.14709	-1.7598	1.0224	0.145044	-2.15907	1.01733	0.153094
65.891	-1.74901	0.740382	0.147058	-1.75979	1.02241	0.144996	-2.15901	1.01734	0.153015
66.123	-1.74904	0.74037	0.147074	-1.75978	1.02242	0.144997	-2.159	1.01731	0.153
66.4	-1.74905	0.740356	0.147113	-1.75993	1.02233	0.14509	-2.15906	1.01735	0.15315
66.647	-1.74899	0.740342	0.147028	-1.75979	1.0224	0.144989	-2.15904	1.01733	0.153039
66.926	-1.74903	0.740362	0.147072	-1.75977	1.02239	0.144958	-2.15865	1.01701	0.15241
67.195	-1.74906	0.740349	0.147113	-1.75982	1.0224	0.145042	-2.15869	1.01705	0.152489
67.47	-1.74906	0.740367	0.147139	-1.75983	1.0224	0.145066	-2.15873	1.01706	0.15257
67.742	-1.74901	0.740344	0.147054	-1.75978	1.02238	0.144975	-2.15867	1.01703	0.152429
67.987	-1.74902	0.740364	0.147069	-1.75978	1.02242	0.145	-2.15901	1.01733	0.152998
68.194	-1.74905	0.740319	0.147075	-1.75984	1.02237	0.145044	-2.15866	1.01702	0.152393
68.428	-1.74906	0.740361	0.147097	-1.75985	1.02238	0.145054	-2.15869	1.017	0.152417
68.659	-1.74904	0.740336	0.14706	-1.7598	1.02241	0.144995	-2.159	1.01735	0.152983
68.841	-1.74905	0.74035	0.147074	-1.75982	1.02241	0.145031	-2.159	1.01734	0.153026
69.063	-1.74906	0.74036	0.147089	-1.75985	1.02238	0.14505	-2.15907	1.01737	0.15313
69.299	-1.74908	0.740379	0.147099	-1.75985	1.0224	0.145069	-2.15905	1.01736	0.153078
69.492	-1.74905	0.740332	0.147041	-1.75982	1.0224	0.145017	-2.15899	1.01733	0.152997
69.712	-1.74904	0.740346	0.147051	-1.75982	1.02238	0.145067	-2.15902	1.01735	0.153064
69.984	-1.74902	0.740308	0.147063	-1.75985	1.0224	0.145114	-2.15906	1.01736	0.153142
70.174	-1.74904	0.740329	0.147087	-1.75983	1.0224	0.145088	-2.15904	1.01735	0.153068
70.395	-1.74905	0.740331	0.147074	-1.75983	1.02237	0.145052	-2.15901	1.01734	0.153029
70.651	-1.74904	0.740351	0.147111	-1.75994	1.02229	0.145125	-2.15906	1.01734	0.153097
70.872	-1.74905	0.740344	0.14709	-1.75984	1.02238	0.145088	-2.15905	1.01735	0.153108
71.065	-1.74907	0.740348	0.147078	-1.75984	1.02238	0.145081	-2.15901	1.01732	0.153041
71.358	-1.74901	0.740351	0.147129	-1.75984	1.02236	0.145063	-2.15905	1.01735	0.153087
71.556	-1.74904	0.740351	0.147071	-1.75985	1.02239	0.145086	-2.15906	1.01736	0.153147
71.773	-1.74907	0.740339	0.147099	-1.75985	1.02236	0.145073	-2.15903	1.01731	0.153037
72.029	-1.74904	0.740323	0.147093	-1.75985	1.02238	0.145084	-2.15903	1.01736	0.153063
72.265	-1.74922	0.740467	0.147509	-1.75986	1.02237	0.145085	-2.15907	1.01736	0.153133
72.459	-1.74905	0.740336	0.147076	-1.75984	1.02237	0.14508	-2.15906	1.01735	0.153097
72.586	-1.74909	0.740327	0.147102	-1.75983	1.02236	0.145072	-2.15904	1.01735	0.153076
72.689	-1.74907	0.740341	0.147107	-1.76004	1.02233	0.145277	-2.15903	1.01736	0.153052
72.769	-1.74904	0.740306	0.147082	-1.75983	1.02238	0.145072	-2.15906	1.01736	0.153133
73.072	-1.74904	0.740306	0.147082	-1.75983	1.02238	0.145072	-2.15906	1.01736	0.153133
73.336	-1.74908	0.740346	0.147103	-1.75984	1.02238	0.145078	-2.15904	1.01735	0.153045
73.592	-1.74924	0.740489	0.14752	-1.75984	1.02238	0.1451	-2.15905	1.01734	0.153082
73.922	-1.74905	0.740318	0.147082	-1.75996	1.0223	0.145116	-2.15908	1.01734	0.153146
74.196	-1.74907	0.740356	0.147106	-1.76005	1.02232	0.145228	-2.15902	1.01737	0.153067
74.473	-1.74905	0.740328	0.147085	-1.75983	1.02238	0.145098	-2.15902	1.01735	0.153052
74.742	-1.74905	0.740357	0.147102	-1.75995	1.0223	0.145098	-2.15906	1.01734	0.153106
75.009	-1.74904	0.740327	0.147078	-1.75998	1.02228	0.145131	-2.15904	1.01734	0.153065
75.284	-1.74905	0.740347	0.147082	-1.75982	1.02239	0.145057	-2.15902	1.01735	0.153024
75.599	-1.74904	0.740368	0.147102	-1.75985	1.02239	0.145085	-2.15905	1.01735	0.153075
75.885	-1.74904	0.740348	0.14706	-1.75982	1.02241	0.14506	-2.15906	1.01735	0.153103
76.161	-1.74903	0.740336	0.147078	-1.76003	1.02234	0.145253	-2.15902	1.01733	0.15304
76.429	-1.74903	0.740347	0.147075	-1.75981	1.02239	0.145035	-2.15901	1.01736	0.153047
76.682	-1.74903	0.740362	0.147091	-1.75984	1.02241	0.145085	-2.15906	1.01736	0.153133
76.919	-1.74902	0.740357	0.14707	-1.75981	1.02239	0.14502	-2.15904	1.01734	0.153046
77.155	-1.74903	0.74035	0.147068	-1.75995	1.02229	0.145109	-2.15902	1.01734	0.153027
77.421	-1.74904	0.740362	0.147105	-1.75982	1.02239	0.145057	-2.15905	1.01734	0.15306
77.625	-1.74904	0.740398	0.147112	-1.75983	1.02238	0.145059	-2.15856	1.01695	0.152235
77.904	-1.74902	0.740357	0.147057	-1.75981	1.0224	0.145045	-2.15901	1.01734	0.153014
78.141	-1.74903	0.740352	0.147079	-1.75981	1.0224	0.145008	-2.15901	1.01733	0.153007
78.324	-1.74903	0.74037	0.147081	-1.75983	1.02241	0.145074	-2.15869	1.01704	0.15247
78.583	-1.74903	0.740356	0.14708	-1.75995	1.02231	0.14511	-2.15871	1.01704	0.152493
78.848	-1.74905	0.740383	0.147084	-1.7598	1.02242	0.145024	-2.15868	1.01702	0.152414
79.039	-1.74901	0.740332	0.147052	-1.75992	1.02233	0.14511	-2.15864	1.01698	0.152411
79.353	-1.74902	0.740356	0.147065	-1.7598	1.02241	0.145043	-2.15873	1.01704	0.152527
79.567	-1.74905	0.740368	0.14709	-1.75983	1.02244	0.145063	-2.15903	1.01734	0.153013
79.779	-1.74904	0.740386	0.147095	-1.75981	1.02243	0.145045	-2.159	1.01735	0.153016
80.088	-1.74901	0.740363	0.147076	-1.7598	1.02241	0.145047	-2.15907	1.01734	0.153115
80.255	-1.74903	0.740384	0.147079	-1.7598	1.02241	0.145016	-2.15903	1.01734	0.153024
80.293	-1.74902	0.740372	0.147073	-1.75978	1.02242	0.145006	-2.15901	1.01733	0.152998
80.525	-1.74902	0.740372	0.147073	-1.75978	1.02242	0.145006	-2.15901	1.01733	0.152998
80.74	-1.74901	0.740332	0.147067	-1.75981	1.02243	0.14507	-2.15906	1.01736	0.153095
80.979	-1.74903	0.740413	0.147085	-1.75978	1.02244	0.145028	-2.15901	1.01731	0.152965
81.176	-1.74903	0.740405	0.147091	-1.75979	1.02242	0.14503	-2.159	1.01734	0.152999
81.381	-1.74905	0.74039	0.147122	-1.7599	1.02234	0.14511	-2.15904	1.01734	0.153105
81.612	-1.749	0.740335	0.147055	-1.7598	1.02243	0.14502	-2.15871	1.01705	0.152499
81.857	-1.74902	0.740425	0.147097	-1.75977	1.02244	0.144996	-2.15901	1.01733	0.152998
82.036	-1.74905	0.740376	0.147111	-1.75979	1.02244	0.145044	-2.15903	1.01735	0.153035
82.215	-1.74902	0.740336	0.147086	-1.75982	1.02243	0.145067	-2.15908	1.01731	0.153071
82.506	-1.74904	0.740343	0.147195	-1.75981	1.02243	0.14514	-2.15909	1.01732	0.153004
82.717	-1.74853	0.740498	0.147782	-1.75938	1.02255	0.145677	-2.15864	1.01726	0.152594
82.931	-1.74698	0.740579	0.148249	-1.75793	1.02259	0.145807	-2.15743	1.01739	0.152343
83.205	-1.74513	0.740663	0.147798	-1.75631	1.02268	0.145515	-2.15572	1.01724	0.152829
83.406	-1.74327	0.740584	0.147816	-1.75432	1.02256	0.145227	-2.15316	1.017	0.152472
83.614	-1.74157	0.740364	0.148375	-1.75213	1.02223	0.145362	-2.15154	1.01777	0.15431
83.877	-1.73888	0.740032	0.148109	-1.74955	1.0218	0.145669	-2.14882	1.01717	0.153519
84.085	-1.73616	0.739539	0.148111	-1.74597	1.02118	0.14486	-2.14602	1.01672	0.152614
84.404	-1.73385	0.739159	0.148793	-1.74313	1.02067	0.145135	-2.14359	1.0172	0.153979
84.681	-1.73029	0.738383	0.149483	-1.73901	1.02001	0.145678	-2.13817	1.0162	0.152483
84.982	-1.72665	0.73696	0.148557	-1.73506	1.01924	0.145716	-2.13413	1.01653	0.152526
85.183	-1.72335	0.736145	0.148445	-1.73138	1.0181	0.145404	-2.13073	1.01683	0.153223
85.387	-1.72014	0.735108	0.149207	-1.72727	1.0173	0.145764	-2.12637	1.01619	0.152219
85.66	-1.71623	0.734162	0.149586	-1.72224	1.01611	0.145111	-2.12169	1.01631	0.152333
85.891	-1.71133	0.73232	0.149061	-1.71626	1.01424	0.144706	-2.11551	1.01648	0.152309
86.184	-1.70723	0.730718	0.149178	-1.71109	1.0127	0.145143	-2.11046	1.01608	0.152788
86.389	-1.70317	0.729258	0.149694	-1.70575	1.01109	0.144863	-2.1052	1.01577	0.152746
86.595	-1.69828	0.727553	0.149433	-1.69997	1.00944	0.144339	-2.09958	1.01589	0.152719
86.853	-1.69401	0.725817	0.150168	-1.69431	1.00756	0.144504	-2.09366	1.0157	0.15268
87.032	-1.6877	0.722782	0.149541	-1.68739	1.00512	0.145577	-2.0868	1.01581	0.153747
87.258	-1.68348	0.720524	0.150012	-1.68116	1.00263	0.145857	-2.08021	1.01511	0.153806
87.542	-1.67954	0.718886	0.151235	-1.6748	1.00007	0.145998	-2.0737	1.01483	0.153277
87.807	-1.6733	0.715329	0.15011	-1.66822	0.997605	0.146331	-2.06745	1.01412	0.153304
88.044	-1.66878	0.712649	0.150658	-1.66114	0.994101	0.145364	-2.06052	1.01382	0.153027
88.286	-1.66292	0.709328	0.149831	-1.65381	0.991133	0.145416	-2.05311	1.01363	0.153008
88.488	-1.65649	0.705815	0.150669	-1.64473	0.987302	0.145625	-2.04385	1.01292	0.153161
88.739	-1.65119	0.702486	0.150722	-1.63737	0.983929	0.145302	-2.03612	1.01246	0.153073
89.025	-1.64548	0.698551	0.150521	-1.62991	0.980268	0.145664	-2.02832	1.0117	0.153209
89.292	-1.64024	0.694692	0.150681	-1.62209	0.976236	0.145769	-2.02028	1.01149	0.153565
89.528	-1.63458	0.690708	0.150535	-1.61332	0.971754	0.1452	-2.01225	1.01062	0.153718
89.79	-1.62945	0.686293	0.150601	-1.60578	0.967424	0.145721	-2.00339	1.00939	0.153112
90.068	-1.62337	0.681823	0.15054	-1.5971	0.962713	0.145246	-1.99469	1.00856	0.15312
90.358	-1.61603	0.67594	0.150603	-1.5866	0.956545	0.145787	-1.98351	1.00751	0.152775
90.649	-1.61044	0.671232	0.150651	-1.57941	0.952184	0.147853	-1.97397	1.00623	0.152327
90.918	-1.60459	0.666051	0.150919	-1.56872	0.945427	0.14564	-1.96527	1.00606	0.154315
91.185	-1.59918	0.661085	0.151834	-1.56069	0.940253	0.147206	-1.95468	1.00364	0.15202
91.474	-1.59294	0.655003	0.15165	-1.55089	0.934119	0.146333	-1.945	1.00255	0.152408
91.709	-1.58586	0.648516	0.152421	-1.53955	0.926422	0.146661	-1.9323	1.00053	0.151516
91.963	-1.57968	0.64252	0.15259	-1.53081	0.920631	0.147197	-1.92208	0.998845	0.151376
92.259	-1.57411	0.636608	0.15277	-1.52108	0.91327	0.14661	-1.9121	0.997122	0.151904
92.496	-1.56818	0.630251	0.152925	-1.51184	0.906492	0.146556	-1.90135	0.995392	0.150966
92.707	-1.56205	0.624157	0.152861	-1.50247	0.899736	0.146934	-1.89099	0.99291	0.151402
93.024	-1.55625	0.617574	0.153133	-1.49334	0.892532	0.147226	-1.88064	0.990479	0.151664
93.228	-1.5491	0.609314	0.153384	-1.48171	0.883247	0.147545	-1.86759	0.987215	0.151469
93.457	-1.54322	0.602087	0.153117	-1.47238	0.875467	0.147454	-1.85674	0.984576	0.151623
93.745	-1.53754	0.595471	0.153704	-1.46273	0.867319	0.147257	-1.8457	0.98156	0.150944
94.012	-1.53171	0.588318	0.153641	-1.45448	0.859571	0.148293	-1.83479	0.978666	0.151303
94.278	-1.52602	0.580918	0.15413	-1.44421	0.850955	0.147268	-1.82421	0.975795	0.152194
94.523	-1.51996	0.573813	0.153928	-1.43388	0.842534	0.146495	-1.81263	0.971882	0.151906
94.742	-1.51403	0.565914	0.153419	-1.42491	0.833947	0.146996	-1.80162	0.968043	0.152244
94.949	-1.5072	0.556726	0.154377	-1.41328	0.822743	0.147638	-1.78723	0.963393	0.15211
95.237	-1.50143	0.5485	0.154217	-1.40412	0.813537	0.147779	-1.77636	0.959095	0.151981
95.503	-1.4961	0.540455	0.154367	-1.3945	0.803533	0.147139	-1.7644	0.955124	0.151878
95.744	-1.49015	0.531882	0.153582	-1.38533	0.794056	0.147347	-1.75289	0.950935	0.152776
95.966	-1.48484	0.523553	0.15361	-1.37622	0.784007	0.14711	-1.74112	0.94614	0.153245
96.24	-1.47961	0.515399	0.15393	-1.36698	0.773787	0.146335	-1.72955	0.94136	0.153226
96.475	-1.47287	0.504746	0.15307	-1.35577	0.761018	0.147043	-1.71521	0.934942	0.153169
96.729	-1.46714	0.49601	0.153219	-1.34698	0.750462	0.146388	-1.70424	0.929495	0.153184
96.908	-1.46114	0.487424	0.152216	-1.33757	0.741199	0.147236	-1.69262	0.924358	0.153862
97.118	-1.45531	0.478866	0.152164	-1.32873	0.730975	0.147361	-1.68073	0.918681	0.153623
97.418	-1.44905	0.470194	0.151801	-1.31969	0.720298	0.146218	-1.66971	0.912744	0.154324
97.694	-1.44096	0.460026	0.151647	-1.30786	0.70854	0.146148	-1.656	0.90531	0.154341
97.961	-1.43426	0.451794	0.152074	-1.29869	0.699021	0.147012	-1.64489	0.899142	0.154672
98.297	-1.4275	0.443444	0.15203	-1.28998	0.689136	0.146887	-1.63449	0.893041	0.155533
98.542	-1.4202	0.435373	0.152045	-1.28178	0.679332	0.146665	-1.62329	0.886333	0.155252
98.726	-1.41265	0.427521	0.152057	-1.27246	0.670563	0.146641	-1.61255	0.879224	0.154646
99.005	-1.40498	0.41922	0.152104	-1.26203	0.661949	0.147312	-1.60135	0.87231	0.154427
99.208	-1.39532	0.408817	0.151774	-1.25036	0.650543	0.14774	-1.5882	0.863714	0.154909
99.464	-1.38715	0.400718	0.151508	-1.24111	0.641099	0.147515	-1.57753	0.856768	0.155027
99.754	-1.3783	0.392816	0.150832	-1.23105	0.632977	0.147334	-1.56655	0.849769	0.155186
100.032	-1.36968	0.384817	0.150753	-1.22089	0.624865	0.148067	-1.55589	0.843019	0.155318
100.299	-1.36064	0.377366	0.150379	-1.2111	0.616654	0.147661	-1.54515	0.835729	0.155063
100.647	-1.35153	0.369848	0.150042	-1.20169	0.609105	0.148075	-1.53473	0.828364	0.155576
100.855	-1.33934	0.360258	0.149931	-1.18859	0.598844	0.147544	-1.52117	0.819684	0.155451
101.083	-1.32989	0.353234	0.150788	-1.17836	0.591224	0.148202	-1.51068	0.81283	0.155516
101.376	-1.31961	0.345921	0.15087	-1.16835	0.584178	0.148614	-1.50001	0.805977	0.155352
101.654	-1.30887	0.339131	0.150763	-1.15704	0.576948	0.147481	-1.48915	0.799103	0.154937
101.921	-1.29834	0.332366	0.150969	-1.14652	0.570233	0.147714	-1.47843	0.792112	0.1552
102.209	-1.28756	0.325497	0.150991	-1.13604	0.563407	0.148288	-1.46866	0.785481	0.15645
102.484	-1.27616	0.318803	0.151177	-1.12516	0.557368	0.149099	-1.45788	0.778026	0.155499
102.718	-1.26157	0.310778	0.150838	-1.11152	0.549589	0.148645	-1.44459	0.769788	0.155221
102.975	-1.24955	0.3045	0.150869	-1.10081	0.544183	0.148949	-1.43417	0.763001	0.155826
103.242	-1.23744	0.298349	0.150681	-1.08888	0.537931	0.148466	-1.42318	0.756242	0.156082
103.484	-1.22492	0.29213	0.150368	-1.07729	0.5327	0.148537	-1.41263	0.749083	0.157222
103.799	-1.21235	0.286586	0.150481	-1.06595	0.527981	0.149222	-1.40295	0.742474	0.156959
104.002	-1.19604	0.279639	0.150379	-1.05135	0.521822	0.148454	-1.38931	0.734599	0.157117
104.211	-1.18261	0.274706	0.150574	-1.03935	0.518009	0.148289	-1.37904	0.727844	0.156894
104.491	-1.16847	0.269519	0.149834	-1.02721	0.514009	0.147484	-1.36946	0.720695	0.155516
104.675	-1.15486	0.264848	0.149468	-1.0153	0.510181	0.147142	-1.35904	0.714632	0.156264
104.949	-1.14416	0.261341	0.149529	-1.00635	0.507435	0.147328	-1.35134	0.709453	0.155589
105.304	-1.12631	0.255961	0.150578	-0.991221	0.503659	0.147782	-1.33897	0.701764	0.155746
105.396	-1.10811	0.250633	0.150408	-0.976482	0.500287	0.148749	-1.3258	0.693642	0.155795
105.625	-1.10423	0.249519	0.150188	-0.97359	0.499676	0.149015	-1.32342	0.692196	0.155843
105.913	-1.07752	0.24329	0.150146	-0.951265	0.495345	0.148239	-1.30558	0.681237	0.156444
106.179	-1.06198	0.239868	0.150114	-0.939058	0.493762	0.148928	-1.29515	0.675207	0.156717
106.442	-1.04591	0.236756	0.149491	-0.926478	0.492379	0.149041	-1.28479	0.669244	0.156086
106.709	-1.0298	0.234385	0.149695	-0.913753	0.491294	0.14855	-1.27465	0.663414	0.156536
107.04	-1.01362	0.231964	0.149325	-0.901659	0.49077	0.149621	-1.26411	0.657682	0.157146
107.299	-0.992644	0.229589	0.148388	-0.884926	0.490254	0.14899	-1.25095	0.650906	0.157223
107.579	-0.976192	0.228038	0.148529	-0.872124	0.490448	0.148843	-1.24062	0.645424	0.15804
107.844	-0.959061	0.227148	0.148963	-0.859371	0.491133	0.148809	-1.22956	0.640411	0.157717
108.111	-0.942015	0.226697	0.149359	-0.846486	0.49223	0.148738	-1.21921	0.635615	0.157555
108.396	-0.925096	0.226574	0.150146	-0.83402	0.493762	0.149408	-1.20851	0.630885	0.157507
108.713	-0.907164	0.226927	0.149349	-0.820616	0.495264	0.14931	-1.19804	0.626023	0.157789
109.027	-0.889666	0.227102	0.149003	-0.807974	0.497112	0.149163	-1.18759	0.621888	0.157863
109.296	-0.867318	0.228528	0.148728	-0.791491	0.500111	0.148133	-1.17379	0.616257	0.158135
109.528	-0.849666	0.229718	0.148888	-0.779067	0.502783	0.148392	-1.16272	0.612027	0.158553
109.784	-0.832328	0.231271	0.148866	-0.766876	0.50582	0.149664	-1.15191	0.608257	0.15867
110.057	-0.814739	0.233451	0.148938	-0.754178	0.508786	0.149764	-1.14066	0.604742	0.158846
110.313	-0.79286	0.236486	0.149215	-0.738154	0.513249	0.149412	-1.12711	0.600643	0.15803
110.579	-0.775312	0.239541	0.149524	-0.726173	0.517524	0.149496	-1.11571	0.597635	0.15816
110.859	-0.757644	0.24302	0.149823	-0.713312	0.521734	0.149598	-1.10422	0.594729	0.157993
111.155	-0.740078	0.246309	0.14942	-0.700878	0.525997	0.15041	-1.09306	0.592076	0.157788
111.388	-0.722394	0.250113	0.149398	-0.688371	0.530633	0.150946	-1.08178	0.58918	0.157732
111.723	-0.704476	0.254253	0.149206	-0.675837	0.535429	0.150722	-1.07063	0.586342	0.157686
111.975	-0.682809	0.260368	0.150248	-0.660712	0.542172	0.15061	-1.0563	0.583069	0.157861
112.26	-0.665936	0.265723	0.150651	-0.64856	0.547832	0.15078	-1.04497	0.580557	0.157559
112.538	-0.648268	0.270875	0.149789	-0.636256	0.553155	0.150381	-1.03316	0.578553	0.157561
112.804	-0.630759	0.276812	0.149915	-0.624073	0.558705	0.150325	-1.02143	0.576473	0.157149
113.034	-0.613259	0.282678	0.149996	-0.612248	0.564915	0.150751	-1.00968	0.574884	0.157168
113.343	-0.59592	0.289393	0.151039	-0.600718	0.571472	0.15157	-0.998062	0.573554	0.157358
113.592	-0.574566	0.298162	0.151693	-0.585929	0.580215	0.152241	-0.984116	0.572358	0.157453
113.855	-0.557357	0.305742	0.152229	-0.57461	0.587462	0.15248	-0.97227	0.571776	0.157044
114.118	-0.54048	0.313769	0.152747	-0.563312	0.594964	0.152553	-0.96132	0.571406	0.156932
114.342	-0.523723	0.321844	0.152811	-0.552063	0.602709	0.152558	-0.948975	0.570911	0.156787
114.575	-0.506664	0.330371	0.152556	-0.540945	0.61043	0.152669	-0.937051	0.570903	0.157035
114.823	-0.489986	0.338955	0.152146	-0.529535	0.618625	0.152473	-0.924452	0.570588	0.156932
115.071	-0.473335	0.347563	0.151742	-0.518541	0.626598	0.15235	-0.912462	0.571249	0.157454
115.392	-0.457098	0.357086	0.152065	-0.507639	0.634991	0.152257	-0.900467	0.571836	0.157235
115.683	-0.437271	0.369288	0.152336	-0.493968	0.645858	0.15185	-0.885199	0.573751	0.157712
115.927	-0.421366	0.379131	0.152799	-0.48339	0.654593	0.152114	-0.873151	0.575324	0.157799
116.156	-0.405722	0.38903	0.153078	-0.472576	0.663424	0.152139	-0.861281	0.577585	0.158102
116.403	-0.390168	0.399194	0.153656	-0.46213	0.672395	0.152375	-0.849028	0.579236	0.15729
116.628	-0.371098	0.412155	0.153857	-0.449084	0.683616	0.152369	-0.833956	0.582242	0.15648
116.868	-0.356109	0.422112	0.154376	-0.438322	0.692714	0.152631	-0.821647	0.584559	0.15625
117.099	-0.34106	0.432438	0.155064	-0.427462	0.701179	0.153185	-0.809545	0.586891	0.15706
117.274	-0.325665	0.442619	0.154556	-0.417083	0.709799	0.153292	-0.796947	0.589508	0.15749
117.451	-0.310938	0.452342	0.153818	-0.405975	0.718304	0.152818	-0.783755	0.592642	0.15759
117.721	-0.296142	0.461566	0.153687	-0.394251	0.726484	0.152669	-0.770874	0.595936	0.157494
117.969	-0.277787	0.473258	0.154622	-0.380017	0.736715	0.153141	-0.755319	0.600863	0.158063
118.194	-0.26322	0.482509	0.155234	-0.368401	0.744711	0.153221	-0.742631	0.604733	0.158549
118.418	-0.248814	0.491539	0.155627	-0.356606	0.752477	0.153465	-0.729651	0.60905	0.158531
118.644	-0.234526	0.500225	0.155834	-0.344642	0.760151	0.15357	-0.715635	0.613307	0.157837
118.886	-0.219803	0.5088	0.155526	-0.332353	0.76777	0.153731	-0.702135	0.617742	0.157818
119.134	-0.205581	0.517064	0.1558	-0.319668	0.775402	0.15313	-0.688245	0.622652	0.158477
119.363	-0.187524	0.526511	0.155647	-0.302944	0.784427	0.152767	-0.67127	0.629169	0.159067
119.623	-0.173093	0.533693	0.156211	-0.289822	0.790826	0.153197	-0.657136	0.63407	0.158922
119.878	-0.158946	0.540322	0.156935	-0.276392	0.797326	0.154289	-0.642994	0.639106	0.158884
120.109	-0.144862	0.546651	0.157289	-0.262473	0.803319	0.154671	-0.628967	0.645001	0.158711
120.287	-0.130689	0.552695	0.157579	-0.247907	0.809624	0.154408	-0.614814	0.650911	0.158726
120.436	-0.11624	0.558241	0.157206	-0.233444	0.815427	0.153843	-0.6004	0.657703	0.158577
120.687	-0.102222	0.563339	0.157242	-0.218275	0.820887	0.153345	-0.585707	0.664709	0.158889
120.931	-0.0844349	0.569194	0.157725	-0.198875	0.827289	0.152807	-0.567738	0.67363	0.159468
121.185	-0.0701882	0.573546	0.158685	-0.183119	0.832062	0.153437	-0.552884	0.680378	0.159392
121.458	-0.0559788	0.576756	0.158802	-0.167256	0.836458	0.154138	-0.538253	0.686996	0.159032
121.696	-0.0418419	0.580094	0.159222	-0.151324	0.840423	0.154188	-0.522917	0.693481	0.159062
121.879	-0.0272095	0.582827	0.158797	-0.134867	0.844186	0.153937	-0.507623	0.699828	0.15892
122.147	-0.0128458	0.585539	0.158908	-0.118133	0.84766	0.153864	-0.492046	0.706271	0.159098
122.394	0.00563197	0.5879	0.159386	-0.0971918	0.851051	0.154364	-0.472646	0.713962	0.159802
122.658	0.020177	0.589117	0.159669	-0.0801513	0.853298	0.154738	-0.4567	0.71968	0.159842
122.889	0.0350955	0.590425	0.15942	-0.0627663	0.855202	0.155017	-0.440949	0.725293	0.160207
123.115	0.0495487	0.590826	0.159052	-0.0454113	0.856859	0.155078	-0.425071	0.730915	0.160176
123.349	0.0639039	0.591208	0.159454	-0.0278194	0.858008	0.155128	-0.408336	0.73681	0.160185
123.668	0.0784746	0.590819	0.160017	-0.0101155	0.858712	0.154971	-0.392224	0.742408	0.160729
123.899	0.0964161	0.589638	0.160009	0.0123348	0.859001	0.155227	-0.37177	0.748583	0.161197
124.187	0.110878	0.587869	0.160005	0.0302112	0.858814	0.155964	-0.355096	0.753741	0.16147
124.418	0.125183	0.586022	0.160324	0.0484733	0.857969	0.155873	-0.338634	0.75848	0.161597
124.643	0.139224	0.583635	0.16094	0.0666832	0.857052	0.156201	-0.321464	0.762946	0.161513
124.925	0.153158	0.581213	0.160984	0.085026	0.855106	0.155902	-0.304491	0.76764	0.161559
125.163	0.170574	0.577297	0.161377	0.108218	0.852408	0.15602	-0.283168	0.772967	0.161871
125.419	0.184469	0.573679	0.161661	0.126843	0.849917	0.156595	-0.265808	0.777035	0.162099
125.687	0.198084	0.569571	0.162183	0.145262	0.846375	0.157004	-0.248566	0.780652	0.161664
125.918	0.212149	0.565052	0.162167	0.163809	0.84304	0.156759	-0.231139	0.784061	0.1613
126.183	0.225529	0.560683	0.162519	0.182182	0.839393	0.156561	-0.213654	0.787561	0.161524
126.44	0.238837	0.555797	0.162167	0.201059	0.83517	0.156444	-0.195859	0.790477	0.161773
126.681	0.252537	0.550365	0.162091	0.219939	0.830534	0.156452	-0.177821	0.793332	0.162414
126.95	0.266012	0.544561	0.161569	0.238371	0.825495	0.156351	-0.159822	0.795807	0.162931
127.08	0.282424	0.536862	0.161321	0.261763	0.818504	0.156178	-0.137403	0.798549	0.162958
127.194	0.291755	0.532345	0.161916	0.275322	0.81413	0.156535	-0.123598	0.800105	0.162999
127.29	0.307151	0.524219	0.163245	0.298186	0.805916	0.156659	-0.101076	0.802434	0.162775
127.426	0.319986	0.517167	0.162946	0.31625	0.799378	0.156666	-0.0830054	0.803512	0.162443
127.566	0.335243	0.507837	0.162138	0.338567	0.790063	0.15703	-0.0603389	0.803968	0.163175
127.829	0.347123	0.50054	0.162041	0.356072	0.782565	0.158302	-0.0428148	0.80449	0.163909
128.135	0.359373	0.494165	0.162078	0.37265	0.775958	0.15866	-0.0254913	0.804167	0.164054
128.402	0.372112	0.488605	0.161132	0.38908	0.770253	0.158527	-0.00907693	0.803339	0.163825
128.691	0.384938	0.484404	0.160798	0.404212	0.765918	0.158572	0.00633196	0.802397	0.164707
128.936	0.398109	0.481416	0.161698	0.418523	0.762895	0.158953	0.0210317	0.800906	0.165357
129.213	0.411913	0.478747	0.161548	0.433013	0.760131	0.158849	0.0357205	0.798975	0.164914
129.442	0.429085	0.475683	0.16005	0.450847	0.756942	0.159018	0.0536769	0.797109	0.164962
129.751	0.442577	0.473869	0.160643	0.464628	0.755177	0.15906	0.0674901	0.795381	0.165574
130.045	0.45578	0.47223	0.162031	0.478067	0.753399	0.159794	0.0810889	0.793692	0.165663
130.311	0.468804	0.470361	0.162039	0.491428	0.751594	0.16033	0.0942296	0.792623	0.16583
130.578	0.481875	0.468876	0.162344	0.504776	0.750023	0.160829	0.107342	0.791353	0.165331
130.905	0.494634	0.467392	0.162825	0.51754	0.748754	0.160745	0.120293	0.789912	0.164807
131.193	0.510614	0.465748	0.162811	0.533442	0.746994	0.161178	0.136272	0.788252	0.164911
131.461	0.523282	0.46465	0.162755	0.545927	0.745886	0.160247	0.148829	0.786431	0.165087
131.721	0.53602	0.463631	0.162905	0.558327	0.744799	0.160388	0.161059	0.785354	0.165782
131.968	0.548193	0.462374	0.162718	0.570233	0.743504	0.160741	0.173251	0.783685	0.165926
132.256	0.560243	0.461274	0.162957	0.58213	0.742464	0.161233	0.184855	0.782426	0.166157
132.505	0.572325	0.460285	0.163372	0.593838	0.741577	0.161309	0.196704	0.781151	0.165567
132.762	0.583978	0.459486	0.163315	0.605369	0.740737	0.160987	0.207925	0.78017	0.165656
133.03	0.598647	0.458503	0.163123	0.619759	0.739897	0.160471	0.222034	0.778659	0.16666
133.269	0.610187	0.457562	0.16291	0.63106	0.738994	0.160741	0.2337	0.777326	0.166835
133.451	0.621142	0.45645	0.16271	0.642117	0.737849	0.161356	0.24472	0.77609	0.167124
133.652	0.631796	0.455699	0.162825	0.652761	0.736915	0.161553	0.255614	0.775243	0.166786
133.932	0.642651	0.454843	0.162908	0.663435	0.735988	0.161128	0.266126	0.774716	0.166726
134.199	0.653335	0.454368	0.162863	0.67406	0.735654	0.160626	0.276776	0.773969	0.166604
134.387	0.666455	0.453786	0.162969	0.686955	0.735062	0.159858	0.289644	0.773141	0.167106
134.565	0.676744	0.453415	0.163302	0.69707	0.734515	0.159948	0.299958	0.772258	0.167757
134.741	0.686535	0.452964	0.163342	0.706814	0.733899	0.160563	0.309557	0.771695	0.167772
134.943	0.69626	0.451922	0.163317	0.716403	0.733204	0.16074	0.319023	0.770939	0.167423
135.192	0.706062	0.451362	0.163542	0.725714	0.732741	0.160967	0.328182	0.769739	0.166884
135.417	0.718043	0.45085	0.164087	0.737247	0.732186	0.161056	0.339666	0.76841	0.16668
135.698	0.727194	0.450401	0.163882	0.746167	0.731719	0.160918	0.348673	0.767542	0.167253
135.95	0.736585	0.449869	0.163633	0.755084	0.731353	0.160635	0.357594	0.766542	0.167981
136.15	0.745436	0.449399	0.163454	0.763769	0.730631	0.161185	0.366281	0.765527	0.16801
136.383	0.754273	0.448675	0.163771	0.772448	0.730153	0.16125	0.37471	0.76459	0.168212
136.637	0.762645	0.448034	0.163768	0.780612	0.729642	0.161482	0.3829	0.76384	0.168071
136.837	0.772991	0.4475	0.16368	0.790738	0.729184	0.161542	0.392973	0.762781	0.167911
137.092	0.781255	0.44705	0.163491	0.798686	0.728555	0.161287	0.400891	0.761855	0.168373
137.33	0.789215	0.446572	0.163439	0.806469	0.728125	0.161888	0.40855	0.760905	0.168751
137.508	0.796895	0.446151	0.163314	0.813648	0.727458	0.162028	0.415927	0.759886	0.169163
137.715	0.804362	0.4454	0.163269	0.821175	0.726996	0.16247	0.423281	0.759285	0.169218
137.959	0.811536	0.445028	0.163663	0.828276	0.726432	0.162694	0.430182	0.758516	0.169152
138.183	0.818706	0.444625	0.164032	0.83502	0.726243	0.163034	0.437116	0.758121	0.169223
138.374	0.827206	0.444429	0.164498	0.843452	0.725823	0.163136	0.445567	0.757543	0.169142
138.543	0.833911	0.443973	0.164541	0.849937	0.725693	0.163128	0.452065	0.757316	0.169347
138.691	0.840339	0.443914	0.164754	0.856176	0.725402	0.163492	0.458358	0.756637	0.169254
138.869	0.84661	0.443553	0.164919	0.862299	0.725285	0.163916	0.464025	0.755901	0.169507
139.091	0.852836	0.443438	0.164924	0.868253	0.724955	0.163747	0.470195	0.755433	0.169363
139.269	0.860136	0.442879	0.165048	0.875002	0.724583	0.163734	0.477265	0.75472	0.169149
139.456	0.86583	0.442487	0.165305	0.880854	0.724218	0.163968	0.482803	0.754274	0.169328
139.629	0.871285	0.442495	0.165548	0.886379	0.723902	0.163887	0.488102	0.753774	0.169337
139.811	0.87665	0.442189	0.165253	0.891435	0.723913	0.163592	0.493358	0.753406	0.169063
140.034	0.881514	0.441378	0.165006	0.896693	0.723742	0.163813	0.49836	0.753191	0.169131
140.221	0.886946	0.440484	0.164746	0.902633	0.723416	0.163715	0.504437	0.752676	0.169125
140.404	0.891575	0.440193	0.164446	0.907558	0.723318	0.163617	0.509248	0.752422	0.169353
140.589	0.897077	0.440583	0.164795	0.912004	0.723038	0.163551	0.51373	0.751947	0.168997
140.618	0.901028	0.440099	0.164615	0.916416	0.723073	0.163321	0.518174	0.751724	0.169021
140.678	0.901028	0.440099	0.164615	0.916416	0.723073	0.163321	0.518174	0.751724	0.169021
140.89	0.906296	0.439748	0.164373	0.921349	0.722958	0.163514	0.523288	0.751199	0.169563
141.142	0.914788	0.439729	0.165056	0.929252	0.722384	0.163916	0.531033	0.750276	0.169224
141.42	0.918538	0.439452	0.164891	0.933014	0.722372	0.163669	0.534777	0.750312	0.16964
141.773	0.921943	0.439275	0.164709	0.936484	0.722384	0.163639	0.538065	0.749899	0.169405
142.012	0.925404	0.439195	0.164918	0.938949	0.721367	0.163312	0.541187	0.749701	0.169518
142.193	0.928778	0.439061	0.16494	0.942378	0.721159	0.163378	0.544342	0.749214	0.169341
142.373	0.931748	0.438867	0.164595	0.94537	0.721074	0.163167	0.547416	0.749118	0.169408
142.598	0.93464	0.438901	0.164871	0.948206	0.721077	0.163323	0.550175	0.74906	0.169201
142.793	0.938181	0.438844	0.165079	0.95131	0.721004	0.163176	0.553406	0.7489	0.169102
142.98	0.940769	0.438721	0.165012	0.952973	0.720846	0.163523	0.556066	0.748543	0.169006
143.185	0.942974	0.438686	0.164731	0.955069	0.720879	0.164026	0.558215	0.748261	0.169405
143.452	0.944889	0.438535	0.165436	0.957072	0.720806	0.16478	0.560084	0.747971	0.169422
143.761	0.94691	0.438641	0.165764	0.959864	0.720554	0.164161	0.561938	0.747706	0.168914
144.027	0.949609	0.438553	0.164885	0.962175	0.720652	0.163365	0.564255	0.747527	0.168736
144.285	0.951048	0.438649	0.164947	0.96338	0.720223	0.163159	0.565865	0.747534	0.169432
144.534	0.951973	0.438493	0.1652	0.964572	0.720688	0.163519	0.566973	0.747589	0.169872
144.817	0.952986	0.438395	0.165246	0.965825	0.720739	0.163895	0.567858	0.7476	0.169186
145.085	0.95438	0.438381	0.165018	0.966539	0.720178	0.163184	0.568853	0.747548	0.16829
145.417	0.955131	0.438533	0.165324	0.96744	0.72035	0.163439	0.569751	0.747471	0.168334
145.683	0.956245	0.438727	0.165566	0.968318	0.720518	0.163347	0.570867	0.747293	0.169133
145.97	0.957031	0.438805	0.165163	0.969412	0.720942	0.163194	0.571733	0.747138	0.169244
146.245	0.957707	0.43877	0.164976	0.970221	0.720903	0.163103	0.572472	0.747041	0.168961
146.534	0.958201	0.438712	0.165264	0.970471	0.720398	0.16319	0.572928	0.74704	0.168704
146.8	0.958363	0.438664	0.165356	0.970728	0.720333	0.163199	0.573144	0.747049	0.168752
147.076	0.958496	0.438689	0.165141	0.9708	0.720364	0.162967	0.573246	0.747078	0.168872
147.409	0.958362	0.438771	0.165147	0.970615	0.720473	0.162958	0.573086	0.74705	0.168982
147.639	0.957821	0.43882	0.165346	0.970017	0.720527	0.163073	0.572583	0.747057	0.168889
147.894	0.957336	0.438785	0.165366	0.969845	0.720874	0.163367	0.572098	0.747106	0.168655
148.135	0.9569	0.438744	0.165349	0.969339	0.720807	0.163421	0.57161	0.747174	0.16863
148.398	0.956447	0.438745	0.165403	0.968603	0.720481	0.163301	0.571067	0.747267	0.168786
148.665	0.956022	0.438756	0.165361	0.968076	0.720515	0.163302	0.570571	0.747304	0.168861
148.944	0.955577	0.438772	0.165265	0.967659	0.720564	0.163303	0.570039	0.747356	0.168851
149.205	0.955251	0.43868	0.165085	0.967111	0.720539	0.163467	0.569411	0.74743	0.168819
149.478	0.954687	0.438664	0.165139	0.966639	0.720508	0.163395	0.568926	0.747488	0.168821
149.713	0.954194	0.438686	0.165047	0.966146	0.720516	0.163218	0.568468	0.747502	0.168765
149.979	0.953689	0.438747	0.165099	0.965713	0.720567	0.163277	0.568054	0.747546	0.1688
150.273	0.953283	0.438733	0.165197	0.965353	0.720591	0.16343	0.567715	0.74755	0.16881
150.555	0.952832	0.438693	0.165156	0.964973	0.720604	0.163532	0.567345	0.7476	0.168783
150.786	0.952527	0.438727	0.165294	0.964949	0.72101	0.16384	0.567092	0.74761	0.16873
151.027	0.952237	0.438779	0.165346	0.964707	0.720994	0.163881	0.566865	0.747633	0.168732
151.242	0.952077	0.438823	0.165418	0.964532	0.721004	0.163772	0.566719	0.747653	0.168732
151.483	0.95185	0.438847	0.165348	0.964417	0.720983	0.163768	0.566562	0.74767	0.168747
151.711	0.951741	0.438827	0.16535	0.964206	0.720938	0.163685	0.566469	0.747644	0.168762
151.976	0.951707	0.438814	0.165422	0.964156	0.720935	0.163605	0.566407	0.747675	0.168742
152.239	0.951675	0.438832	0.1654	0.964083	0.720897	0.163673	0.566374	0.747668	0.168717
152.493	0.95169	0.438821	0.165381	0.964117	0.720919	0.163656	0.566369	0.747673	0.168729
152.735	0.951779	0.438822	0.165423	0.964121	0.720892	0.163675	0.566458	0.74768	0.16877
152.994	0.951886	0.438828	0.165406	0.964336	0.72096	0.163712	0.566526	0.747663	0.168738
153.194	0.951969	0.438802	0.165363	0.9644	0.72096	0.163705	0.566606	0.747664	0.168744
153.347	0.952143	0.438803	0.165415	0.964565	0.72101	0.163774	0.566753	0.747666	0.168722
153.619	0.952309	0.438802	0.165356	0.964802	0.721085	0.163746	0.566862	0.747658	0.168721
153.879	0.952409	0.438785	0.165259	0.964603	0.720668	0.163541	0.56701	0.747641	0.168742
154.152	0.952525	0.438786	0.165217	0.964919	0.721097	0.163522	0.567117	0.747658	0.168763
154.398	0.952696	0.438782	0.165236	0.964855	0.72066	0.163465	0.567245	0.747637	0.16873
154.566	0.952854	0.438764	0.165205	0.9649	0.720587	0.163365	0.567345	0.747634	0.168725
154.697	0.953043	0.438737	0.165167	0.965001	0.720629	0.163299	0.567474	0.74763	0.168756
154.934	0.953163	0.438711	0.165108	0.965299	0.720677	0.163394	0.567593	0.747597	0.168775
155.175	0.953318	0.438763	0.165089	0.965387	0.720701	0.163439	0.567675	0.747581	0.168764
155.413	0.953369	0.438735	0.16509	0.96547	0.720679	0.163365	0.567747	0.747581	0.168752
155.657	0.953394	0.438721	0.16497	0.965531	0.720627	0.163311	0.567806	0.747576	0.168735
155.911	0.953436	0.438713	0.165064	0.965575	0.72069	0.163317	0.567837	0.747585	0.168735
156.245	0.95351	0.438761	0.165065	0.965567	0.720655	0.163262	0.56787	0.747582	0.16874
156.457	0.95346	0.438723	0.165089	0.965577	0.720621	0.163307	0.567858	0.747581	0.168761
156.737	0.953455	0.438714	0.165078	0.965556	0.720633	0.163328	0.567866	0.747589	0.168731
156.971	0.953466	0.438738	0.165116	0.965555	0.72064	0.163321	0.567832	0.74759	0.168747
157.218	0.953449	0.438737	0.165146	0.965523	0.720643	0.16337	0.567774	0.747601	0.168741
157.511	0.95335	0.438733	0.165088	0.965442	0.72065	0.16333	0.567727	0.747589	0.168742
157.728	0.953219	0.438719	0.165091	0.965345	0.720618	0.163287	0.567673	0.7476	0.168718
157.968	0.953188	0.438749	0.1652	0.965218	0.720595	0.163339	0.567584	0.747591	0.168734
158.227	0.953124	0.438737	0.165146	0.96523	0.720591	0.16346	0.567562	0.747605	0.168722
158.469	0.953002	0.438745	0.165105	0.965197	0.720625	0.163401	0.567507	0.747638	0.168735
158.699	0.952973	0.438736	0.165137	0.965005	0.720538	0.163324	0.567479	0.747606	0.168736
158.92	0.952989	0.438744	0.16523	0.965107	0.7206	0.163467	0.567437	0.747623	0.168751
159.177	0.952904	0.438732	0.165204	0.965027	0.720581	0.163439	0.567393	0.747625	0.168738
159.408	0.952863	0.438733	0.165155	0.964877	0.720566	0.163314	0.567352	0.747626	0.168748
159.655	0.952856	0.438716	0.165224	0.964888	0.720592	0.163375	0.56736	0.747635	0.168735
159.863	0.952872	0.438729	0.165242	0.9649	0.720602	0.163359	0.567354	0.747628	0.168742
160.101	0.952826	0.438698	0.165172	0.965005	0.720636	0.163391	0.56736	0.74762	0.168744
160.297	0.952812	0.438704	0.165145	0.964839	0.720542	0.163331	0.567354	0.747628	0.168745
160.571	0.952864	0.438716	0.165195	0.965057	0.72059	0.163508	0.567362	0.747629	0.168724
160.752	0.952894	0.438724	0.16519	0.965051	0.72064	0.163439	0.567389	0.747629	0.168722
160.853	0.952883	0.438693	0.165134	0.965054	0.720636	0.163393	0.567426	0.747634	0.168727
160.955	0.952929	0.438693	0.16517	0.965093	0.720599	0.163414	0.567433	0.747626	0.168739
161.048	0.953012	0.438712	0.165191	0.965154	0.720622	0.163352	0.567479	0.747624	0.16872
161.158	0.952998	0.438691	0.165125	0.965178	0.720642	0.163407	0.567491	0.747635	0.168732
161.253	0.95304	0.438719	0.165144	0.965149	0.720632	0.163366	0.567516	0.747617	0.168753
161.346	0.953072	0.438702	0.165151	0.965216	0.720648	0.163363	0.567533	0.74762	0.168712
161.435	0.953078	0.438719	0.165163	0.965219	0.720572	0.16335	0.567531	0.747613	0.168717
161.531	0.953059	0.43873	0.165134	0.965214	0.720599	0.163331	0.567552	0.747609	0.168728
161.619	0.953067	0.438718	0.16513	0.965261	0.720665	0.163384	0.567544	0.747612	0.168719
161.724	0.953068	0.438709	0.165125	0.965288	0.720608	0.163344	0.567534	0.747593	0.168722
161.819	0.953091	0.438721	0.165143	0.9651	0.720588	0.163295	0.567542	0.747626	0.168734
161.909	0.953062	0.438729	0.165121	0.965243	0.720596	0.163371	0.567517	0.747609	0.168712
161.999	0.953074	0.438733	0.165165	0.96507	0.720614	0.163293	0.567515	0.74761	0.168719
162.095	0.953053	0.438698	0.165118	0.965182	0.720647	0.163402	0.567519	0.74763	0.168717
162.195	0.952998	0.438724	0.16511	0.965177	0.720632	0.163346	0.567494	0.747608	0.168724
162.287	0.953022	0.438731	0.165164	0.965197	0.72065	0.163373	0.567496	0.747616	0.16872
162.384	0.953001	0.438727	0.165174	0.965019	0.720629	0.163341	0.56748	0.747632	0.168735
162.475	0.952992	0.438735	0.165146	0.965169	0.720694	0.163321	0.56747	0.747616	0.168721
162.563	0.952994	0.43871	0.165136	0.965117	0.720651	0.16342	0.567459	0.747608	0.168722
162.659	0.952979	0.438734	0.165171	0.965139	0.720665	0.1634	0.567469	0.747615	0.168729
162.813	0.952977	0.438741	0.165168	0.965134	0.720616	0.163389	0.567445	0.747614	0.168718
163.085	0.952986	0.438749	0.165138	0.965008	0.720614	0.163309	0.567447	0.747621	0.168701
163.363	0.952972	0.438746	0.165151	0.965006	0.720597	0.163326	0.56745	0.74763	0.168736
163.673	0.952999	0.438755	0.165178	0.965192	0.720714	0.163426	0.567475	0.747632	0.168736
163.952	0.95296	0.438736	0.165141	0.965143	0.720665	0.163354	0.567464	0.747611	0.168696
164.227	0.952988	0.438737	0.165101	0.965148	0.720641	0.163381	0.56747	0.747598	0.168679
164.491	0.953012	0.43874	0.165163	0.96503	0.720507	0.163361	0.567477	0.747614	0.168716
164.761	0.953053	0.438748	0.165166	0.965215	0.720644	0.1634	0.567498	0.747601	0.168697
164.948	0.952986	0.438722	0.165108	0.965185	0.720675	0.163266	0.56749	0.747622	0.168694
165.124	0.953017	0.438732	0.165093	0.965509	0.721101	0.163664	0.567504	0.747622	0.168718
165.302	0.953072	0.438757	0.165161	0.965085	0.720576	0.163322	0.567513	0.747619	0.168704
165.487	0.953025	0.438721	0.165122	0.965195	0.720631	0.16339	0.567516	0.747615	0.168703
165.666	0.953002	0.438751	0.165106	0.965155	0.720681	0.163414	0.567534	0.74762	0.16871
165.879	0.953023	0.438726	0.165106	0.965202	0.720661	0.163402	0.56752	0.747617	0.168712
166.149	0.953065	0.438777	0.165197	0.965212	0.720685	0.163439	0.5675	0.747618	0.16871
166.351	0.953023	0.438751	0.165122	0.965119	0.72065	0.163366	0.567507	0.747606	0.168703
166.597	0.952995	0.438743	0.165129	0.965008	0.720667	0.163295	0.567511	0.747637	0.16873
166.835	0.953043	0.438752	0.165175	0.965162	0.720624	0.163366	0.567478	0.74761	0.168694
167.074	0.952999	0.43876	0.165156	0.965142	0.720673	0.163398	0.567463	0.747628	0.168709
167.337	0.952991	0.438735	0.165113	0.965131	0.720666	0.16338	0.567458	0.747606	0.168701
167.538	0.95299	0.438738	0.165151	0.965104	0.720662	0.163366	0.567449	0.747619	0.168712
167.739	0.953028	0.438731	0.165166	0.965022	0.720591	0.163319	0.567435	0.747603	0.168688
168.036	0.953008	0.438743	0.165146	0.965165	0.720711	0.163389	0.567447	0.747627	0.168702
168.328	0.953007	0.438717	0.165104	0.965133	0.720632	0.163334	0.567476	0.747628	0.168695
168.556	0.953027	0.438751	0.165155	0.965034	0.720622	0.163327	0.56747	0.74762	0.168694
168.784	0.953053	0.438733	0.165165	0.965169	0.720618	0.163402	0.567469	0.747626	0.168701
169.116	0.953025	0.438729	0.165067	0.965008	0.720619	0.163302	0.567478	0.74762	0.168684
169.369	0.953025	0.438726	0.165131	0.964988	0.720602	0.1633	0.567472	0.747612	0.168693
169.648	0.953055	0.438744	0.165187	0.965029	0.720631	0.16334	0.567482	0.747623	0.168704
169.92	0.953048	0.438746	0.165141	0.965172	0.720672	0.163411	0.567472	0.747638	0.168702
170.2	0.953016	0.438733	0.165106	0.964995	0.720569	0.163259	0.567487	0.747607	0.16869
170.509	0.953019	0.438707	0.165148	0.965177	0.72064	0.163357	0.567495	0.747624	0.16872
170.77	0.953018	0.438739	0.165145	0.965173	0.72067	0.163396	0.567479	0.747629	0.168693
171.051	0.952998	0.43873	0.165112	0.96501	0.720561	0.163276	0.56749	0.747627	0.168705
171.33	0.953016	0.438736	0.165105	0.965182	0.72065	0.163414	0.567494	0.747628	0.168705
171.594	0.95302	0.438716	0.16514	0.965047	0.720594	0.163307	0.56748	0.747631	0.168712
171.824	0.953026	0.438756	0.165108	0.965038	0.720618	0.16328	0.567486	0.74762	0.168707
172.004	0.952983	0.438715	0.165079	0.965185	0.720672	0.163339	0.567492	0.747618	0.168701
172.354	0.952997	0.438732	0.165137	0.965018	0.720597	0.163277	0.567471	0.747636	0.168689
172.471	0.953028	0.438756	0.16513	0.965041	0.720602	0.163282	0.567482	0.747641	0.168706
172.673	0.953047	0.43875	0.165149	0.965197	0.720678	0.163404	0.567474	0.747612	0.16868
172.956	0.952984	0.438737	0.165125	0.965033	0.720603	0.163299	0.567472	0.74763	0.168707
173.186	0.953026	0.438761	0.16515	0.965219	0.720674	0.163384	0.567473	0.747629	0.168689
173.39	0.953008	0.438758	0.165153	0.965175	0.720667	0.163385	0.567487	0.747628	0.168704
173.692	0.952949	0.438746	0.165093	0.965145	0.720626	0.163293	0.567466	0.747616	0.168684
173.897	0.952973	0.438732	0.165123	0.96518	0.720658	0.163418	0.567465	0.747608	0.168691
174.2	0.953019	0.438722	0.165143	0.965042	0.720603	0.163282	0.567464	0.747602	0.168676
174.449	0.952967	0.438716	0.165125	0.965145	0.720639	0.163328	0.567463	0.747625	0.168714
174.687	0.952966	0.438721	0.165094	0.964969	0.720557	0.163228	0.567475	0.747624	0.168696
174.914	0.952984	0.438718	0.165164	0.965046	0.720592	0.163279	0.567461	0.747628	0.168696
175.199	0.953029	0.438726	0.165162	0.965058	0.720604	0.163262	0.567471	0.747608	0.168658
175.448	0.95296	0.43872	0.165091	0.965151	0.720636	0.163325	0.567457	0.747617	0.168699
175.711	0.952976	0.438715	0.165127	0.965347	0.721048	0.163404	0.567451	0.747599	0.168685
175.958	0.952993	0.438757	0.165164	0.965195	0.720649	0.16342	0.567456	0.747624	0.168699
176.222	0.952968	0.438736	0.165116	0.965151	0.720678	0.163362	0.567465	0.747623	0.168668
176.46	0.952927	0.438717	0.165066	0.964994	0.720555	0.163251	0.567463	0.747628	0.168699
176.732	0.953037	0.438744	0.16515	0.965179	0.720592	0.163385	0.567453	0.747625	0.168674
176.999	0.952992	0.438714	0.165136	0.965028	0.720575	0.16328	0.567453	0.747628	0.168701
177.26	0.952987	0.438737	0.165112	0.965157	0.720649	0.163329	0.567468	0.747616	0.168683
177.504	0.952988	0.438758	0.165112	0.965002	0.720596	0.163265	0.567455	0.747618	0.168689
177.766	0.953026	0.438724	0.165164	0.965177	0.720663	0.163382	0.567472	0.747622	0.168674
178.004	0.953	0.438731	0.165156	0.965148	0.72062	0.163348	0.567462	0.747621	0.168707
178.252	0.952995	0.438708	0.165126	0.96514	0.720652	0.163277	0.567477	0.747634	0.168695
178.456	0.953025	0.438739	0.16515	0.965152	0.720615	0.163386	0.567468	0.747633	0.168694
178.634	0.953021	0.438749	0.165137	0.965185	0.720667	0.163427	0.567472	0.747626	0.168683
178.818	0.952974	0.438725	0.165086	0.964988	0.720575	0.163244	0.56745	0.747622	0.168682
178.997	0.952964	0.438724	0.165093	0.965115	0.720611	0.163347	0.567468	0.747622	0.168686
179.214	0.953017	0.438719	0.165164	0.965126	0.720594	0.163423	0.56748	0.747625	0.168701
179.482	0.952997	0.438734	0.165099	0.964998	0.720605	0.163248	0.567473	0.747622	0.168687
179.683	0.952953	0.438723	0.165094	0.965115	0.720617	0.163321	0.567458	0.747618	0.168697
179.862	0.952987	0.438757	0.165111	0.965123	0.720608	0.163311	0.567459	0.747625	0.168676
180.027	0.953037	0.438761	0.165137	0.965222	0.720662	0.163393	0.56747	0.747624	0.168685
180.287	0.953011	0.438731	0.165126	0.965051	0.720538	0.163228	0.567472	0.747626	0.168696
180.547	0.952972	0.438725	0.1651	0.965029	0.72058	0.163194	0.567486	0.747632	0.168688
180.792	0.952993	0.438738	0.165148	0.965076	0.720613	0.163215	0.567472	0.747605	0.168683
181.058	0.95305	0.438744	0.165195	0.965062	0.720534	0.163339	0.567481	0.747612	0.168694
181.286	0.952968	0.438714	0.165138	0.964974	0.720626	0.163316	0.56751	0.74762	0.168725
181.582	0.952961	0.438697	0.165153	0.964923	0.720602	0.163315	0.567502	0.747602	0.168692
181.756	0.952992	0.438708	0.16523	0.964909	0.72065	0.163356	0.56752	0.747601	0.168707
182.042	0.95301	0.438709	0.165224	0.964903	0.720594	0.163327	0.567518	0.747596	0.168721
182.311	0.952977	0.438697	0.165212	0.964931	0.72055	0.163276	0.567525	0.747596	0.16871
182.558	0.952943	0.438736	0.165255	0.964958	0.720573	0.163307	0.567501	0.747587	0.168713
182.827	0.95294	0.438755	0.165287	0.96498	0.720655	0.163366	0.567495	0.74759	0.16871
183.049	0.95291	0.438757	0.165262	0.965117	0.720674	0.163514	0.567496	0.747592	0.168697
183.086	0.95291	0.438757	0.165262	0.965117	0.720674	0.163514	0.567496	0.747592	0.168697
183.131	0.95291	0.438757	0.165262	0.965117	0.720674	0.163514	0.567496	0.747592	0.168697
183.165	0.95291	0.438757	0.165262	0.965117	0.720674	0.163514	0.567496	0.747592	0.168697
183.204	0.95291	0.438757	0.165262	0.965117	0.720674	0.163514	0.567496	0.747592	0.168697
183.236	0.95291	0.438757	0.165262	0.965117	0.720674	0.163514	0.567496	0.747592	0.168697
183.348	0.95291	0.438757	0.165262	0.965117	0.720674	0.163514	0.567496	0.747592	0.168697
183.4	0.95291	0.438757	0.165262	0.965117	0.720674	0.163514	0.567496	0.747592	0.168697
183.449	0.95291	0.438757	0.165262	0.965117	0.720674	0.163514	0.567496	0.747592	0.168697
