Time      x1      y1      z1	x2	y2	z2	x3	y3	z3	x4	y4	z4
8.992	6.91215e-310	6.91215e-310	2.122e-314	3.135e-317	1.5316e-322	6.91215e-310	0	0	0
9.059	6.91215e-310	6.91215e-310	2.122e-314	3.135e-317	1.5316e-322	6.91215e-310	0	0	0
9.107	6.91215e-310	6.91215e-310	2.122e-314	3.135e-317	1.5316e-322	6.91215e-310	0	0	0
9.16	6.91215e-310	6.91215e-310	2.122e-314	3.135e-317	1.5316e-322	6.91215e-310	0	0	0
9.247	6.91215e-310	6.91215e-310	2.122e-314	3.135e-317	1.5316e-322	6.91215e-310	0	0	0
9.281	6.91215e-310	6.91215e-310	2.122e-314	3.135e-317	1.5316e-322	6.91215e-310	0	0	0
9.329	6.91215e-310	6.91215e-310	2.122e-314	3.135e-317	1.5316e-322	6.91215e-310	0	0	0
9.393	6.91215e-310	6.91215e-310	2.122e-314	3.135e-317	1.5316e-322	6.91215e-310	0	0	0
9.44	6.91215e-310	6.91215e-310	2.122e-314	3.135e-317	1.5316e-322	6.91215e-310	0	0	0
9.479	6.91215e-310	6.91215e-310	2.122e-314	3.135e-317	1.5316e-322	6.91215e-310	0	0	0
9.682	6.91215e-310	6.91215e-310	2.122e-314	3.135e-317	1.5316e-322	6.91215e-310	0	0	0
9.737	6.91215e-310	6.91215e-310	2.122e-314	3.135e-317	1.5316e-322	6.91215e-310	0	0	0
9.82	6.91215e-310	6.91215e-310	2.122e-314	3.135e-317	1.5316e-322	6.91215e-310	0	0	0
9.876	6.91215e-310	6.91215e-310	2.122e-314	3.135e-317	1.5316e-322	6.91215e-310	0	0	0
9.936	6.91215e-310	6.91215e-310	2.122e-314	3.135e-317	1.5316e-322	6.91215e-310	0	0	0
9.998	6.91215e-310	6.91215e-310	2.122e-314	3.135e-317	1.5316e-322	6.91215e-310	0	0	0
11.005	6.91215e-310	6.91215e-310	2.122e-314	3.135e-317	1.5316e-322	6.91215e-310	0	0	0
11.319	-1.71409	0.608574	0.147114	-1.71487	0.89059	0.143968	-2.11446	0.898831	0.152135
11.52	-1.71405	0.608547	0.147061	-1.71487	0.890574	0.144006	-2.11447	0.898777	0.152139
11.741	-1.71408	0.608557	0.147108	-1.71487	0.890604	0.144017	-2.11451	0.898624	0.152053
12.004	-1.71409	0.608578	0.147124	-1.71489	0.890585	0.143971	-2.11457	0.898553	0.152058
12.26	-1.71406	0.608538	0.147062	-1.71488	0.890623	0.144167	-2.11463	0.898283	0.151984
12.606	-1.71405	0.608536	0.147044	-1.71487	0.890648	0.144037	-2.11464	0.898334	0.151942
12.869	-1.7141	0.608592	0.147132	-1.71486	0.890593	0.144009	-2.11466	0.898322	0.152016
13.141	-1.71408	0.608571	0.14711	-1.71488	0.890547	0.143983	-2.11466	0.898373	0.15199
13.377	-1.71407	0.60857	0.147109	-1.71488	0.89062	0.144043	-2.11455	0.898575	0.152041
13.643	-1.71406	0.608545	0.147079	-1.71488	0.890622	0.144048	-2.11449	0.898881	0.152143
13.91	-1.71408	0.608564	0.147083	-1.71487	0.890629	0.144178	-2.11465	0.898398	0.151985
14.262	-1.71406	0.608561	0.147087	-1.71486	0.890578	0.143983	-2.11455	0.898678	0.15205
14.523	-1.71405	0.608521	0.147074	-1.71488	0.890651	0.14406	-2.11467	0.898376	0.152
14.779	-1.71407	0.608541	0.147079	-1.71485	0.890617	0.144014	-2.11466	0.898387	0.151991
15.015	-1.71409	0.608578	0.147113	-1.71486	0.890579	0.143999	-2.11455	0.898654	0.152051
15.291	-1.71409	0.608568	0.147099	-1.71487	0.890637	0.144014	-2.11465	0.898335	0.152006
15.53	-1.71407	0.608557	0.147078	-1.71487	0.890643	0.144048	-2.1145	0.898847	0.15215
15.802	-1.71405	0.608569	0.147084	-1.71485	0.890619	0.144012	-2.11446	0.898795	0.152067
16.131	-1.71409	0.608562	0.147094	-1.71487	0.890575	0.143983	-2.11447	0.898857	0.152092
16.378	-1.71407	0.608556	0.147064	-1.71486	0.890622	0.14405	-2.11449	0.898819	0.152113
16.65	-1.71408	0.608572	0.147105	-1.71489	0.890619	0.144016	-2.11463	0.898303	0.151968
16.877	-1.71409	0.608565	0.14705	-1.71484	0.89064	0.143992	-2.11451	0.898565	0.151968
17.089	-1.71407	0.608562	0.147066	-1.71488	0.89067	0.144191	-2.11452	0.898539	0.151959
17.297	-1.71409	0.608569	0.147114	-1.71489	0.890618	0.144039	-2.11464	0.898312	0.151946
17.568	-1.7141	0.60858	0.147131	-1.71488	0.890602	0.144051	-2.11464	0.898319	0.151972
17.811	-1.71408	0.608549	0.147062	-1.71487	0.890624	0.144003	-2.11453	0.898539	0.15194
18.081	-1.71407	0.608548	0.147055	-1.71486	0.890571	0.144005	-2.11463	0.898283	0.151931
18.353	-1.71408	0.608548	0.147078	-1.71489	0.890586	0.144053	-2.11453	0.898524	0.151943
18.617	-1.7141	0.608559	0.147098	-1.71487	0.890649	0.144011	-2.11453	0.89856	0.151996
18.814	-1.71407	0.60856	0.147076	-1.71486	0.8906	0.143998	-2.11457	0.898458	0.151995
19.051	-1.71406	0.608545	0.147044	-1.71489	0.890598	0.144019	-2.11448	0.898518	0.151894
19.324	-1.71407	0.608573	0.147051	-1.71486	0.890642	0.144002	-2.11449	0.898523	0.151883
19.537	-1.71409	0.608563	0.147075	-1.71486	0.890586	0.143972	-2.11442	0.898759	0.151954
19.74	-1.71407	0.608559	0.147078	-1.71486	0.890619	0.144062	-2.11449	0.898495	0.151859
20.018	-1.71408	0.608532	0.147063	-1.7149	0.890623	0.144073	-2.11451	0.898536	0.15189
20.324	-1.7141	0.608554	0.147087	-1.71488	0.890574	0.14399	-2.1145	0.898559	0.151912
20.607	-1.71407	0.608546	0.147062	-1.71486	0.890563	0.143975	-2.11447	0.898573	0.151928
20.877	-1.71405	0.608534	0.147019	-1.7149	0.890601	0.144047	-2.1146	0.89834	0.151909
21.152	-1.71409	0.608528	0.147072	-1.71486	0.890573	0.144012	-2.11449	0.898568	0.151932
21.412	-1.71408	0.608546	0.147094	-1.71486	0.890566	0.143997	-2.1145	0.898546	0.151939
21.689	-1.71406	0.608532	0.147043	-1.71486	0.890605	0.14401	-2.11446	0.898548	0.151898
21.944	-1.71404	0.608523	0.146997	-1.71488	0.890575	0.144012	-2.11445	0.898545	0.151892
22.2	-1.71408	0.608541	0.147043	-1.71486	0.890572	0.143986	-2.1145	0.898558	0.151927
22.526	-1.7141	0.608523	0.147078	-1.71489	0.890538	0.143994	-2.11456	0.898488	0.152025
22.703	-1.71406	0.608535	0.147023	-1.71485	0.890579	0.144011	-2.11445	0.898539	0.1519
22.906	-1.71408	0.608529	0.147082	-1.7149	0.890583	0.144049	-2.1146	0.898322	0.151955
23.179	-1.71411	0.608533	0.147102	-1.7149	0.890602	0.144033	-2.11464	0.898309	0.151946
23.502	-1.71409	0.608515	0.14705	-1.71486	0.89059	0.144017	-2.11449	0.898544	0.151923
23.746	-1.71403	0.608525	0.147005	-1.71484	0.890606	0.144007	-2.11445	0.898548	0.151917
23.968	-1.7141	0.60854	0.147101	-1.71491	0.890571	0.144021	-2.11462	0.898318	0.151961
24.156	-1.71409	0.608538	0.147091	-1.71489	0.890571	0.144017	-2.1145	0.898554	0.151968
24.362	-1.71404	0.608507	0.146981	-1.71486	0.890607	0.144048	-2.11446	0.898551	0.151908
24.591	-1.71405	0.608517	0.146997	-1.71483	0.890586	0.144006	-2.11444	0.898548	0.1519
24.812	-1.7141	0.608521	0.147094	-1.71488	0.890554	0.144	-2.11452	0.898573	0.151973
25.019	-1.71407	0.608521	0.147049	-1.71486	0.890586	0.144038	-2.11443	0.898808	0.152032
25.237	-1.71402	0.608507	0.146985	-1.71485	0.890572	0.144027	-2.11457	0.898313	0.151878
25.447	-1.71407	0.608524	0.147052	-1.71487	0.89057	0.143999	-2.11447	0.898573	0.15195
25.576	-1.7141	0.608531	0.147079	-1.71489	0.890594	0.144019	-2.11449	0.898584	0.151972
25.762	-1.71403	0.608524	0.147006	-1.71483	0.890598	0.144034	-2.11454	0.89825	0.151792
25.991	-1.71402	0.608518	0.146999	-1.71484	0.890629	0.144012	-2.11446	0.898529	0.151854
26.205	-1.71408	0.608542	0.147069	-1.71488	0.890553	0.14399	-2.11449	0.898537	0.151956
26.413	-1.71411	0.608528	0.147081	-1.71489	0.890557	0.144029	-2.11455	0.89846	0.15199
26.596	-1.71401	0.608522	0.146995	-1.71486	0.890638	0.144206	-2.11444	0.898527	0.151862
26.78	-1.71406	0.608536	0.147039	-1.71485	0.890573	0.143955	-2.11446	0.898515	0.151846
26.965	-1.7141	0.608542	0.147092	-1.71487	0.890575	0.144	-2.11451	0.89852	0.151904
27.159	-1.71407	0.608537	0.147083	-1.71487	0.890618	0.14402	-2.1145	0.898534	0.15195
27.351	-1.71405	0.608532	0.147053	-1.71486	0.890558	0.143981	-2.11458	0.898459	0.152013
27.664	-1.71408	0.608522	0.147086	-1.71489	0.890568	0.143985	-2.11449	0.898548	0.151936
27.884	-1.71409	0.608557	0.14709	-1.71487	0.890579	0.143978	-2.11451	0.898564	0.151936
28.122	-1.71407	0.608522	0.147053	-1.71486	0.890616	0.144025	-2.11448	0.89855	0.151907
28.338	-1.71407	0.608546	0.147069	-1.71486	0.890625	0.144035	-2.11448	0.898547	0.151939
28.626	-1.71408	0.608545	0.1471	-1.71488	0.890572	0.144006	-2.11454	0.898549	0.151948
28.851	-1.71407	0.608548	0.147068	-1.71487	0.890618	0.143999	-2.1145	0.898555	0.151925
29.095	-1.71407	0.608558	0.147069	-1.71487	0.890621	0.144025	-2.11452	0.898629	0.151955
29.341	-1.71408	0.608554	0.147097	-1.71486	0.890613	0.144005	-2.1145	0.898537	0.151946
29.597	-1.71412	0.608563	0.147086	-1.71488	0.890566	0.143966	-2.11453	0.898619	0.151987
29.835	-1.71407	0.608538	0.147042	-1.71487	0.890626	0.144017	-2.11446	0.898853	0.152068
30.029	-1.71408	0.608544	0.147072	-1.71488	0.890585	0.14399	-2.11462	0.8983	0.151955
30.26	-1.71411	0.608578	0.147123	-1.71487	0.890629	0.143996	-2.11458	0.89856	0.152019
30.498	-1.71408	0.608568	0.14707	-1.71488	0.890597	0.144011	-2.11463	0.898387	0.151992
30.712	-1.71407	0.608544	0.147062	-1.7149	0.890631	0.144015	-2.1145	0.898638	0.151988
30.942	-1.71408	0.608566	0.147082	-1.71486	0.890629	0.143993	-2.11464	0.898429	0.151961
31.186	-1.71411	0.608564	0.147114	-1.71487	0.890617	0.143997	-2.11448	0.898885	0.152091
31.452	-1.71408	0.60855	0.147081	-1.71489	0.890618	0.144046	-2.11454	0.898649	0.152018
31.723	-1.71409	0.608554	0.147075	-1.71489	0.890604	0.14402	-2.11465	0.898398	0.151965
31.977	-1.71411	0.608575	0.147077	-1.71485	0.890609	0.14397	-2.11454	0.898551	0.152026
32.209	-1.71409	0.608555	0.147072	-1.71485	0.890619	0.144004	-2.11455	0.898639	0.152032
32.418	-1.71409	0.608559	0.147099	-1.71489	0.89062	0.144038	-2.11461	0.898479	0.152109
32.647	-1.71412	0.608559	0.147109	-1.7149	0.890556	0.144026	-2.11463	0.898281	0.152008
32.868	-1.71409	0.608567	0.147098	-1.71486	0.890581	0.143951	-2.11457	0.898566	0.152037
33.096	-1.71409	0.608544	0.14708	-1.71487	0.89061	0.143991	-2.11453	0.898552	0.152031
33.287	-1.71409	0.608562	0.147084	-1.71487	0.890629	0.144013	-2.11457	0.898677	0.152069
33.468	-1.7141	0.60857	0.147118	-1.71489	0.890614	0.144016	-2.11467	0.898334	0.152051
33.654	-1.71409	0.608578	0.147106	-1.71488	0.890604	0.144001	-2.11455	0.898666	0.152045
33.895	-1.71407	0.608553	0.147072	-1.71488	0.890606	0.144049	-2.11455	0.898664	0.152049
34.225	-1.71408	0.608555	0.147079	-1.71489	0.890578	0.143946	-2.11448	0.898879	0.152119
34.488	-1.71409	0.608568	0.147096	-1.71489	0.890626	0.144163	-2.11465	0.898388	0.15199
34.706	-1.71408	0.608561	0.14708	-1.71487	0.890589	0.144049	-2.11446	0.898859	0.152117
34.889	-1.71407	0.608548	0.147092	-1.71488	0.890605	0.144039	-2.11455	0.898667	0.152043
35.095	-1.71409	0.608567	0.147103	-1.71487	0.890579	0.143978	-2.11449	0.898785	0.152108
35.355	-1.71407	0.608562	0.14708	-1.71486	0.89062	0.144008	-2.11453	0.898654	0.152031
35.649	-1.71406	0.608559	0.147038	-1.71487	0.890629	0.144005	-2.11446	0.898855	0.152081
35.844	-1.71409	0.608552	0.147094	-1.71488	0.890583	0.143994	-2.11453	0.898601	0.151984
36.034	-1.71411	0.608571	0.147085	-1.7149	0.890608	0.143999	-2.11445	0.898801	0.15208
36.222	-1.71407	0.608541	0.147065	-1.71487	0.890591	0.143966	-2.11462	0.898296	0.151887
36.408	-1.71406	0.608554	0.147071	-1.71487	0.890588	0.143995	-2.11446	0.898753	0.152045
36.626	-1.7141	0.608543	0.147083	-1.71487	0.890566	0.144006	-2.11452	0.898548	0.151995
36.942	-1.7141	0.608553	0.147095	-1.71488	0.890632	0.14419	-2.11452	0.898546	0.151994
37.187	-1.71406	0.608538	0.147063	-1.71487	0.890618	0.144025	-2.11449	0.898526	0.151941
37.34	-1.71409	0.608555	0.147091	-1.71488	0.890628	0.144015	-2.11452	0.898532	0.151953
37.561	-1.71409	0.608531	0.147094	-1.71487	0.890582	0.144012	-2.11455	0.898598	0.151992
37.757	-1.71407	0.608537	0.14708	-1.71486	0.890573	0.143963	-2.11444	0.898782	0.15201
37.948	-1.71404	0.608531	0.147046	-1.71486	0.890621	0.14404	-2.11459	0.898318	0.151914
38.19	-1.7141	0.608572	0.147099	-1.71487	0.890595	0.144	-2.11452	0.898567	0.151942
38.42	-1.7141	0.608548	0.147092	-1.71487	0.890614	0.144025	-2.11463	0.898295	0.151927
38.64	-1.71404	0.608532	0.146995	-1.71487	0.8906	0.14398	-2.11458	0.898267	0.151845
38.847	-1.71405	0.608546	0.147011	-1.71488	0.890588	0.144012	-2.1146	0.898288	0.1519
39.053	-1.71411	0.608546	0.147096	-1.71488	0.890583	0.143996	-2.11451	0.898544	0.151958
39.257	-1.71409	0.608534	0.147069	-1.7149	0.890656	0.144196	-2.1146	0.898271	0.151898
39.528	-1.71401	0.608537	0.147004	-1.71483	0.890602	0.143962	-2.11451	0.898218	0.151721
39.718	-1.71408	0.608518	0.147066	-1.71487	0.890566	0.144005	-2.11448	0.89851	0.151869
39.905	-1.71411	0.608546	0.147107	-1.71488	0.890575	0.144009	-2.11444	0.898733	0.151989
40.085	-1.71404	0.608502	0.147031	-1.71487	0.890554	0.143982	-2.11456	0.898225	0.151795
40.302	-1.71403	0.608511	0.147004	-1.71484	0.890627	0.144043	-2.11452	0.898218	0.151729
40.587	-1.71408	0.608525	0.147086	-1.71489	0.890536	0.143985	-2.11451	0.8985	0.151914
40.936	-1.71413	0.608534	0.147127	-1.7149	0.890595	0.144187	-2.11444	0.898787	0.152032
41.18	-1.71404	0.608529	0.146995	-1.71483	0.890587	0.143998	-2.11444	0.898508	0.151828
41.405	-1.71407	0.60854	0.14706	-1.71486	0.890611	0.144029	-2.11447	0.898553	0.151916
41.637	-1.71412	0.608538	0.147098	-1.71488	0.890548	0.144002	-2.11444	0.898793	0.152042
41.866	-1.71406	0.608536	0.147055	-1.71486	0.890567	0.14402	-2.11448	0.898527	0.151884
42.103	-1.71402	0.608502	0.14697	-1.71483	0.890572	0.143972	-2.11445	0.898539	0.151863
42.447	-1.71406	0.608519	0.147052	-1.71485	0.890585	0.143999	-2.1146	0.898304	0.151882
42.688	-1.7141	0.608533	0.147088	-1.71486	0.890558	0.144009	-2.11452	0.89857	0.151956
42.908	-1.71406	0.60853	0.147015	-1.71486	0.890566	0.144017	-2.11447	0.898573	0.151884
43.17	-1.71405	0.608528	0.147027	-1.71486	0.890596	0.144032	-2.11459	0.898335	0.151898
43.372	-1.71409	0.608519	0.147082	-1.71487	0.890587	0.14401	-2.11452	0.898593	0.151984
43.549	-1.71409	0.608532	0.147065	-1.71487	0.890572	0.143964	-2.11447	0.898576	0.15191
43.773	-1.71403	0.608512	0.146985	-1.71487	0.890639	0.144179	-2.11444	0.898498	0.151838
44.029	-1.71409	0.608537	0.147082	-1.71488	0.890618	0.144025	-2.11449	0.898576	0.151911
44.315	-1.7141	0.608525	0.147087	-1.71489	0.890558	0.143989	-2.11451	0.898529	0.15193
44.534	-1.71404	0.60851	0.146987	-1.71486	0.890622	0.144013	-2.11448	0.898535	0.151852
44.787	-1.71405	0.608518	0.146998	-1.71485	0.89059	0.144009	-2.11445	0.898529	0.151846
44.994	-1.71413	0.608546	0.147108	-1.7149	0.890635	0.144033	-2.11445	0.898806	0.152056
45.286	-1.71413	0.60854	0.147511	-1.7149	0.890565	0.14443	-2.11457	0.898491	0.151645
45.572	-1.71254	0.608952	0.148359	-1.71372	0.891015	0.144905	-2.11334	0.898614	0.151329
45.81	-1.71076	0.60919	0.147818	-1.71245	0.891568	0.144791	-2.11174	0.898715	0.151198
45.987	-1.70906	0.609592	0.147659	-1.71099	0.891846	0.144576	-2.11013	0.89869	0.152462
46.21	-1.707	0.609696	0.147775	-1.70918	0.891799	0.144715	-2.10819	0.898583	0.152557
46.462	-1.70495	0.609573	0.147291	-1.70724	0.891766	0.144978	-2.10627	0.898525	0.152863
46.741	-1.70272	0.609663	0.147449	-1.70549	0.891795	0.145594	-2.10436	0.898049	0.152209
46.934	-1.69946	0.609891	0.148085	-1.70179	0.891862	0.145205	-2.10135	0.897818	0.152099
47.162	-1.69653	0.610272	0.148052	-1.69875	0.891889	0.144905	-2.09863	0.898195	0.152399
47.367	-1.69336	0.610587	0.147854	-1.69589	0.892413	0.144442	-2.09561	0.898336	0.152843
47.617	-1.69101	0.610904	0.147748	-1.69356	0.89276	0.144263	-2.09323	0.898484	0.152763
47.885	-1.6866	0.611521	0.148432	-1.68961	0.893162	0.144503	-2.08938	0.898319	0.15265
48.171	-1.68254	0.611933	0.148158	-1.68563	0.893883	0.144792	-2.08622	0.898874	0.152858
48.351	-1.6775	0.612562	0.148078	-1.68161	0.894387	0.14537	-2.08108	0.898322	0.152246
48.6	-1.67328	0.613291	0.148751	-1.67772	0.895069	0.145646	-2.07733	0.89826	0.152714
48.864	-1.66814	0.613854	0.148014	-1.67354	0.895712	0.145291	-2.07308	0.897866	0.152384
49.097	-1.66363	0.615007	0.148067	-1.66955	0.896907	0.145635	-2.0684	0.897881	0.152148
49.326	-1.65845	0.615957	0.148309	-1.6648	0.897946	0.145581	-2.06432	0.897889	0.15215
49.54	-1.65322	0.616814	0.148505	-1.66029	0.898985	0.145739	-2.0593	0.89822	0.152301
49.728	-1.64745	0.618222	0.148775	-1.65458	0.899993	0.145606	-2.0545	0.898207	0.152074
50.012	-1.64176	0.619887	0.1492	-1.65034	0.901517	0.145802	-2.04995	0.89819	0.15181
50.2	-1.63389	0.621879	0.14893	-1.64471	0.90358	0.146252	-2.04382	0.897652	0.15186
50.408	-1.62766	0.623611	0.149131	-1.6389	0.905011	0.146066	-2.03853	0.897624	0.151595
50.676	-1.62078	0.62517	0.148732	-1.63354	0.906724	0.146289	-2.03304	0.898608	0.152829
50.942	-1.61387	0.627552	0.149131	-1.62814	0.90867	0.146139	-2.02787	0.897479	0.15219
51.123	-1.60522	0.63016	0.149209	-1.62121	0.91126	0.146451	-2.02022	0.897506	0.151878
51.402	-1.59742	0.632184	0.148532	-1.6159	0.913754	0.147238	-2.01483	0.897611	0.152592
51.649	-1.59029	0.634704	0.148257	-1.61053	0.916444	0.147597	-2.00841	0.89741	0.151885
51.814	-1.58188	0.63777	0.148286	-1.60375	0.918642	0.146518	-2.00277	0.897126	0.151666
51.98	-1.57434	0.640556	0.148425	-1.59787	0.921925	0.147241	-1.99686	0.897879	0.152177
52.156	-1.56649	0.643834	0.149118	-1.59137	0.924724	0.147121	-1.99062	0.898007	0.152242
52.391	-1.55799	0.647439	0.149243	-1.58521	0.928281	0.147129	-1.98395	0.897969	0.151634
52.596	-1.54748	0.651464	0.1492	-1.5778	0.932303	0.147904	-1.97613	0.89826	0.151673
52.822	-1.53865	0.656701	0.150734	-1.57181	0.936098	0.148412	-1.96936	0.898736	0.151833
52.994	-1.52988	0.660499	0.150691	-1.5658	0.940132	0.14895	-1.96266	0.899115	0.152057
53.192	-1.52102	0.665137	0.151075	-1.56057	0.945612	0.151325	-1.95628	0.899275	0.152145
53.441	-1.512	0.669941	0.151261	-1.55289	0.949092	0.149496	-1.9493	0.899897	0.152228
53.699	-1.50307	0.675223	0.151965	-1.54644	0.953392	0.149804	-1.94364	0.901421	0.154355
53.955	-1.49095	0.681456	0.15143	-1.53864	0.959266	0.149952	-1.93378	0.900994	0.152163
54.231	-1.48132	0.687066	0.151421	-1.53225	0.964154	0.150493	-1.92672	0.90149	0.152022
54.516	-1.47165	0.692781	0.151714	-1.52607	0.969192	0.15014	-1.91913	0.901835	0.151618
54.741	-1.46213	0.698634	0.151587	-1.51936	0.974509	0.150754	-1.91214	0.902622	0.152115
54.944	-1.45237	0.704986	0.15157	-1.51321	0.980374	0.150635	-1.90464	0.903779	0.15239
55.205	-1.44282	0.711283	0.151804	-1.50663	0.985917	0.15021	-1.89743	0.90486	0.152596
55.549	-1.43324	0.718154	0.151921	-1.50012	0.991702	0.15045	-1.89061	0.906493	0.153703
55.729	-1.4211	0.726678	0.151697	-1.492	0.999362	0.150173	-1.8811	0.908204	0.153012
55.952	-1.41179	0.733844	0.151561	-1.48602	1.00574	0.150428	-1.87328	0.908967	0.152758
56.22	-1.40194	0.7413	0.150474	-1.47989	1.01229	0.150363	-1.86582	0.910303	0.153502
56.375	-1.39257	0.74888	0.150637	-1.47343	1.01885	0.150248	-1.85799	0.911711	0.153919
56.665	-1.38195	0.756461	0.151122	-1.4682	1.02586	0.151656	-1.85033	0.913234	0.154392
56.845	-1.36964	0.767089	0.151563	-1.45988	1.0344	0.151246	-1.84064	0.915622	0.154375
57.077	-1.35993	0.775252	0.15155	-1.45347	1.04124	0.150605	-1.83334	0.917882	0.154605
57.343	-1.35039	0.783952	0.151874	-1.44757	1.04897	0.150639	-1.82627	0.92086	0.155519
57.589	-1.3406	0.792869	0.152305	-1.44146	1.05646	0.149985	-1.81936	0.923657	0.156532
57.927	-1.33116	0.801824	0.152315	-1.43511	1.06408	0.149684	-1.81031	0.924821	0.154927
58.162	-1.31953	0.813244	0.152591	-1.42791	1.07364	0.150368	-1.80054	0.927997	0.155453
58.397	-1.31003	0.822592	0.152184	-1.42233	1.08135	0.150596	-1.79297	0.930379	0.155009
58.571	-1.30142	0.832569	0.152901	-1.41698	1.08966	0.151221	-1.78518	0.933162	0.154655
58.75	-1.29191	0.842529	0.153051	-1.41157	1.09795	0.150481	-1.77755	0.935845	0.154125
58.922	-1.28257	0.852984	0.152968	-1.40632	1.10639	0.149956	-1.76974	0.939001	0.154243
59.222	-1.27312	0.86348	0.152569	-1.40066	1.11506	0.149842	-1.76142	0.941882	0.154377
59.472	-1.26165	0.876493	0.151951	-1.39395	1.12558	0.150434	-1.75115	0.94579	0.155541
59.647	-1.25281	0.88732	0.152012	-1.38902	1.13413	0.151127	-1.74349	0.948954	0.156162
59.848	-1.24384	0.898262	0.152275	-1.38396	1.14299	0.15173	-1.73526	0.952055	0.155797
60.05	-1.23529	0.909643	0.152625	-1.37961	1.15224	0.152198	-1.72744	0.955443	0.155207
60.253	-1.22677	0.921402	0.153276	-1.37462	1.1615	0.151522	-1.72007	0.959826	0.155108
60.51	-1.21846	0.93337	0.153921	-1.37039	1.17134	0.151819	-1.71185	0.963562	0.154983
60.799	-1.2099	0.945479	0.153431	-1.36546	1.18088	0.15105	-1.70418	0.967968	0.15577
61.101	-1.19939	0.961119	0.152859	-1.35981	1.19283	0.151427	-1.69401	0.973059	0.155714
61.332	-1.1914	0.972825	0.152493	-1.35562	1.20254	0.151468	-1.68594	0.977632	0.15611
61.534	-1.18373	0.985797	0.153022	-1.35111	1.2122	0.151341	-1.67789	0.982075	0.155672
61.712	-1.17599	0.998307	0.153247	-1.34706	1.2223	0.151202	-1.67018	0.987044	0.155736
62.004	-1.16853	1.01154	0.153352	-1.34328	1.23279	0.151569	-1.66222	0.99206	0.155887
62.195	-1.15914	1.02799	0.153474	-1.33853	1.24562	0.151553	-1.65315	0.998814	0.156531
62.439	-1.15391	1.03828	0.153322	-1.33586	1.25338	0.151743	-1.64661	1.00225	0.155735
62.658	-1.145	1.05512	0.153441	-1.33165	1.26662	0.152264	-1.6374	1.00843	0.156408
62.84	-1.13815	1.06892	0.153725	-1.32848	1.27704	0.152517	-1.62982	1.0144	0.15721
63.014	-1.13162	1.08302	0.154163	-1.32562	1.28798	0.152813	-1.62261	1.01978	0.157391
63.261	-1.12537	1.09734	0.154525	-1.32241	1.29885	0.152719	-1.61516	1.02577	0.157464
63.462	-1.11761	1.11526	0.154685	-1.31894	1.3127	0.15259	-1.60582	1.03366	0.157479
63.647	-1.11187	1.12944	0.154897	-1.31616	1.32377	0.152181	-1.59868	1.04046	0.157654
63.824	-1.1056	1.14381	0.154717	-1.31316	1.33496	0.151707	-1.59129	1.04763	0.158088
63.995	-1.09987	1.15834	0.154726	-1.31002	1.34631	0.151807	-1.58391	1.05452	0.158457
64.169	-1.09418	1.17256	0.154716	-1.30721	1.35748	0.152163	-1.576	1.06183	0.158181
64.386	-1.08829	1.18665	0.154384	-1.30435	1.3687	0.152723	-1.5693	1.06897	0.157965
64.659	-1.08096	1.20424	0.154142	-1.2995	1.38248	0.151905	-1.55999	1.07837	0.157966
64.987	-1.07496	1.2179	0.153925	-1.29571	1.39355	0.151953	-1.55213	1.08674	0.159117
65.279	-1.06874	1.23174	0.154199	-1.29163	1.40463	0.151749	-1.54466	1.09453	0.159341
65.566	-1.0633	1.24572	0.155099	-1.28774	1.41589	0.151701	-1.53679	1.10246	0.159256
65.848	-1.05759	1.25922	0.15587	-1.28166	1.4274	0.152693	-1.52991	1.11148	0.159363
66.103	-1.05185	1.27307	0.1564	-1.27973	1.43833	0.152788	-1.52234	1.11972	0.158939
66.374	-1.04567	1.28652	0.156103	-1.27546	1.44954	0.15273	-1.51463	1.12854	0.158778
66.533	-1.03851	1.30374	0.156316	-1.26718	1.46453	0.152089	-1.50532	1.14034	0.159043
66.771	-1.0322	1.31699	0.156296	-1.26231	1.47594	0.151679	-1.4975	1.14991	0.158567
66.952	-1.02587	1.32979	0.156347	-1.257	1.48751	0.152294	-1.48974	1.15992	0.158563
67.214	-1.01975	1.34281	0.157054	-1.25159	1.49878	0.15253	-1.48239	1.17019	0.158572
67.48	-1.01326	1.35596	0.157038	-1.24619	1.51015	0.152636	-1.47473	1.17971	0.158562
67.679	-1.0051	1.37211	0.157115	-1.23904	1.52494	0.152183	-1.46525	1.19298	0.158882
68.012	-0.998416	1.3849	0.15654	-1.23306	1.53655	0.151514	-1.45716	1.20317	0.158091
68.231	-0.991417	1.3974	0.156166	-1.22663	1.54845	0.150902	-1.44948	1.21439	0.158227
68.453	-0.984203	1.40974	0.156197	-1.22339	1.55974	0.151784	-1.4423	1.22586	0.158161
68.742	-0.976938	1.42164	0.156644	-1.21309	1.57174	0.15112	-1.43459	1.23699	0.158513
68.918	-0.967905	1.43644	0.157483	-1.20427	1.58632	0.151919	-1.42526	1.25117	0.158348
69.104	-0.960643	1.44781	0.157705	-1.19665	1.59777	0.152327	-1.41719	1.26264	0.157833
69.286	-0.952918	1.4597	0.158048	-1.1916	1.60907	0.152007	-1.41091	1.27501	0.158595
69.464	-0.944819	1.47094	0.158318	-1.18442	1.62106	0.152806	-1.40257	1.28676	0.158052
69.647	-0.937038	1.48231	0.158593	-1.17612	1.63264	0.152688	-1.3949	1.29902	0.158525
69.831	-0.928674	1.49295	0.158287	-1.16734	1.64444	0.152792	-1.38728	1.31117	0.158785
70.043	-0.920379	1.50383	0.158358	-1.15753	1.65625	0.153074	-1.38002	1.32394	0.159714
70.223	-0.909428	1.517	0.158181	-1.14709	1.67036	0.153985	-1.36864	1.33904	0.158414
70.406	-0.900257	1.52713	0.157495	-1.13771	1.68185	0.153591	-1.36043	1.35149	0.1585
70.603	-0.890739	1.53708	0.15697	-1.1275	1.69312	0.153378	-1.35215	1.36411	0.159504
70.832	-0.881109	1.54665	0.157044	-1.11678	1.70429	0.153714	-1.34338	1.37687	0.159946
71.011	-0.871252	1.55605	0.15735	-1.10575	1.7152	0.154046	-1.3355	1.3893	0.160111
71.191	-0.861686	1.56548	0.157614	-1.09458	1.72614	0.154038	-1.32685	1.40195	0.159783
71.404	-0.851451	1.57416	0.158133	-1.08318	1.73702	0.154158	-1.31861	1.41514	0.160122
71.573	-0.838816	1.58494	0.158558	-1.06856	1.75032	0.154599	-1.30748	1.43125	0.160181
71.774	-0.828064	1.59344	0.158399	-1.0564	1.76107	0.154314	-1.29829	1.44412	0.160451
71.946	-0.817026	1.60192	0.15794	-1.04401	1.7716	0.153429	-1.28915	1.45691	0.160197
72.186	-0.806202	1.60966	0.15834	-1.03106	1.78188	0.153724	-1.27938	1.47016	0.160117
72.535	-0.795077	1.61716	0.158782	-1.01833	1.79174	0.154116	-1.2698	1.48282	0.159881
72.74	-0.781031	1.62669	0.159145	-1.00169	1.80405	0.1538	-1.25702	1.49874	0.15972
72.935	-0.769361	1.63376	0.158833	-0.988173	1.81375	0.153692	-1.24753	1.51126	0.15939
73.111	-0.757836	1.64071	0.158603	-0.974123	1.82338	0.153404	-1.23716	1.52407	0.159832
73.343	-0.745853	1.64745	0.158639	-0.960046	1.83279	0.152577	-1.22644	1.53667	0.160072
73.54	-0.733426	1.65406	0.158379	-0.945171	1.84179	0.152161	-1.21562	1.54936	0.160308
73.765	-0.721046	1.65976	0.157989	-0.930354	1.85049	0.152219	-1.2044	1.56171	0.160181
74.016	-0.705276	1.66644	0.158539	-0.911142	1.86076	0.152982	-1.18953	1.57705	0.159809
74.279	-0.692675	1.67153	0.159065	-0.895545	1.86882	0.15339	-1.17943	1.58917	0.160545
74.464	-0.679676	1.67639	0.159436	-0.879502	1.87674	0.153568	-1.16669	1.60151	0.160347
74.632	-0.666482	1.68066	0.159568	-0.863141	1.88417	0.153221	-1.15587	1.61366	0.161096
74.807	-0.653457	1.68472	0.15923	-0.846486	1.89115	0.152876	-1.14454	1.6258	0.162047
75.084	-0.639844	1.68823	0.159347	-0.829753	1.89797	0.153135	-1.13211	1.6377	0.162262
75.348	-0.623404	1.69254	0.160017	-0.807819	1.90556	0.153099	-1.11625	1.65207	0.162491
75.489	-0.609351	1.69521	0.159756	-0.790305	1.91151	0.153156	-1.10318	1.66378	0.163296
75.592	-0.595687	1.69794	0.159723	-0.772741	1.91734	0.153452	-1.08988	1.67473	0.163125
75.733	-0.581906	1.70002	0.160179	-0.754946	1.92219	0.153944	-1.07665	1.68552	0.163169
75.894	-0.568138	1.7014	0.160042	-0.736912	1.92678	0.154329	-1.06304	1.69645	0.163251
75.999	-0.554255	1.70281	0.159972	-0.718704	1.93116	0.154515	-1.04913	1.70679	0.16263
76.126	-0.540043	1.70401	0.159539	-0.700106	1.93495	0.15386	-1.03484	1.71734	0.162462
76.234	-0.522654	1.7044	0.160898	-0.676982	1.94003	0.154827	-1.01703	1.73038	0.162329
76.33	-0.508891	1.70452	0.161958	-0.65832	1.94281	0.15537	-1.00263	1.74047	0.162023
76.427	-0.495115	1.70476	0.162552	-0.639486	1.94603	0.15524	-0.987632	1.75022	0.161018
76.53	-0.480915	1.70452	0.162147	-0.62035	1.94823	0.154916	-0.97255	1.75992	0.1604
76.654	-0.4669	1.70369	0.162342	-0.601283	1.95055	0.155249	-0.957151	1.76912	0.16071
76.759	-0.449069	1.70222	0.162631	-0.577702	1.95276	0.154681	-0.937652	1.78023	0.161233
76.866	-0.434942	1.70088	0.162549	-0.557918	1.95383	0.154842	-0.921821	1.78872	0.161275
76.974	-0.420802	1.69873	0.162993	-0.538523	1.95406	0.155776	-0.905885	1.79679	0.160882
77.102	-0.40701	1.69605	0.163437	-0.519087	1.95403	0.156186	-0.889659	1.80454	0.160515
77.32	-0.393288	1.69325	0.163989	-0.499182	1.95367	0.156709	-0.873364	1.81212	0.160337
77.418	-0.375749	1.68939	0.163654	-0.475135	1.95258	0.15638	-0.8525	1.8211	0.161142
77.53	-0.361397	1.68582	0.162778	-0.455399	1.95129	0.156054	-0.835483	1.82781	0.16166
77.643	-0.34743	1.68227	0.162578	-0.435659	1.94969	0.156073	-0.818081	1.8336	0.162368
77.67	-0.333719	1.67837	0.162441	-0.416356	1.94766	0.156143	-0.800436	1.83957	0.162633
77.769	-0.333719	1.67837	0.162441	-0.416356	1.94766	0.156143	-0.800436	1.83957	0.162633
77.874	-0.3061	1.67003	0.162455	-0.377202	1.94227	0.156238	-0.765075	1.84971	0.162482
77.996	-0.2893	1.66363	0.162891	-0.353082	1.93786	0.156649	-0.743649	1.85621	0.163887
78.105	-0.275768	1.65824	0.162714	-0.333623	1.93399	0.156532	-0.725868	1.86062	0.163981
78.221	-0.262431	1.65275	0.162256	-0.314515	1.92973	0.155964	-0.708045	1.86483	0.163883
78.325	-0.249347	1.64683	0.162494	-0.295074	1.92495	0.156331	-0.690098	1.86892	0.163495
78.431	-0.236696	1.64077	0.163302	-0.275919	1.91966	0.156613	-0.671896	1.87246	0.163604
78.575	-0.223833	1.63452	0.16337	-0.25704	1.91426	0.156041	-0.653961	1.87611	0.163318
78.689	-0.211055	1.62793	0.163382	-0.237954	1.90827	0.155803	-0.635761	1.87923	0.163071
78.821	-0.19855	1.62094	0.163313	-0.219176	1.90195	0.15566	-0.617354	1.88171	0.163442
78.932	-0.183047	1.61186	0.163224	-0.195995	1.89354	0.15624	-0.594635	1.88441	0.163915
79.035	-0.170915	1.60411	0.162939	-0.17733	1.8859	0.156322	-0.576239	1.88551	0.163776
79.14	-0.159026	1.59594	0.163148	-0.159249	1.87795	0.156707	-0.557848	1.88658	0.163997
79.245	-0.147463	1.58752	0.163826	-0.141277	1.86941	0.157546	-0.539805	1.88714	0.163889
79.357	-0.136013	1.57886	0.164729	-0.123636	1.8607	0.158392	-0.521657	1.88694	0.163519
79.484	-0.124765	1.57012	0.164823	-0.10602	1.85153	0.158555	-0.503369	1.88682	0.163503
79.597	-0.110515	1.55922	0.164888	-0.0844578	1.83997	0.158371	-0.480645	1.88623	0.164002
79.702	-0.099493	1.55033	0.165261	-0.0673827	1.83042	0.158893	-0.462361	1.88465	0.163988
79.809	-0.0882204	1.54145	0.165388	-0.0503111	1.82093	0.159051	-0.44444	1.88337	0.16398
79.914	-0.0766814	1.53216	0.165116	-0.0333925	1.81108	0.158712	-0.426048	1.88132	0.163912
80.042	-0.065443	1.52298	0.164766	-0.0165551	1.80068	0.159047	-0.407925	1.87886	0.164316
80.153	-0.0516097	1.51175	0.165328	0.00359051	1.78817	0.159844	-0.385562	1.87487	0.16532
80.265	-0.0400782	1.50296	0.165067	0.0196276	1.77845	0.159828	-0.36811	1.87172	0.165768
80.369	-0.0284078	1.49384	0.164156	0.0358471	1.76847	0.159811	-0.350572	1.86809	0.165252
80.473	-0.0170574	1.48535	0.164726	0.0515582	1.75879	0.160227	-0.333205	1.86438	0.165142
80.595	-0.00536092	1.4768	0.164705	0.0669954	1.7493	0.16021	-0.315925	1.86033	0.165491
80.699	0.00977383	1.4661	0.163144	0.0867895	1.7376	0.15938	-0.294618	1.85489	0.166013
80.79	0.0218132	1.45836	0.162855	0.101999	1.72863	0.159329	-0.278029	1.85058	0.166231
80.929	0.0311927	1.45282	0.163207	0.113107	1.72273	0.159723	-0.265804	1.84715	0.166478
81.035	0.0468983	1.44466	0.163812	0.131171	1.71378	0.159913	-0.246628	1.84141	0.166454
81.141	0.0597978	1.43854	0.162918	0.145137	1.7073	0.160549	-0.232184	1.83686	0.166587
81.244	0.0728649	1.43338	0.163571	0.158345	1.70198	0.160982	-0.218454	1.83208	0.166819
81.347	0.0859381	1.42833	0.164885	0.172293	1.69676	0.161237	-0.20477	1.82731	0.167102
81.481	0.0993368	1.42297	0.164184	0.185569	1.69148	0.161732	-0.191027	1.82264	0.166898
81.591	0.11557	1.41689	0.163652	0.20227	1.68517	0.161488	-0.174274	1.81696	0.167805
81.695	0.128341	1.4125	0.164236	0.215405	1.68054	0.161299	-0.160911	1.81264	0.168286
81.798	0.14108	1.408	0.164013	0.228356	1.67602	0.161012	-0.147985	1.8083	0.168259
81.902	0.153724	1.40371	0.163787	0.241152	1.67162	0.160934	-0.134919	1.80426	0.167743
82.037	0.166099	1.39951	0.164119	0.25361	1.66751	0.161183	-0.122588	1.80017	0.167988
82.147	0.181064	1.39433	0.164842	0.269084	1.66227	0.161967	-0.107235	1.79482	0.168217
82.257	0.193871	1.38996	0.164646	0.280967	1.65829	0.162054	-0.0955199	1.79045	0.167874
82.363	0.205973	1.38641	0.164877	0.293061	1.65423	0.161673	-0.0836674	1.78627	0.167817
82.467	0.217732	1.38221	0.164841	0.30465	1.65062	0.161752	-0.0720326	1.78232	0.167746
82.609	0.229709	1.37836	0.164581	0.31641	1.64662	0.161605	-0.0606861	1.77812	0.168257
82.816	0.241147	1.37455	0.164992	0.327445	1.64311	0.162398	-0.0493127	1.77402	0.16893
82.93	0.255364	1.36994	0.164992	0.341673	1.63828	0.162744	-0.0355612	1.76912	0.168864
83.041	0.266633	1.36631	0.16477	0.352156	1.63487	0.162455	-0.0248858	1.76545	0.169165
83.146	0.277601	1.36288	0.164894	0.362671	1.63122	0.16206	-0.0141953	1.76154	0.168935
83.301	0.288788	1.35941	0.164748	0.373805	1.62819	0.161477	-0.00353711	1.75773	0.169274
83.477	0.299233	1.35631	0.165374	0.384165	1.62514	0.162359	0.00646035	1.75423	0.169615
83.698	0.309982	1.35261	0.16462	0.394301	1.62209	0.162618	0.0166667	1.7504	0.169341
83.866	0.323047	1.3487	0.1649	0.406813	1.61813	0.162717	0.028944	1.74611	0.169358
84.021	0.333172	1.34576	0.164858	0.416732	1.61503	0.162898	0.0386689	1.74247	0.169337
84.2	0.343231	1.34271	0.164482	0.42647	1.61192	0.162039	0.0484843	1.73927	0.169869
84.361	0.353215	1.33973	0.16408	0.436493	1.60896	0.161622	0.0582184	1.7362	0.170097
84.544	0.362632	1.33671	0.163966	0.445789	1.60607	0.161437	0.067508	1.73311	0.170048
84.69	0.372076	1.33389	0.164378	0.455055	1.60337	0.161602	0.0767043	1.73024	0.169477
84.95	0.381244	1.33143	0.164918	0.463959	1.60093	0.161832	0.0855914	1.72721	0.169331
85.141	0.393066	1.32787	0.16467	0.47534	1.59753	0.161818	0.0963635	1.72358	0.169479
85.323	0.401809	1.32548	0.16486	0.483815	1.59536	0.162512	0.104689	1.72054	0.17012
85.502	0.410591	1.32287	0.164847	0.492161	1.593	0.162665	0.113074	1.71749	0.17016
85.689	0.419153	1.32026	0.164967	0.500652	1.58993	0.162234	0.121332	1.71464	0.170137
85.91	0.427514	1.31772	0.164805	0.508576	1.5878	0.162639	0.12913	1.71197	0.170325
86.098	0.437272	1.31502	0.165799	0.518418	1.58495	0.163401	0.139143	1.70888	0.170071
86.244	0.445415	1.31286	0.16599	0.526085	1.58297	0.163395	0.14639	1.7062	0.170329
86.463	0.451135	1.31123	0.166123	0.532025	1.5812	0.16336	0.152164	1.70454	0.170252
86.646	0.460762	1.30835	0.166071	0.54106	1.57878	0.163734	0.161354	1.70167	0.170562
86.826	0.467925	1.30646	0.166171	0.548249	1.57692	0.163895	0.168473	1.69962	0.170636
87.043	0.474971	1.30443	0.166167	0.555377	1.57454	0.16363	0.175534	1.69744	0.170824
87.274	0.483834	1.30166	0.166209	0.56392	1.5719	0.163477	0.184123	1.69508	0.170869
87.503	0.490368	1.30006	0.166343	0.570629	1.57014	0.163409	0.190591	1.69323	0.170886
87.682	0.497055	1.29827	0.166122	0.576996	1.56851	0.16351	0.197008	1.69124	0.170592
87.862	0.503532	1.29661	0.166231	0.583279	1.56701	0.163527	0.203288	1.68895	0.170448
88.044	0.509887	1.2949	0.165893	0.589496	1.56521	0.163242	0.209415	1.68729	0.170475
88.261	0.515987	1.29327	0.165976	0.595452	1.5635	0.163407	0.215177	1.68527	0.17048
88.45	0.523243	1.29124	0.16615	0.602504	1.56186	0.163987	0.222186	1.68301	0.170809
88.636	0.529271	1.28952	0.166334	0.608164	1.55999	0.163509	0.227631	1.6815	0.17078
88.816	0.534717	1.28801	0.166211	0.613633	1.55856	0.163754	0.233083	1.67996	0.170937
88.997	0.540191	1.28662	0.166601	0.618723	1.5571	0.16391	0.238269	1.67819	0.170738
89.186	0.545373	1.28534	0.166869	0.623768	1.55625	0.164193	0.243063	1.67657	0.17079
89.424	0.550637	1.28384	0.166623	0.62881	1.555	0.16408	0.248037	1.67485	0.17065
89.635	0.555491	1.28277	0.166836	0.633555	1.55347	0.164241	0.252577	1.67357	0.170872
89.845	0.561545	1.2812	0.167147	0.639219	1.55195	0.164399	0.258136	1.67183	0.170733
90.025	0.566002	1.28001	0.167337	0.643844	1.55107	0.164368	0.262723	1.67039	0.170205
90.219	0.570501	1.27878	0.167116	0.647831	1.54971	0.163846	0.267054	1.66901	0.170327
90.4	0.574716	1.27775	0.167158	0.651942	1.54867	0.163798	0.270955	1.66782	0.170737
90.631	0.578861	1.27678	0.167237	0.656042	1.54793	0.16404	0.274712	1.66667	0.170756
90.887	0.583674	1.27557	0.167248	0.660828	1.54661	0.164179	0.279473	1.66506	0.170785
91.104	0.587672	1.2747	0.167174	0.664101	1.54562	0.163686	0.283157	1.6638	0.170219
91.283	0.591245	1.27368	0.167264	0.667768	1.54476	0.163845	0.286357	1.66284	0.170526
91.464	0.594661	1.2728	0.167122	0.671037	1.54408	0.164167	0.289578	1.66176	0.170899
91.645	0.597678	1.27173	0.167107	0.674081	1.5432	0.164172	0.292534	1.66042	0.170656
91.866	0.600743	1.27101	0.167247	0.676879	1.54241	0.164127	0.295362	1.65949	0.170807
92.056	0.604139	1.27	0.167204	0.680177	1.54134	0.164188	0.298725	1.6586	0.170567
92.243	0.606867	1.26938	0.167133	0.682795	1.54079	0.164219	0.301155	1.65781	0.170738
92.424	0.609299	1.26893	0.167	0.685124	1.54018	0.163825	0.303506	1.65705	0.170891
92.603	0.61138	1.26833	0.167143	0.687069	1.5395	0.164217	0.305458	1.65639	0.171266
92.784	0.6134	1.26757	0.167226	0.689174	1.5389	0.164344	0.307389	1.65577	0.171052
93.001	0.615437	1.26704	0.167154	0.691203	1.53854	0.164557	0.309335	1.65495	0.17023
93.186	0.617826	1.26652	0.166896	0.69324	1.53812	0.164205	0.311545	1.65455	0.170768
93.382	0.618748	1.26616	0.166839	0.69449	1.53771	0.164223	0.312745	1.65423	0.171373
93.564	0.619535	1.26588	0.167148	0.695434	1.53744	0.164519	0.313698	1.65399	0.171193
93.743	0.620695	1.26559	0.167207	0.696451	1.53727	0.164584	0.314712	1.65364	0.170262
93.924	0.621822	1.26549	0.167205	0.697357	1.53716	0.164488	0.315363	1.65329	0.170059
94.102	0.622833	1.26542	0.167362	0.698125	1.53708	0.164552	0.316048	1.65298	0.170535
94.288	0.623839	1.2652	0.167286	0.698871	1.53696	0.164521	0.316854	1.65261	0.171064
94.516	0.62457	1.26495	0.166901	0.699548	1.53668	0.164123	0.31763	1.65238	0.171127
94.704	0.625044	1.26466	0.166913	0.700221	1.53638	0.164185	0.318188	1.65229	0.170855
94.883	0.625154	1.26456	0.167039	0.700438	1.53625	0.164382	0.31838	1.65232	0.170834
95.065	0.625175	1.26462	0.167006	0.700428	1.5363	0.164254	0.318386	1.65234	0.170897
95.282	0.625097	1.26478	0.167006	0.700262	1.53647	0.16418	0.318216	1.65237	0.170938
95.446	0.624679	1.26496	0.167078	0.699758	1.53665	0.164271	0.317804	1.65248	0.170856
95.67	0.62422	1.26505	0.167139	0.699347	1.53676	0.164391	0.31733	1.65261	0.170642
95.87	0.623745	1.26514	0.167114	0.698907	1.5369	0.164428	0.316857	1.65277	0.170553
96.057	0.623197	1.26532	0.167187	0.698466	1.53704	0.164529	0.316385	1.65296	0.170596
96.275	0.622698	1.26557	0.167257	0.697963	1.53726	0.16451	0.315941	1.65312	0.170664
96.549	0.622152	1.26576	0.167201	0.697498	1.53751	0.164517	0.315525	1.65327	0.170556
96.738	0.621496	1.26592	0.167233	0.696847	1.53768	0.164566	0.314981	1.65349	0.170346
96.927	0.621021	1.26605	0.167245	0.696452	1.5378	0.164615	0.314524	1.65363	0.170285
97.107	0.620729	1.26619	0.167421	0.696032	1.53792	0.164625	0.314078	1.65381	0.170299
97.281	0.620141	1.26626	0.167197	0.695673	1.53802	0.164659	0.31366	1.65399	0.170352
97.46	0.619702	1.26635	0.167186	0.695294	1.53809	0.164677	0.313283	1.65412	0.170402
97.64	0.619359	1.26645	0.167192	0.694915	1.53818	0.164668	0.312911	1.65429	0.170442
97.863	0.619022	1.26656	0.167197	0.694533	1.53824	0.164673	0.312456	1.65451	0.170661
98.043	0.618674	1.26668	0.167215	0.694159	1.53835	0.164706	0.31215	1.65465	0.170684
98.147	0.618461	1.26675	0.167214	0.693824	1.53838	0.164646	0.312074	1.65463	0.170465
98.25	0.618277	1.26682	0.167205	0.6936	1.53843	0.164581	0.31189	1.65469	0.170494
98.351	0.618123	1.26684	0.167229	0.693464	1.53848	0.164633	0.311743	1.65476	0.170498
98.45	0.618023	1.26689	0.167238	0.693316	1.53851	0.164631	0.311621	1.65476	0.170443
98.557	0.617944	1.26693	0.167248	0.693244	1.53854	0.164673	0.31151	1.65481	0.170427
98.683	0.617893	1.26696	0.167249	0.693176	1.53856	0.164664	0.311481	1.65481	0.17041
98.781	0.617872	1.26697	0.167241	0.693159	1.53858	0.164636	0.311464	1.65484	0.170442
98.882	0.617905	1.26697	0.167223	0.693171	1.53856	0.164638	0.311457	1.65484	0.170463
98.981	0.617926	1.26695	0.167226	0.693164	1.53852	0.164604	0.311498	1.65483	0.170448
99.087	0.617979	1.26693	0.167225	0.693272	1.53853	0.164647	0.311547	1.6548	0.170433
99.313	0.618018	1.26692	0.167212	0.69329	1.53852	0.164613	0.311603	1.6548	0.170439
99.481	0.618133	1.26689	0.1672	0.69342	1.53852	0.164593	0.311703	1.65475	0.170477
99.644	0.618193	1.26685	0.167173	0.693504	1.53847	0.164601	0.311808	1.65474	0.170466
99.825	0.618273	1.26682	0.167155	0.693593	1.53848	0.164581	0.311889	1.65471	0.170449
100.003	0.61834	1.26681	0.167157	0.693708	1.53843	0.164596	0.311946	1.65469	0.170461
100.218	0.618449	1.26678	0.167161	0.693823	1.53839	0.164582	0.312025	1.65468	0.170507
100.399	0.618536	1.26675	0.167154	0.693928	1.53839	0.164585	0.312131	1.65464	0.170527
100.581	0.618598	1.26675	0.167132	0.693992	1.53838	0.164602	0.312172	1.6546	0.170493
100.758	0.618646	1.26674	0.167163	0.694062	1.53834	0.164573	0.31223	1.65462	0.17051
100.94	0.618662	1.26671	0.167153	0.694135	1.53838	0.164644	0.312163	1.6547	0.17071
101.127	0.618704	1.2667	0.167133	0.694171	1.53837	0.16463	0.312172	1.65468	0.170714
101.274	0.618725	1.2667	0.167122	0.694197	1.53837	0.164595	0.312206	1.65468	0.170724
101.47	0.618733	1.26669	0.167144	0.6942	1.53835	0.164615	0.312188	1.65467	0.170742
101.596	0.61872	1.26669	0.167135	0.694188	1.53834	0.1646	0.312292	1.65458	0.170471
101.725	0.618669	1.26671	0.167159	0.694145	1.53834	0.164611	0.312265	1.65458	0.170469
101.856	0.618678	1.26672	0.167163	0.69412	1.53833	0.164606	0.312111	1.65468	0.170724
102.019	0.618634	1.26672	0.167137	0.694078	1.53837	0.164617	0.312236	1.65458	0.170463
102.249	0.618585	1.26672	0.167132	0.693994	1.53835	0.16459	0.312184	1.65461	0.170498
102.427	0.618563	1.26675	0.16714	0.69399	1.53837	0.164585	0.312141	1.65463	0.170489
102.605	0.618516	1.26677	0.167126	0.693934	1.53836	0.16461	0.312102	1.65463	0.170478
102.752	0.618481	1.26677	0.167143	0.693878	1.53838	0.16458	0.312046	1.65465	0.170487
102.919	0.618461	1.26679	0.167141	0.693813	1.53839	0.164555	0.312049	1.65467	0.17048
103.06	0.618445	1.26679	0.167134	0.693818	1.53838	0.164575	0.312031	1.65466	0.170462
103.239	0.618426	1.26676	0.167139	0.693777	1.53836	0.164581	0.312023	1.65467	0.170464
103.447	0.618415	1.26679	0.167144	0.693792	1.53839	0.164629	0.312005	1.65467	0.170454
103.584	0.618428	1.2668	0.167138	0.693759	1.53838	0.164585	0.312001	1.65465	0.17042
103.711	0.618437	1.26678	0.167145	0.693805	1.53839	0.16461	0.31199	1.65466	0.170485
103.875	0.618446	1.26678	0.167116	0.693835	1.53838	0.164601	0.312025	1.65464	0.170471
104.039	0.618447	1.26678	0.167104	0.693863	1.53836	0.164595	0.312039	1.65464	0.170445
104.199	0.618452	1.26681	0.167145	0.693884	1.53837	0.164633	0.312028	1.65466	0.170482
104.437	0.618487	1.26679	0.167134	0.693892	1.53838	0.164649	0.31205	1.65464	0.170474
104.627	0.618485	1.26677	0.167123	0.693895	1.53835	0.164597	0.312061	1.65463	0.170501
104.823	0.618514	1.26676	0.167115	0.693925	1.53835	0.164601	0.312076	1.65464	0.170465
104.995	0.618516	1.26677	0.167133	0.693931	1.53834	0.164625	0.312083	1.65463	0.170484
105.206	0.61852	1.26676	0.167106	0.693941	1.53835	0.164632	0.312078	1.65463	0.170496
105.452	0.618518	1.26677	0.167101	0.693899	1.53832	0.164596	0.312061	1.65463	0.17051
105.687	0.618529	1.26676	0.167104	0.69393	1.53833	0.164583	0.312092	1.65462	0.170448
105.871	0.618491	1.26676	0.167125	0.693915	1.53835	0.164608	0.312075	1.65462	0.17047
106.003	0.618507	1.26675	0.167116	0.693917	1.53834	0.164599	0.312055	1.65462	0.170467
106.168	0.618477	1.26675	0.167103	0.693923	1.53837	0.16462	0.312063	1.65464	0.170471
106.359	0.6185	1.26677	0.167116	0.693861	1.53834	0.16457	0.312048	1.65464	0.170442
106.549	0.618457	1.26677	0.167098	0.69385	1.53835	0.164595	0.31202	1.65464	0.170473
106.692	0.61847	1.26675	0.167109	0.693847	1.53834	0.164581	0.312045	1.65464	0.170463
106.893	0.618447	1.26677	0.167094	0.693845	1.53839	0.164596	0.312025	1.65462	0.170434
107.082	0.618456	1.26678	0.16712	0.693836	1.53838	0.164593	0.312005	1.65466	0.170489
107.226	0.618456	1.26676	0.167133	0.693825	1.53837	0.164598	0.312014	1.65462	0.170444
107.458	0.618448	1.26677	0.167114	0.693824	1.53837	0.164579	0.312038	1.65464	0.17043
107.679	0.618456	1.26676	0.167139	0.693823	1.53837	0.164589	0.312047	1.65464	0.170427
108.005	0.618476	1.26678	0.167138	0.693806	1.53837	0.164576	0.312035	1.65465	0.170459
108.254	0.618459	1.26678	0.167138	0.693803	1.53838	0.164577	0.312007	1.65463	0.170479
108.447	0.618449	1.26677	0.167118	0.69381	1.53838	0.164559	0.31203	1.65464	0.17044
108.63	0.61847	1.26677	0.167115	0.693834	1.53839	0.164593	0.312049	1.65466	0.170447
108.821	0.618478	1.26679	0.167122	0.69383	1.53836	0.164579	0.312036	1.65464	0.170467
109.092	0.61847	1.26679	0.167133	0.69381	1.53836	0.164578	0.312036	1.65465	0.170461
109.246	0.618462	1.26679	0.167111	0.693818	1.53836	0.164554	0.312023	1.65465	0.170462
109.549	0.618466	1.26679	0.167109	0.693841	1.53837	0.164586	0.312024	1.65466	0.170477
109.809	0.618463	1.26678	0.167114	0.693834	1.53836	0.164595	0.31204	1.65464	0.170434
110.013	0.618449	1.26679	0.167089	0.69379	1.53836	0.164556	0.312011	1.65465	0.170442
110.191	0.618466	1.26677	0.167119	0.69384	1.53839	0.164575	0.312064	1.65464	0.170417
110.408	0.618452	1.26678	0.167129	0.693848	1.53838	0.164609	0.312021	1.65465	0.170476
110.595	0.61846	1.26679	0.167114	0.693825	1.53838	0.16458	0.312019	1.65466	0.170445
110.783	0.618451	1.26679	0.16711	0.693828	1.53838	0.164592	0.312034	1.65466	0.17044
110.963	0.618465	1.26678	0.167124	0.693818	1.53839	0.164595	0.312034	1.65464	0.17045
111.138	0.618458	1.26679	0.167126	0.693811	1.53839	0.164595	0.312049	1.65466	0.170436
111.313	0.618462	1.2668	0.167129	0.693826	1.53836	0.164605	0.312054	1.65464	0.170435
111.499	0.618448	1.26678	0.167126	0.693801	1.53836	0.164564	0.311893	1.65473	0.170675
111.748	0.618454	1.26676	0.167113	0.69383	1.53839	0.164602	0.312049	1.65464	0.170448
111.983	0.618467	1.26676	0.167149	0.693798	1.53836	0.164562	0.312044	1.65463	0.170433
112.173	0.61847	1.26677	0.167114	0.693812	1.5384	0.164584	0.312027	1.65465	0.170457
112.351	0.618461	1.26675	0.167137	0.693771	1.53842	0.164557	0.312031	1.65464	0.170437
112.525	0.618464	1.26678	0.167131	0.693799	1.5384	0.164581	0.311921	1.6547	0.170653
112.741	0.618467	1.26679	0.167135	0.693775	1.53839	0.164547	0.312034	1.65465	0.170446
112.924	0.618451	1.26678	0.167132	0.693808	1.53839	0.164579	0.312047	1.65464	0.17044
113.103	0.618456	1.26678	0.167123	0.693774	1.5384	0.164564	0.312023	1.65462	0.170426
113.288	0.618445	1.26676	0.167142	0.693794	1.5384	0.164589	0.312024	1.65463	0.170437
113.465	0.618439	1.26678	0.167114	0.693791	1.53838	0.164568	0.312031	1.65463	0.170438
113.644	0.618436	1.26677	0.16713	0.693766	1.5384	0.16458	0.312021	1.65463	0.170422
113.858	0.618441	1.26678	0.167134	0.693777	1.5384	0.164559	0.312008	1.65465	0.170459
114.117	0.61846	1.26678	0.167138	0.693797	1.5384	0.164581	0.31201	1.65464	0.170426
114.382	0.618429	1.26679	0.167125	0.693773	1.53837	0.164544	0.31201	1.65464	0.170438
114.605	0.618433	1.26679	0.167152	0.693761	1.53841	0.164557	0.312016	1.65464	0.170433
114.819	0.618446	1.2668	0.167153	0.693798	1.5384	0.164573	0.312016	1.65462	0.170416
115.089	0.618432	1.26679	0.167124	0.693761	1.53841	0.164574	0.312015	1.65464	0.170438
115.365	0.618436	1.2668	0.167134	0.693757	1.53836	0.16455	0.311953	1.65444	0.170374
115.552	0.618419	1.2668	0.16716	0.69377	1.53837	0.164607	0.312062	1.65457	0.170313
115.777	0.618409	1.26681	0.167137	0.693827	1.53835	0.164586	0.312035	1.65458	0.170376
115.99	0.618447	1.26677	0.16714	0.693852	1.53831	0.164563	0.311985	1.65453	0.170414
116.168	0.618483	1.26675	0.167116	0.693863	1.53833	0.164488	0.311879	1.65454	0.170609
116.362	0.618501	1.26672	0.167153	0.693791	1.53828	0.164325	0.311857	1.65436	0.170571
116.561	0.618569	1.26664	0.167068	0.693713	1.53838	0.164346	0.31204	1.65458	0.170478
116.777	0.618537	1.26669	0.167128	0.693676	1.53841	0.164293	0.312016	1.65462	0.170453
117.049	0.618525	1.26668	0.167225	0.693723	1.53843	0.164324	0.311842	1.65468	0.17069
117.235	0.618573	1.26665	0.167234	0.693728	1.53836	0.164423	0.31183	1.65476	0.170666
117.412	0.618552	1.26666	0.16724	0.69372	1.53828	0.164406	0.311707	1.65465	0.170788
117.599	0.618617	1.26674	0.167299	0.6936	1.53843	0.164595	0.311863	1.65481	0.170735
117.872	0.618583	1.2668	0.167266	0.693782	1.53807	0.164099	0.311949	1.65476	0.17059
118.059	0.61855	1.2668	0.167269	0.693765	1.5382	0.164238	0.312068	1.65463	0.170372
118.238	0.618579	1.26681	0.167283	0.693747	1.53843	0.164368	0.311979	1.65469	0.170533
118.426	0.618587	1.26682	0.167306	0.693715	1.53814	0.164229	0.311983	1.65476	0.170536
118.616	0.61856	1.26679	0.167263	0.693751	1.5381	0.164215	0.312004	1.65458	0.170372
118.877	0.618604	1.26681	0.16729	0.693716	1.53815	0.164271	0.311859	1.65475	0.170647
119.116	0.618612	1.26683	0.167304	0.693738	1.53831	0.164357	0.311793	1.65465	0.170625
119.392	0.618596	1.26684	0.16727	0.693777	1.53821	0.164181	0.31186	1.65464	0.170523
119.583	0.618602	1.26682	0.167289	0.693783	1.53844	0.164547	0.311953	1.65473	0.17065
119.771	0.618556	1.26681	0.167272	0.693775	1.53843	0.164556	0.312028	1.65453	0.170484
119.949	0.618558	1.26674	0.16728	0.693802	1.53841	0.164358	0.31195	1.65461	0.170709
120.156	0.618557	1.26675	0.16729	0.693735	1.53829	0.164383	0.312064	1.65458	0.170507
120.386	0.618528	1.26674	0.167287	0.693789	1.5383	0.164493	0.312057	1.65452	0.170443
120.644	0.61854	1.26672	0.167287	0.693796	1.53829	0.16449	0.311941	1.65461	0.170558
120.878	0.618553	1.26672	0.167267	0.693821	1.53822	0.164393	0.31198	1.6545	0.170457
121.069	0.618491	1.26674	0.167225	0.693773	1.53831	0.164477	0.311909	1.65452	0.170468
121.251	0.618484	1.26676	0.167211	0.693632	1.53841	0.164429	0.311974	1.6545	0.170435
121.328	0.618503	1.26674	0.167293	0.693835	1.53829	0.164412	0.311892	1.65456	0.17042
121.36	0.618495	1.26673	0.16727	0.693812	1.53832	0.164406	0.31187	1.65464	0.170453
121.506	0.618495	1.26673	0.16727	0.693812	1.53832	0.164406	0.31187	1.65464	0.170453
121.7	0.618489	1.26675	0.16718	0.693763	1.53833	0.164446	0.311975	1.65475	0.170609
121.811	0.61842	1.26678	0.167164	0.693795	1.53833	0.164489	0.312009	1.65437	0.170551
122.006	0.618522	1.26676	0.167115	0.693749	1.53838	0.164453	0.311991	1.65463	0.170587
122.149	0.618521	1.26677	0.167127	0.693821	1.53834	0.164455	0.312012	1.65465	0.170559
122.328	0.618505	1.26674	0.167151	0.69389	1.53832	0.164572	0.312004	1.65453	0.170505
122.514	0.618502	1.26676	0.167135	0.693669	1.53838	0.164405	0.311915	1.6546	0.170505
122.709	0.618468	1.26677	0.167156	0.693604	1.53845	0.164363	0.311915	1.65463	0.170618
122.891	0.618448	1.26682	0.167058	0.694021	1.53823	0.164444	0.312048	1.65464	0.170648
123.131	0.61847	1.26676	0.167137	0.693771	1.53834	0.164475	0.312014	1.65443	0.170446
123.151	0.61847	1.26676	0.167137	0.693771	1.53834	0.164475	0.312014	1.65443	0.170446
123.192	0.61847	1.26676	0.167137	0.693771	1.53834	0.164475	0.312014	1.65443	0.170446
123.263	0.61847	1.26676	0.167137	0.693771	1.53834	0.164475	0.312014	1.65443	0.170446
123.313	0.61847	1.26676	0.167137	0.693771	1.53834	0.164475	0.312014	1.65443	0.170446
123.392	0.61847	1.26676	0.167137	0.693771	1.53834	0.164475	0.312014	1.65443	0.170446
123.415	0.61847	1.26676	0.167137	0.693771	1.53834	0.164475	0.312014	1.65443	0.170446
123.444	0.61847	1.26676	0.167137	0.693771	1.53834	0.164475	0.312014	1.65443	0.170446
123.506	0.61847	1.26676	0.167137	0.693771	1.53834	0.164475	0.312014	1.65443	0.170446
