Time      x1      y1      z1	x2	y2	z2	x3	y3	z3	x4	y4	z4
10.61	6.94427e-310	6.94427e-310	2.122e-314	3.135e-317	1.5316e-322	6.94427e-310	0	0	0
10.702	6.94427e-310	6.94427e-310	2.122e-314	3.135e-317	1.5316e-322	6.94427e-310	0	0	0
10.765	6.94427e-310	6.94427e-310	2.122e-314	3.135e-317	1.5316e-322	6.94427e-310	0	0	0
10.819	6.94427e-310	6.94427e-310	2.122e-314	3.135e-317	1.5316e-322	6.94427e-310	0	0	0
10.879	6.94427e-310	6.94427e-310	2.122e-314	3.135e-317	1.5316e-322	6.94427e-310	0	0	0
10.932	6.94427e-310	6.94427e-310	2.122e-314	3.135e-317	1.5316e-322	6.94427e-310	0	0	0
11.015	6.94427e-310	6.94427e-310	2.122e-314	3.135e-317	1.5316e-322	6.94427e-310	0	0	0
11.238	6.94427e-310	6.94427e-310	2.122e-314	3.135e-317	1.5316e-322	6.94427e-310	0	0	0
11.295	6.94427e-310	6.94427e-310	2.122e-314	3.135e-317	1.5316e-322	6.94427e-310	0	0	0
11.347	6.94427e-310	6.94427e-310	2.122e-314	3.135e-317	1.5316e-322	6.94427e-310	0	0	0
11.386	6.94427e-310	6.94427e-310	2.122e-314	3.135e-317	1.5316e-322	6.94427e-310	0	0	0
11.438	6.94427e-310	6.94427e-310	2.122e-314	3.135e-317	1.5316e-322	6.94427e-310	0	0	0
11.519	6.94427e-310	6.94427e-310	2.122e-314	3.135e-317	1.5316e-322	6.94427e-310	0	0	0
12.561	6.94427e-310	6.94427e-310	2.122e-314	3.135e-317	1.5316e-322	6.94427e-310	0	0	0
12.806	-1.76745	0.532848	0.146705	-1.77695	0.814628	0.14345	-2.17648	0.810099	0.150572
13.042	-1.76746	0.532859	0.146726	-1.77696	0.814645	0.143479	-2.17653	0.810103	0.150598
13.307	-1.76742	0.532839	0.146676	-1.77694	0.814652	0.143499	-2.1765	0.81008	0.15055
13.571	-1.76741	0.532859	0.146683	-1.77691	0.814627	0.143431	-2.17645	0.809699	0.150203
13.847	-1.76745	0.532873	0.146707	-1.77697	0.81461	0.1435	-2.17654	0.810115	0.150622
14.113	-1.76743	0.532882	0.146699	-1.77696	0.81461	0.143461	-2.17648	0.809712	0.150269
14.372	-1.76738	0.532854	0.1466	-1.77694	0.814583	0.143458	-2.17647	0.809676	0.150251
14.706	-1.76741	0.532874	0.146665	-1.77694	0.814587	0.14346	-2.17647	0.809625	0.150206
14.916	-1.76746	0.532889	0.146696	-1.77696	0.814598	0.143449	-2.17652	0.810085	0.150596
15.162	-1.76743	0.532875	0.146697	-1.77695	0.814584	0.143441	-2.17652	0.810094	0.150602
15.42	-1.76738	0.532863	0.146643	-1.77693	0.814568	0.143393	-2.17644	0.809674	0.150182
15.676	-1.76743	0.532864	0.146671	-1.77696	0.814587	0.143468	-2.17646	0.809596	0.150156
15.987	-1.76743	0.532857	0.146711	-1.77695	0.814584	0.143431	-2.17647	0.809594	0.150122
16.246	-1.76741	0.532832	0.146629	-1.77692	0.814532	0.14336	-2.1764	0.80957	0.150028
16.487	-1.76744	0.532857	0.146717	-1.77696	0.814572	0.143452	-2.17681	0.810549	0.151407
16.755	-1.76744	0.532847	0.146727	-1.77697	0.81459	0.143422	-2.17681	0.810565	0.151398
17.008	-1.7674	0.532803	0.146698	-1.77691	0.814526	0.143389	-2.17652	0.809953	0.150847
17.223	-1.7674	0.532803	0.146657	-1.7769	0.814538	0.143391	-2.17673	0.809936	0.150798
17.487	-1.76744	0.532824	0.146725	-1.77737	0.81488	0.144046	-2.17681	0.810481	0.151339
17.757	-1.76742	0.532799	0.146739	-1.77737	0.814859	0.14405	-2.17678	0.810448	0.151285
17.97	-1.76736	0.532741	0.146637	-1.77734	0.814852	0.143999	-2.17667	0.809903	0.150685
18.138	-1.76739	0.532754	0.146701	-1.77736	0.814866	0.144029	-2.17672	0.810426	0.151133
18.281	-1.76744	0.532785	0.146772	-1.77739	0.814862	0.144035	-2.17679	0.81047	0.151241
18.558	-1.7674	0.532752	0.146709	-1.77738	0.814874	0.144018	-2.17675	0.810421	0.151196
18.82	-1.76732	0.532712	0.146653	-1.77736	0.814891	0.144045	-2.17671	0.810428	0.151137
19.078	-1.76737	0.532734	0.14673	-1.77734	0.81486	0.143954	-2.17673	0.810427	0.151146
19.342	-1.76739	0.532729	0.146735	-1.77738	0.814867	0.144047	-2.17657	0.809882	0.15068
19.636	-1.7673	0.532697	0.146675	-1.77736	0.81486	0.14402	-2.17665	0.809985	0.150678
19.904	-1.76731	0.532702	0.146636	-1.77735	0.814864	0.143987	-2.17664	0.809933	0.150633
20.14	-1.76736	0.532724	0.146698	-1.77739	0.814863	0.144031	-2.17674	0.810417	0.151143
20.412	-1.76734	0.532707	0.146681	-1.77739	0.814886	0.144068	-2.17646	0.809839	0.150659
20.762	-1.76729	0.532705	0.146648	-1.77735	0.814878	0.144	-2.17662	0.809957	0.150639
21.022	-1.7673	0.53269	0.146648	-1.77736	0.81489	0.14405	-2.17666	0.809972	0.150704
21.258	-1.76733	0.532698	0.146731	-1.7774	0.814855	0.144076	-2.17675	0.81043	0.151218
21.506	-1.76733	0.532686	0.146687	-1.77735	0.814859	0.143999	-2.17658	0.809949	0.150736
21.813	-1.76728	0.532705	0.146639	-1.77732	0.814841	0.143966	-2.17666	0.809892	0.150639
22.173	-1.76731	0.532705	0.146667	-1.77736	0.814875	0.144017	-2.17669	0.809946	0.150728
22.429	-1.76733	0.532711	0.14666	-1.77738	0.814899	0.144077	-2.17673	0.809917	0.150784
22.664	-1.7673	0.532757	0.146691	-1.77733	0.814845	0.143956	-2.17654	0.809887	0.150743
22.923	-1.76732	0.532781	0.146721	-1.77735	0.814886	0.144058	-2.17672	0.80997	0.150788
23.207	-1.76738	0.53281	0.146811	-1.77737	0.814847	0.144051	-2.17683	0.810539	0.151388
23.494	-1.76734	0.532809	0.146811	-1.77735	0.814852	0.144018	-2.1768	0.810516	0.151323
23.801	-1.76728	0.532808	0.146679	-1.77731	0.814863	0.143937	-2.17638	0.80954	0.150005
24.111	-1.76735	0.532842	0.146761	-1.77736	0.814895	0.144059	-2.17681	0.810543	0.151392
24.382	-1.7674	0.53286	0.146882	-1.77739	0.814875	0.144056	-2.17685	0.810569	0.151455
24.644	-1.76735	0.532846	0.146803	-1.77737	0.814861	0.144011	-2.17777	0.8102	0.151788
24.907	-1.76732	0.532857	0.146693	-1.77734	0.814869	0.144005	-2.17642	0.809622	0.150099
25.178	-1.76739	0.532902	0.146819	-1.77735	0.814873	0.144032	-2.17651	0.81007	0.150561
25.498	-1.76738	0.532896	0.146817	-1.7774	0.814893	0.144088	-2.17651	0.8096	0.150202
25.796	-1.76733	0.532909	0.146743	-1.77689	0.814554	0.143394	-2.17647	0.809687	0.150208
26.052	-1.76736	0.53293	0.146753	-1.77735	0.814858	0.144026	-2.17652	0.810111	0.150568
26.319	-1.76741	0.532926	0.146844	-1.77695	0.814584	0.143447	-2.17655	0.810142	0.150658
26.567	-1.76737	0.532906	0.146714	-1.77692	0.814588	0.14339	-2.1765	0.809706	0.150235
26.873	-1.76735	0.532911	0.146684	-1.77691	0.81459	0.143388	-2.17648	0.809691	0.150217
27.097	-1.7674	0.532934	0.146756	-1.77695	0.814631	0.143452	-2.17655	0.81014	0.150602
27.287	-1.76742	0.532935	0.1468	-1.77695	0.814567	0.143438	-2.17655	0.809658	0.150259
27.563	-1.76737	0.532904	0.146683	-1.77695	0.814605	0.143424	-2.17649	0.809677	0.150213
27.804	-1.76736	0.532909	0.146664	-1.77692	0.814578	0.143397	-2.17653	0.810119	0.150552
28.049	-1.76742	0.532931	0.14673	-1.77695	0.814632	0.143438	-2.17654	0.8101	0.150597
28.276	-1.76741	0.532926	0.14671	-1.77694	0.814619	0.143427	-2.1765	0.809663	0.150204
28.568	-1.76737	0.532902	0.146652	-1.77693	0.814603	0.14339	-2.17648	0.80968	0.150169
28.792	-1.76743	0.532939	0.146754	-1.77694	0.814628	0.143442	-2.1765	0.810041	0.150465
28.971	-1.76746	0.532902	0.146753	-1.77696	0.814615	0.143436	-2.17649	0.809594	0.150157
29.15	-1.76742	0.53287	0.146665	-1.77694	0.814616	0.143429	-2.17664	0.809942	0.150924
29.361	-1.76743	0.532876	0.146695	-1.77695	0.814617	0.143384	-2.17666	0.809931	0.150873
29.602	-1.76746	0.532853	0.146733	-1.77695	0.814603	0.143422	-2.17685	0.810574	0.151414
29.869	-1.76745	0.532844	0.146721	-1.77695	0.814616	0.143435	-2.17684	0.810582	0.1514
30.038	-1.76739	0.532815	0.146663	-1.77692	0.81461	0.143387	-2.17673	0.810037	0.15084
30.278	-1.76744	0.532802	0.146715	-1.77695	0.814615	0.143424	-2.17683	0.810489	0.151357
30.508	-1.76747	0.532789	0.146718	-1.77697	0.814604	0.14345	-2.17685	0.810512	0.151342
30.728	-1.76742	0.53276	0.146672	-1.77697	0.814627	0.143441	-2.17673	0.809916	0.150762
30.965	-1.76739	0.532742	0.146641	-1.77693	0.814607	0.143393	-2.17669	0.81002	0.150758
31.18	-1.76742	0.53276	0.146672	-1.77695	0.814611	0.143415	-2.17673	0.809931	0.150753
31.382	-1.76743	0.532737	0.146687	-1.77693	0.814644	0.143413	-2.17671	0.809913	0.150736
31.579	-1.76739	0.532727	0.146648	-1.77694	0.814616	0.143414	-2.17668	0.809922	0.150725
31.756	-1.76745	0.532771	0.146737	-1.77697	0.814612	0.143405	-2.17678	0.810465	0.151229
31.94	-1.76741	0.532728	0.146668	-1.77695	0.8146	0.14341	-2.17677	0.810487	0.151239
32.154	-1.76737	0.533117	0.146926	-1.77693	0.814606	0.143386	-2.17665	0.810006	0.150716
32.386	-1.76736	0.533086	0.14686	-1.77695	0.814589	0.143393	-2.17676	0.810454	0.151209
32.601	-1.76739	0.533079	0.146932	-1.77696	0.814595	0.143406	-2.17678	0.810458	0.151251
32.811	-1.76735	0.533079	0.146897	-1.77695	0.814627	0.143422	-2.17675	0.810441	0.151191
32.985	-1.76725	0.533052	0.146726	-1.77694	0.814572	0.143389	-2.17673	0.810399	0.151099
33.132	-1.76736	0.53309	0.146931	-1.77693	0.814586	0.143391	-2.17669	0.810266	0.150943
33.38	-1.76732	0.533068	0.146904	-1.77696	0.814625	0.14344	-2.17679	0.810474	0.151248
33.646	-1.76735	0.533097	0.146902	-1.77695	0.814601	0.143427	-2.17667	0.80998	0.150698
33.849	-1.76735	0.533102	0.146937	-1.77693	0.814573	0.143364	-2.17677	0.810459	0.15119
34.078	-1.76736	0.53309	0.146929	-1.77698	0.81462	0.143457	-2.17682	0.810475	0.151276
34.342	-1.7673	0.533051	0.146883	-1.77693	0.814578	0.143401	-2.1768	0.81048	0.151283
34.576	-1.76731	0.533083	0.14692	-1.7769	0.814543	0.143381	-2.1767	0.810002	0.150766
34.793	-1.7673	0.533069	0.146842	-1.77695	0.814622	0.143398	-2.17672	0.809936	0.150753
35.071	-1.76732	0.532632	0.146546	-1.77695	0.814563	0.143449	-2.17684	0.810481	0.151372
35.283	-1.76731	0.533089	0.146912	-1.77692	0.814567	0.143352	-2.17671	0.809956	0.150731
35.481	-1.76727	0.533083	0.146866	-1.77736	0.814868	0.144003	-2.1767	0.809986	0.15073
35.666	-1.76737	0.532714	0.146709	-1.77741	0.814884	0.144074	-2.17685	0.810517	0.151363
35.868	-1.7674	0.532752	0.146771	-1.77697	0.814584	0.143486	-2.17685	0.81049	0.151335
36.087	-1.76733	0.532699	0.146672	-1.77735	0.814872	0.143999	-2.17673	0.809947	0.150783
36.249	-1.76735	0.532696	0.146663	-1.77736	0.814865	0.143988	-2.17681	0.810501	0.151279
36.416	-1.7674	0.532723	0.14676	-1.7774	0.814876	0.144079	-2.17686	0.810532	0.151366
36.589	-1.7674	0.532725	0.146726	-1.77736	0.814866	0.144013	-2.17683	0.810509	0.151338
36.859	-1.76736	0.532752	0.146691	-1.77736	0.814904	0.144025	-2.17672	0.810004	0.150779
37.037	-1.7674	0.532764	0.14677	-1.77737	0.814872	0.144042	-2.17682	0.810541	0.151324
37.21	-1.7669	0.532666	0.146587	-1.77739	0.814859	0.14403	-2.17682	0.810533	0.151341
37.371	-1.76737	0.532765	0.146705	-1.77735	0.814884	0.144002	-2.1765	0.809985	0.150806
37.583	-1.76737	0.532807	0.146714	-1.77735	0.814858	0.144	-2.17679	0.810589	0.151305
37.746	-1.76742	0.532807	0.146784	-1.77741	0.814882	0.144048	-2.17684	0.810589	0.151392
37.834	-1.76741	0.53282	0.146789	-1.77739	0.814891	0.144048	-2.17683	0.81057	0.151362
37.899	-1.76739	0.532812	0.146736	-1.77739	0.814879	0.144025	-2.17631	0.809487	0.14997
37.99	-1.76737	0.532822	0.146736	-1.77736	0.814859	0.144007	-2.1764	0.809564	0.149979
38.011	-1.76742	0.532849	0.146807	-1.77738	0.814862	0.14403	-2.17686	0.810587	0.151397
38.309	-1.76742	0.532849	0.146807	-1.77738	0.814862	0.14403	-2.17686	0.810587	0.151397
38.527	-1.76736	0.532855	0.146695	-1.77736	0.814873	0.143959	-2.1767	0.810058	0.150786
38.695	-1.76742	0.532885	0.146793	-1.77741	0.814859	0.144058	-2.17658	0.810017	0.150825
38.854	-1.76741	0.532867	0.146783	-1.77739	0.814868	0.144042	-2.17666	0.810008	0.150816
39.04	-1.76738	0.532866	0.146725	-1.77736	0.814856	0.143995	-2.17641	0.809554	0.149985
39.337	-1.76738	0.532866	0.146729	-1.77736	0.814885	0.143995	-2.17672	0.810103	0.150888
39.561	-1.76744	0.53289	0.14681	-1.77741	0.81487	0.144058	-2.17684	0.810596	0.151345
39.751	-1.7674	0.532857	0.146748	-1.77736	0.814863	0.143988	-2.17641	0.809649	0.150013
39.929	-1.76736	0.532871	0.146667	-1.77736	0.814853	0.143973	-2.17641	0.809561	0.150006
40.11	-1.7674	0.532861	0.146699	-1.77735	0.814871	0.14395	-2.17655	0.810061	0.15079
40.311	-1.76743	0.532863	0.146765	-1.77744	0.814865	0.144072	-2.17654	0.81008	0.150863
40.546	-1.76739	0.532857	0.1467	-1.77734	0.81487	0.143947	-2.17641	0.809592	0.149981
40.724	-1.76739	0.532884	0.146713	-1.77738	0.814853	0.143979	-2.1767	0.810092	0.150781
40.992	-1.76743	0.532864	0.146751	-1.7774	0.814871	0.144013	-2.17682	0.810615	0.151361
41.238	-1.76744	0.532867	0.146739	-1.77741	0.814868	0.144019	-2.17647	0.810013	0.150374
41.48	-1.76737	0.532861	0.146643	-1.77736	0.814856	0.143948	-2.17679	0.810568	0.151283
41.745	-1.76742	0.532884	0.146712	-1.77736	0.81486	0.143979	-2.17682	0.810586	0.151348
42.018	-1.76743	0.532868	0.14673	-1.77741	0.814888	0.144071	-2.17656	0.810063	0.150905
42.394	-1.76741	0.532867	0.146721	-1.77691	0.81447	0.143399	-2.17657	0.810024	0.150877
42.602	-1.76737	0.532838	0.146684	-1.77733	0.814878	0.143914	-2.1767	0.810045	0.150794
42.818	-1.76743	0.532872	0.146747	-1.77695	0.814557	0.143392	-2.17682	0.810569	0.151362
43.099	-1.76746	0.532859	0.146744	-1.77694	0.814572	0.143388	-2.17674	0.810063	0.150866
43.411	-1.7674	0.532846	0.146694	-1.77693	0.814571	0.143406	-2.17643	0.809997	0.15035
43.705	-1.76737	0.532823	0.146661	-1.7769	0.814548	0.143351	-2.17672	0.810023	0.150827
43.917	-1.76745	0.532847	0.146767	-1.77696	0.814576	0.143433	-2.17674	0.810018	0.150838
44.126	-1.76742	0.532838	0.146739	-1.77693	0.814604	0.14339	-2.17644	0.810017	0.150367
44.329	-1.76739	0.532821	0.146695	-1.77692	0.814572	0.143382	-2.17674	0.810046	0.150852
44.567	-1.76744	0.532824	0.146715	-1.77695	0.814564	0.143368	-2.17683	0.810588	0.151399
44.823	-1.76746	0.532807	0.146727	-1.77696	0.81462	0.143442	-2.17685	0.810568	0.151401
45.12	-1.76742	0.532785	0.146707	-1.77694	0.814623	0.143401	-2.17641	0.809541	0.149981
45.381	-1.76743	0.532791	0.146747	-1.77696	0.814596	0.143421	-2.17631	0.809454	0.149958
45.58	-1.76743	0.532785	0.146726	-1.77696	0.814598	0.143414	-2.17661	0.810055	0.150915
45.759	-1.76741	0.532789	0.146702	-1.77694	0.814614	0.143408	-2.17676	0.810015	0.150827
45.974	-1.76741	0.532764	0.146711	-1.77696	0.814589	0.143383	-2.17659	0.809953	0.150807
46.22	-1.76742	0.532752	0.146741	-1.77696	0.814612	0.143426	-2.17685	0.810515	0.151366
46.452	-1.76738	0.532747	0.146677	-1.77697	0.814641	0.143419	-2.17659	0.809974	0.150822
46.58	-1.76735	0.532735	0.146626	-1.77695	0.814606	0.143409	-2.17672	0.809989	0.150765
46.822	-1.76742	0.532757	0.146733	-1.77695	0.814568	0.143396	-2.17682	0.810479	0.151294
47.035	-1.76741	0.532722	0.146726	-1.77698	0.81461	0.143423	-2.17686	0.81048	0.151375
47.227	-1.76734	0.532733	0.14663	-1.77695	0.814596	0.14342	-2.17684	0.810463	0.151247
47.487	-1.76734	0.53273	0.146627	-1.77692	0.814599	0.143349	-2.17672	0.809935	0.150717
47.732	-1.76741	0.53275	0.146695	-1.77697	0.814598	0.143443	-2.17685	0.810452	0.151304
47.98	-1.76738	0.532745	0.146713	-1.77696	0.81461	0.143414	-2.17677	0.809949	0.150832
48.137	-1.76734	0.532718	0.146634	-1.77694	0.814582	0.14342	-2.1767	0.809977	0.150766
48.314	-1.76735	0.532748	0.146668	-1.77694	0.814654	0.143406	-2.17674	0.809897	0.150708
48.529	-1.76737	0.532759	0.146699	-1.77697	0.814599	0.143429	-2.17684	0.810458	0.151286
48.781	-1.76736	0.532737	0.146683	-1.77697	0.814602	0.143443	-2.17651	0.80992	0.150786
49.104	-1.76735	0.532728	0.146674	-1.77692	0.814587	0.143372	-2.17671	0.809894	0.150709
49.317	-1.7674	0.532761	0.146737	-1.77697	0.814604	0.143435	-2.17659	0.809917	0.150793
49.518	-1.7674	0.532739	0.146697	-1.77698	0.81463	0.143451	-2.17685	0.810459	0.151309
49.724	-1.76733	0.532729	0.146658	-1.77693	0.814596	0.143391	-2.17671	0.809966	0.150747
49.92	-1.76735	0.532741	0.146677	-1.77694	0.814587	0.143366	-2.17671	0.809933	0.15074
50.112	-1.7674	0.532723	0.146733	-1.77696	0.814609	0.143472	-2.17683	0.810493	0.151343
50.352	-1.76739	0.532739	0.146758	-1.77698	0.814627	0.143458	-2.17684	0.810456	0.151313
50.562	-1.7673	0.532713	0.146553	-1.77695	0.814648	0.143396	-2.17681	0.810443	0.151216
50.785	-1.7673	0.532711	0.146693	-1.77695	0.81462	0.143405	-2.17682	0.81046	0.151286
51.05	-1.76739	0.532738	0.146723	-1.77696	0.814605	0.143415	-2.17684	0.81046	0.151294
51.295	-1.76736	0.532759	0.14671	-1.77695	0.814628	0.143449	-2.17675	0.80994	0.150783
51.515	-1.76735	0.532743	0.14666	-1.77693	0.814609	0.143393	-2.17674	0.809905	0.150739
51.745	-1.76741	0.532775	0.146749	-1.77696	0.814588	0.143457	-2.17687	0.810498	0.151364
51.949	-1.76744	0.532786	0.146773	-1.77697	0.814607	0.143453	-2.17683	0.810472	0.151297
52.206	-1.76738	0.532764	0.146667	-1.77694	0.814603	0.143356	-2.17675	0.809957	0.150779
52.438	-1.76754	0.532674	0.147061	-1.77697	0.814571	0.143767	-2.17689	0.810598	0.151267
52.655	-1.76683	0.532975	0.147982	-1.77637	0.814737	0.144359	-2.17596	0.809858	0.149527
52.812	-1.76486	0.533286	0.147774	-1.77455	0.815086	0.143653	-2.17459	0.810221	0.149452
52.997	-1.76313	0.533311	0.146706	-1.77288	0.815089	0.143264	-2.17288	0.810371	0.150321
53.173	-1.76142	0.533435	0.146808	-1.77133	0.815192	0.143435	-2.1708	0.809982	0.150807
53.456	-1.75925	0.533483	0.147306	-1.7694	0.8154	0.144056	-2.16884	0.809876	0.151288
53.688	-1.75563	0.533588	0.146489	-1.76593	0.815377	0.143273	-2.16593	0.809845	0.150477
53.897	-1.75325	0.533905	0.146371	-1.76389	0.815629	0.143752	-2.16355	0.809495	0.150249
54.093	-1.75064	0.534218	0.147337	-1.76136	0.816173	0.144408	-2.16114	0.810336	0.151339
54.299	-1.74713	0.534918	0.147509	-1.75849	0.816814	0.144976	-2.15781	0.810763	0.151933
54.483	-1.74351	0.535738	0.147051	-1.75534	0.817556	0.144802	-2.15481	0.811127	0.152567
54.633	-1.73849	0.536607	0.146605	-1.75127	0.818763	0.144574	-2.15066	0.810606	0.151778
54.814	-1.7344	0.537464	0.147171	-1.74722	0.819493	0.144148	-2.14786	0.811781	0.153329
55.025	-1.72989	0.5401	0.147735	-1.74351	0.820688	0.14417	-2.14281	0.810687	0.151274
55.184	-1.72519	0.541467	0.147777	-1.73957	0.822094	0.144364	-2.13896	0.810614	0.151592
55.364	-1.71976	0.54194	0.146763	-1.73565	0.823885	0.145313	-2.13472	0.810628	0.152004
55.57	-1.71329	0.543832	0.146989	-1.73043	0.8255	0.145001	-2.12951	0.810598	0.151913
55.822	-1.70767	0.545688	0.14681	-1.7261	0.827406	0.145059	-2.12477	0.81086	0.151531
56.056	-1.70201	0.547879	0.147269	-1.72145	0.829302	0.144995	-2.12047	0.811017	0.151866
56.27	-1.69639	0.550132	0.147856	-1.71677	0.831421	0.145768	-2.11578	0.811402	0.15189
56.468	-1.69024	0.552516	0.148097	-1.71233	0.833855	0.146166	-2.11097	0.811959	0.151894
56.761	-1.68388	0.555162	0.148195	-1.70738	0.836336	0.145774	-2.10649	0.81255	0.152198
56.956	-1.67549	0.558792	0.148149	-1.70127	0.839705	0.145606	-2.09985	0.812211	0.151748
57.185	-1.66871	0.562051	0.148348	-1.69621	0.84268	0.145204	-2.09462	0.812674	0.151515
57.441	-1.6615	0.565286	0.14839	-1.69115	0.845889	0.145727	-2.0894	0.812698	0.151635
57.689	-1.65452	0.569079	0.148721	-1.68583	0.849001	0.145674	-2.08434	0.813425	0.151893
57.899	-1.64671	0.572502	0.148679	-1.68062	0.852148	0.146116	-2.078	0.813283	0.151881
58.052	-1.63853	0.57622	0.147962	-1.67497	0.856366	0.146559	-2.07223	0.813473	0.151594
58.286	-1.63042	0.580462	0.147957	-1.66936	0.859967	0.146975	-2.06621	0.814009	0.152051
58.594	-1.62244	0.584787	0.148214	-1.66358	0.8638	0.146481	-2.06012	0.81443	0.152184
58.793	-1.61191	0.590717	0.148445	-1.65678	0.86908	0.147378	-2.05224	0.814942	0.151692
59.045	-1.60353	0.595854	0.149366	-1.6506	0.873355	0.147083	-2.04598	0.815087	0.151275
59.281	-1.59509	0.60066	0.149217	-1.64507	0.877966	0.147425	-2.03999	0.81568	0.151639
59.519	-1.58606	0.606378	0.14968	-1.63941	0.88305	0.147557	-2.03346	0.816823	0.152256
59.716	-1.57499	0.613352	0.149559	-1.63208	0.889422	0.14768	-2.02479	0.817023	0.15141
59.893	-1.56587	0.619371	0.149933	-1.62624	0.894567	0.147758	-2.01817	0.817605	0.151761
60.094	-1.5569	0.625454	0.150087	-1.62053	0.900021	0.148105	-2.01126	0.818671	0.15189
60.345	-1.54761	0.631699	0.150047	-1.61461	0.905454	0.148283	-2.00466	0.819755	0.151632
60.604	-1.53831	0.638207	0.149908	-1.60868	0.91127	0.148527	-1.99728	0.820589	0.151413
60.818	-1.52909	0.645045	0.150266	-1.60328	0.91768	0.149081	-1.99091	0.82199	0.152289
61.029	-1.51738	0.654052	0.150165	-1.59598	0.92502	0.149203	-1.9813	0.82339	0.152468
61.255	-1.50799	0.661044	0.150244	-1.58928	0.931057	0.148541	-1.97445	0.824861	0.152916
61.481	-1.49855	0.668501	0.15025	-1.58337	0.937364	0.148789	-1.96691	0.825936	0.152217
61.733	-1.48929	0.676276	0.150705	-1.57787	0.943879	0.14918	-1.9601	0.827845	0.152794
61.969	-1.48018	0.684309	0.151338	-1.57259	0.950755	0.150123	-1.95242	0.828935	0.151961
62.185	-1.47019	0.692312	0.150633	-1.56629	0.957502	0.149671	-1.94502	0.831166	0.152561
62.356	-1.45842	0.702827	0.150469	-1.55908	0.966506	0.149716	-1.93594	0.833825	0.153278
62.625	-1.45173	0.709287	0.150894	-1.55468	0.971653	0.149816	-1.93032	0.835424	0.153256
62.86	-1.44005	0.719746	0.150772	-1.54718	0.980261	0.14991	-1.92018	0.837333	0.153525
63.097	-1.43102	0.728499	0.151231	-1.54175	0.987869	0.150654	-1.9127	0.840321	0.153444
63.335	-1.42186	0.737974	0.151355	-1.53601	0.995393	0.150577	-1.90495	0.842539	0.152568
63.593	-1.41281	0.747584	0.151957	-1.53037	1.00364	0.150672	-1.89807	0.845883	0.153539
63.824	-1.40396	0.757179	0.152088	-1.52532	1.01169	0.150416	-1.88992	0.848245	0.152692
64.082	-1.39256	0.769861	0.151942	-1.51839	1.02238	0.149778	-1.87991	0.852194	0.152499
64.309	-1.38353	0.780348	0.151986	-1.51317	1.03061	0.149713	-1.87216	0.855605	0.153108
64.579	-1.37473	0.790401	0.152096	-1.50786	1.03906	0.149875	-1.86451	0.859226	0.153622
64.884	-1.36577	0.800577	0.152161	-1.50241	1.04726	0.149636	-1.85659	0.862654	0.153425
65.189	-1.35733	0.810742	0.152444	-1.49674	1.05598	0.149498	-1.84868	0.866682	0.153571
65.391	-1.34634	0.823811	0.15279	-1.49016	1.06697	0.149614	-1.83865	0.871903	0.15316
65.641	-1.33745	0.833832	0.152727	-1.48408	1.07557	0.149476	-1.83085	0.876612	0.153552
65.873	-1.32878	0.843992	0.152495	-1.47782	1.08405	0.149247	-1.82187	0.880873	0.153277
66.06	-1.32015	0.85416	0.153004	-1.47162	1.09217	0.149793	-1.81345	0.885751	0.153545
66.245	-1.31083	0.863697	0.152839	-1.46468	1.10029	0.149548	-1.80461	0.890164	0.1539
66.5	-1.30211	0.873076	0.153768	-1.45779	1.10824	0.150013	-1.79596	0.894939	0.153484
66.768	-1.29077	0.88502	0.154258	-1.44877	1.11816	0.149929	-1.78486	0.90163	0.153032
67.067	-1.28165	0.894146	0.154229	-1.44142	1.12622	0.149784	-1.77544	0.907241	0.152719
67.364	-1.27227	0.903026	0.154138	-1.43369	1.13415	0.149587	-1.76667	0.912854	0.153252
67.573	-1.26259	0.911442	0.153782	-1.42519	1.14216	0.14944	-1.75742	0.919498	0.15405
67.818	-1.25285	0.919768	0.153433	-1.41617	1.14968	0.149631	-1.74726	0.925588	0.153718
68.082	-1.24324	0.927922	0.153341	-1.40748	1.1571	0.149503	-1.73818	0.931849	0.154166
68.332	-1.23118	0.937864	0.153899	-1.39588	1.16657	0.149939	-1.72544	0.940377	0.154444
68.485	-1.22122	0.945367	0.153999	-1.38687	1.17421	0.150347	-1.71557	0.94712	0.153654
68.626	-1.21608	0.949105	0.154149	-1.38134	1.17772	0.149597	-1.71083	0.950589	0.153887
68.894	-1.20103	0.960456	0.153943	-1.36647	1.18867	0.14906	-1.69547	0.961536	0.154753
69.094	-1.19052	0.967394	0.153194	-1.35592	1.19584	0.148668	-1.68472	0.968963	0.155575
69.273	-1.18013	0.974054	0.152929	-1.34494	1.20269	0.148775	-1.67428	0.97623	0.155832
69.545	-1.16956	0.980642	0.152812	-1.33402	1.20952	0.148837	-1.66383	0.983543	0.156059
69.743	-1.15603	0.988116	0.15356	-1.31996	1.2177	0.1494	-1.65033	0.992799	0.155833
69.921	-1.1455	0.994079	0.154316	-1.30829	1.22406	0.149614	-1.6395	1.00043	0.155996
70.189	-1.13441	0.999336	0.154479	-1.29633	1.23035	0.150237	-1.62848	1.00807	0.155501
70.505	-1.1234	1.0048	0.154723	-1.28446	1.23651	0.150681	-1.61753	1.01564	0.155869
70.768	-1.11214	1.00949	0.154822	-1.27173	1.24239	0.15052	-1.60596	1.02372	0.155753
70.944	-1.09773	1.01506	0.154915	-1.25427	1.24921	0.149588	-1.59242	1.03409	0.157347
71.215	-1.08641	1.01902	0.155329	-1.24139	1.25446	0.149719	-1.58014	1.04217	0.156681
71.52	-1.07496	1.02258	0.155638	-1.22776	1.25949	0.149602	-1.56834	1.05011	0.155832
71.821	-1.06325	1.02604	0.155912	-1.21371	1.26429	0.149672	-1.55623	1.05839	0.1558
72.127	-1.05149	1.02897	0.156041	-1.19968	1.2689	0.149159	-1.54427	1.0665	0.156369
72.393	-1.03947	1.03188	0.155767	-1.18557	1.27346	0.150054	-1.53203	1.07489	0.156914
72.645	-1.02455	1.03503	0.15551	-1.16685	1.2785	0.149082	-1.51657	1.08439	0.157185
72.874	-1.01241	1.03728	0.155301	-1.15219	1.2822	0.149568	-1.50354	1.09196	0.15713
73.083	-0.99995	1.03865	0.155373	-1.13652	1.28528	0.149192	-1.49061	1.09969	0.157799
73.319	-0.987876	1.03959	0.15607	-1.12113	1.28798	0.150358	-1.47703	1.10629	0.156729
73.579	-0.975936	1.0405	0.157185	-1.10541	1.29038	0.150611	-1.46393	1.11345	0.156256
73.845	-0.964	1.04087	0.157582	-1.08917	1.29258	0.150526	-1.45037	1.12084	0.156407
74.047	-0.948474	1.04097	0.15788	-1.07024	1.29495	0.151265	-1.43255	1.12977	0.156378
74.246	-0.935933	1.04066	0.158008	-1.05378	1.29628	0.151854	-1.41843	1.13641	0.156701
74.475	-0.92335	1.03977	0.157753	-1.03736	1.29737	0.151717	-1.4042	1.14283	0.156823
74.796	-0.910375	1.03882	0.157429	-1.02081	1.29817	0.151705	-1.39013	1.14877	0.156466
75.075	-0.897446	1.03792	0.157606	-1.00477	1.29874	0.151977	-1.37645	1.15474	0.157649
75.341	-0.884654	1.03607	0.157572	-0.987918	1.29865	0.152442	-1.36244	1.16129	0.158945
75.587	-0.868527	1.03388	0.157296	-0.966574	1.29831	0.152225	-1.34377	1.16843	0.159324
75.795	-0.855943	1.03187	0.157686	-0.949544	1.29761	0.152471	-1.3287	1.17366	0.159568
75.999	-0.84301	1.02894	0.157865	-0.932258	1.29648	0.153039	-1.31359	1.17861	0.159668
76.263	-0.830617	1.02559	0.157793	-0.915192	1.29476	0.153281	-1.29824	1.18367	0.159269
76.448	-0.817887	1.02255	0.157715	-0.897628	1.29291	0.15338	-1.28282	1.18874	0.159292
76.649	-0.805192	1.01901	0.157278	-0.880072	1.29093	0.152637	-1.26644	1.19348	0.158954
76.918	-0.792417	1.01505	0.156865	-0.862298	1.2884	0.152377	-1.25056	1.1981	0.159655
77.136	-0.776962	1.01007	0.15685	-0.84045	1.28525	0.152295	-1.23017	1.20386	0.159295
77.354	-0.76441	1.00586	0.157277	-0.822765	1.28192	0.152002	-1.21391	1.20798	0.158569
77.55	-0.752197	1.00142	0.157557	-0.805296	1.27839	0.15235	-1.19795	1.21199	0.15842
77.734	-0.739899	0.996303	0.15768	-0.787677	1.2746	0.152214	-1.18197	1.21577	0.158831
78.012	-0.724674	0.990138	0.15745	-0.769958	1.27033	0.151915	-1.16466	1.21894	0.158554
78.213	-0.712114	0.984338	0.157139	-0.748395	1.2643	0.151377	-1.14377	1.2224	0.158953
78.459	-0.700261	0.978531	0.157357	-0.730426	1.25931	0.152185	-1.12654	1.22475	0.159365
78.662	-0.688568	0.97234	0.157521	-0.712924	1.25354	0.151637	-1.10942	1.2274	0.158992
78.86	-0.676663	0.965836	0.157654	-0.695402	1.24754	0.151479	-1.0928	1.22962	0.158247
79.183	-0.665126	0.959327	0.158107	-0.678285	1.24115	0.151574	-1.07588	1.23115	0.158387
79.386	-0.650697	0.950461	0.157854	-0.65667	1.23259	0.151575	-1.05452	1.23292	0.159632
79.618	-0.639044	0.943246	0.15711	-0.639592	1.22548	0.151522	-1.03739	1.23347	0.160101
79.872	-0.627687	0.93572	0.156587	-0.622555	1.21787	0.151046	-1.02039	1.23375	0.160067
80.071	-0.616535	0.928072	0.156979	-0.605917	1.21039	0.151258	-1.00366	1.23393	0.16076
80.256	-0.605441	0.920266	0.158071	-0.589447	1.20216	0.15179	-0.987286	1.23351	0.160926
80.521	-0.594695	0.911641	0.158021	-0.573004	1.19326	0.152538	-0.970211	1.23259	0.160888
80.786	-0.584013	0.903156	0.157982	-0.556865	1.18413	0.153305	-0.953053	1.23131	0.161248
81.1	-0.573386	0.894224	0.158389	-0.540798	1.17482	0.153589	-0.936075	1.22982	0.161432
81.329	-0.560616	0.883029	0.158619	-0.52067	1.16254	0.153503	-0.914441	1.22737	0.16094
81.509	-0.549957	0.87426	0.158525	-0.50502	1.15302	0.153064	-0.897381	1.22519	0.160935
81.737	-0.539423	0.865322	0.158509	-0.489299	1.14317	0.152968	-0.880426	1.22271	0.160679
81.975	-0.52923	0.856106	0.15834	-0.473534	1.133	0.153347	-0.863515	1.21977	0.160707
82.259	-0.518852	0.847196	0.158255	-0.458373	1.12263	0.153515	-0.846173	1.21712	0.160336
82.46	-0.505526	0.836095	0.158274	-0.439344	1.11062	0.153213	-0.825129	1.21292	0.160222
82.638	-0.494633	0.827211	0.157916	-0.424273	1.10101	0.15326	-0.808358	1.20891	0.15997
82.865	-0.483488	0.818719	0.157597	-0.409297	1.09118	0.153444	-0.791568	1.20485	0.160181
83.022	-0.47233	0.810026	0.157239	-0.394694	1.08198	0.153722	-0.775334	1.20058	0.160954
83.261	-0.466619	0.805938	0.156756	-0.387012	1.07676	0.153655	-0.767134	1.19818	0.160842
83.37	-0.449435	0.79319	0.15593	-0.364488	1.06255	0.153413	-0.742824	1.19102	0.161505
83.664	-0.446334	0.79123	0.15608	-0.360901	1.06032	0.153589	-0.738702	1.18978	0.161305
83.908	-0.423053	0.775569	0.157291	-0.332	1.04276	0.15415	-0.706897	1.18	0.161087
84.109	-0.410816	0.768055	0.156952	-0.317497	1.03427	0.15429	-0.691186	1.17511	0.161101
84.364	-0.398534	0.760395	0.156402	-0.302872	1.02628	0.154167	-0.675558	1.1698	0.161177
84.622	-0.385736	0.75334	0.156782	-0.28862	1.01846	0.154228	-0.660096	1.16465	0.161515
84.943	-0.369662	0.744693	0.157141	-0.27047	1.00919	0.154151	-0.644867	1.15887	0.161657
85.145	-0.356356	0.737977	0.156806	-0.255855	1.00165	0.154275	-0.625554	1.15205	0.162107
85.322	-0.342781	0.73118	0.156613	-0.241656	0.99467	0.154825	-0.61079	1.14657	0.162419
85.526	-0.329348	0.724665	0.156679	-0.227285	0.987808	0.155287	-0.596081	1.1409	0.162861
85.804	-0.315713	0.718365	0.156473	-0.212756	0.98127	0.155362	-0.58111	1.13498	0.163132
86.052	-0.301503	0.712091	0.15617	-0.19829	0.975088	0.155269	-0.566711	1.12932	0.16287
86.299	-0.287454	0.706541	0.15702	-0.184398	0.969393	0.155237	-0.55223	1.12388	0.163116
86.539	-0.272911	0.701032	0.157283	-0.170084	0.963941	0.155968	-0.538244	1.11812	0.162815
86.741	-0.254123	0.694448	0.157733	-0.152108	0.957812	0.156399	-0.520745	1.11071	0.162488
86.996	-0.239112	0.689292	0.157637	-0.137701	0.952814	0.156586	-0.507099	1.10486	0.162542
87.244	-0.223841	0.684127	0.157208	-0.12337	0.948386	0.156696	-0.492915	1.09885	0.162834
87.418	-0.208258	0.679779	0.157142	-0.108902	0.944152	0.156716	-0.479109	1.09307	0.163403
87.616	-0.192236	0.675485	0.156924	-0.0944877	0.940436	0.156644	-0.465785	1.08711	0.16357
87.813	-0.171954	0.670247	0.156878	-0.0762967	0.936172	0.157342	-0.448678	1.07967	0.16366
88.031	-0.155867	0.666877	0.157152	-0.0620971	0.933415	0.158186	-0.435694	1.07433	0.164054
88.226	-0.138791	0.663739	0.156887	-0.0476398	0.93097	0.158504	-0.422263	1.06865	0.163696
88.509	-0.122019	0.660991	0.156355	-0.0331651	0.929122	0.158155	-0.409147	1.06335	0.163906
88.766	-0.105044	0.65853	0.155917	-0.0184515	0.927381	0.157391	-0.395696	1.05826	0.16452
89.04	-0.0881011	0.65649	0.15675	-0.00398433	0.925906	0.157595	-0.382028	1.05343	0.164797
89.222	-0.0662594	0.654535	0.157404	0.0141995	0.925271	0.158172	-0.365785	1.04755	0.164818
89.532	-0.0487367	0.653304	0.157473	0.0287159	0.924958	0.158157	-0.352749	1.0431	0.164111
89.787	-0.031267	0.65248	0.157516	0.0432425	0.92495	0.158312	-0.339644	1.03875	0.164049
90.065	-0.0131943	0.652473	0.158206	0.0575287	0.925526	0.158371	-0.326478	1.03431	0.164102
90.271	0.00478008	0.652219	0.158067	0.0720308	0.926395	0.157845	-0.313288	1.03018	0.164688
90.462	0.0275755	0.65249	0.157103	0.090284	0.927902	0.157297	-0.296743	1.0253	0.16549
90.707	0.0411171	0.652992	0.156936	0.100573	0.928884	0.157926	-0.287131	1.02257	0.165687
90.95	0.0633609	0.654268	0.156991	0.11866	0.930997	0.158541	-0.270955	1.01802	0.16643
91.234	0.081686	0.655962	0.157994	0.132521	0.93332	0.159241	-0.2584	1.01467	0.166434
91.547	0.09989	0.658327	0.158637	0.146261	0.93679	0.159995	-0.245966	1.01099	0.165921
91.804	0.11819	0.661343	0.159276	0.15961	0.940279	0.160496	-0.233835	1.00784	0.165458
91.988	0.136644	0.664343	0.159335	0.173132	0.944288	0.160776	-0.221549	1.00499	0.165502
92.188	0.159898	0.669052	0.159375	0.189939	0.949834	0.160825	-0.206217	1.0013	0.165845
92.384	0.178544	0.673099	0.158954	0.203056	0.954422	0.16105	-0.193642	0.998269	0.166561
92.62	0.197169	0.677535	0.158602	0.21665	0.959081	0.160681	-0.180951	0.995325	0.166933
92.912	0.215376	0.682461	0.159376	0.229516	0.964229	0.161191	-0.168607	0.993069	0.166645
93.209	0.233429	0.687731	0.159497	0.242396	0.970026	0.161545	-0.156026	0.991521	0.166315
93.507	0.251859	0.693764	0.159238	0.255279	0.975739	0.16098	-0.143711	0.989773	0.165718
93.769	0.274314	0.701579	0.159679	0.271295	0.983613	0.161045	-0.128048	0.988221	0.16619
94.007	0.292609	0.708115	0.159865	0.283918	0.990147	0.161068	-0.115315	0.987236	0.16672
94.242	0.310372	0.714967	0.160135	0.296263	0.997063	0.160987	-0.102798	0.986374	0.166831
94.494	0.327734	0.721869	0.160583	0.308373	1.00351	0.161113	-0.0906645	0.985701	0.166605
94.77	0.344198	0.728878	0.162054	0.320197	1.01008	0.162085	-0.0782496	0.985054	0.165818
94.982	0.36476	0.736153	0.162062	0.33571	1.01704	0.160637	-0.0625269	0.985092	0.165404
95.215	0.3799	0.741214	0.161705	0.347762	1.02164	0.160161	-0.0497787	0.985443	0.166348
95.452	0.394773	0.74518	0.162011	0.360355	1.02547	0.160862	-0.0367521	0.986116	0.166712
95.686	0.409688	0.749245	0.161697	0.373345	1.02918	0.160969	-0.0235732	0.987001	0.167002
95.983	0.424239	0.75323	0.161275	0.386032	1.03296	0.160129	-0.0107733	0.987905	0.166539
96.234	0.438353	0.757232	0.161702	0.398462	1.03678	0.160051	0.00192386	0.989331	0.166751
96.56	0.452137	0.761195	0.162307	0.410544	1.04048	0.160035	0.0145549	0.990759	0.167343
96.845	0.469138	0.766407	0.162798	0.425353	1.04528	0.160027	0.0294739	0.992592	0.167005
97.113	0.482765	0.770805	0.163223	0.437077	1.0492	0.160482	0.0416048	0.994049	0.166082
97.384	0.495794	0.775017	0.163622	0.448293	1.05311	0.160987	0.0529948	0.995268	0.165768
97.668	0.508805	0.779219	0.163952	0.459256	1.05712	0.161219	0.0646766	0.996105	0.166151
97.933	0.521808	0.783485	0.163909	0.470243	1.06109	0.161832	0.076088	0.99718	0.166866
98.184	0.534769	0.787502	0.163549	0.481317	1.06477	0.161778	0.0876253	0.998207	0.167445
98.529	0.547034	0.791482	0.163727	0.492146	1.06825	0.16231	0.0986861	0.999356	0.167877
98.79	0.562208	0.796419	0.16439	0.505214	1.07276	0.16312	0.112121	1.00097	0.167294
99.047	0.573804	0.800373	0.16443	0.515458	1.07655	0.163351	0.12316	1.00253	0.167253
99.304	0.585711	0.804531	0.164393	0.525508	1.08029	0.162965	0.133351	1.00438	0.168068
99.481	0.597245	0.808638	0.164304	0.53551	1.08407	0.163276	0.143994	1.00563	0.168158
99.745	0.608624	0.812686	0.163945	0.545593	1.08762	0.163077	0.154466	1.00741	0.168301
99.907	0.62242	0.817307	0.163741	0.557882	1.09213	0.162854	0.167115	1.00971	0.16783
100.14	0.633234	0.821387	0.16429	0.567096	1.09586	0.163029	0.176799	1.01164	0.168393
100.306	0.643463	0.825232	0.16469	0.576585	1.0995	0.163354	0.18672	1.01359	0.168086
100.54	0.653844	0.829183	0.164993	0.58574	1.10307	0.163378	0.195942	1.01579	0.168464
100.8	0.66397	0.833082	0.164774	0.59469	1.10662	0.163141	0.205385	1.01771	0.168408
100.998	0.674064	0.83711	0.165036	0.603472	1.11029	0.162998	0.214723	1.0195	0.168041
101.221	0.686294	0.842056	0.165137	0.614009	1.11478	0.162619	0.225782	1.02192	0.168126
101.394	0.695713	0.845875	0.165141	0.622511	1.11839	0.162694	0.234547	1.0236	0.168062
101.609	0.705565	0.849639	0.16542	0.630956	1.12165	0.162844	0.243121	1.02521	0.168139
101.793	0.714685	0.853353	0.165603	0.6387	1.12513	0.163008	0.251584	1.02736	0.168156
102.052	0.723494	0.857028	0.165623	0.646751	1.12834	0.163134	0.260214	1.02883	0.168291
102.382	0.734616	0.861632	0.165557	0.656408	1.13254	0.162947	0.270387	1.03139	0.168247
102.548	0.743097	0.865164	0.16557	0.664093	1.13588	0.163016	0.278274	1.03341	0.16864
102.785	0.751412	0.868732	0.165099	0.671617	1.13939	0.162896	0.285919	1.03549	0.168359
103.048	0.759941	0.872502	0.165338	0.678989	1.1426	0.162382	0.293736	1.03779	0.168763
103.329	0.767993	0.87599	0.16525	0.686045	1.14582	0.162076	0.301229	1.03983	0.169197
103.632	0.77567	0.879298	0.165027	0.693303	1.14913	0.161815	0.308755	1.04216	0.169382
103.826	0.783143	0.882583	0.165456	0.699995	1.15223	0.162008	0.315625	1.04433	0.169552
103.982	0.792202	0.886786	0.165711	0.707962	1.15617	0.162113	0.324084	1.04648	0.169331
104.215	0.798978	0.889977	0.16601	0.714381	1.15913	0.162412	0.330674	1.04868	0.169222
104.466	0.805809	0.893309	0.166302	0.720354	1.16207	0.162778	0.336992	1.0501	0.169186
104.71	0.812775	0.896666	0.166428	0.726166	1.16506	0.162362	0.343365	1.05197	0.169133
105	0.819548	0.89987	0.166796	0.732061	1.16816	0.162473	0.349595	1.05351	0.168927
105.265	0.827269	0.903518	0.166752	0.737577	1.17082	0.16246	0.355397	1.05541	0.169157
105.442	0.833469	0.906339	0.166917	0.744603	1.17422	0.162627	0.362875	1.05735	0.169031
105.621	0.839549	0.909209	0.166763	0.749867	1.17679	0.162833	0.368188	1.05899	0.169222
105.869	0.845495	0.912118	0.167004	0.754869	1.17921	0.162874	0.373963	1.06023	0.169143
106.143	0.851345	0.914875	0.166933	0.759928	1.18172	0.162733	0.379199	1.0618	0.169497
106.351	0.85686	0.917604	0.166847	0.764685	1.18425	0.162595	0.384506	1.06312	0.169551
106.595	0.863546	0.920605	0.166765	0.77087	1.18706	0.162969	0.390741	1.06482	0.169571
106.771	0.868716	0.923009	0.167155	0.775381	1.18936	0.163047	0.395538	1.06601	0.169542
106.947	0.873762	0.925383	0.166875	0.779789	1.19146	0.162893	0.400344	1.06713	0.169613
107.135	0.878182	0.927664	0.166509	0.784026	1.19355	0.163054	0.404873	1.06849	0.169769
107.363	0.883082	0.930187	0.167153	0.788128	1.19567	0.163057	0.409184	1.06981	0.16974
107.557	0.887567	0.932373	0.167201	0.791766	1.19778	0.163137	0.413323	1.07092	0.169489
107.727	0.892979	0.935311	0.167402	0.796378	1.20013	0.163366	0.418171	1.07231	0.1694
107.892	0.897305	0.93711	0.16738	0.799878	1.20195	0.163381	0.421828	1.07326	0.169541
108.062	0.900828	0.939096	0.167371	0.803112	1.20375	0.163619	0.425556	1.07424	0.169814
108.254	0.904353	0.940856	0.167377	0.806433	1.20524	0.163737	0.428947	1.0754	0.169939
108.473	0.908001	0.942639	0.167323	0.809645	1.20688	0.163799	0.432431	1.07625	0.169851
108.636	0.911438	0.944371	0.167335	0.812305	1.20846	0.163836	0.435463	1.07689	0.169732
108.813	0.914524	0.94589	0.16738	0.815082	1.20969	0.163935	0.438471	1.07779	0.169875
109.041	0.917396	0.94733	0.167201	0.817908	1.21127	0.164	0.441285	1.07876	0.170135
109.31	0.920891	0.949203	0.167327	0.820943	1.21284	0.164139	0.444387	1.07972	0.170017
109.554	0.923873	0.950548	0.167585	0.823079	1.21399	0.164432	0.446981	1.08047	0.169989
109.776	0.926109	0.951661	0.167223	0.825456	1.21505	0.164211	0.449361	1.08118	0.170344
109.981	0.928158	0.952682	0.167283	0.827018	1.21612	0.164159	0.451319	1.08173	0.170615
110.154	0.93066	0.953904	0.167682	0.829131	1.21722	0.164728	0.453386	1.08236	0.170463
110.316	0.932761	0.95497	0.167702	0.830807	1.21811	0.164532	0.455195	1.0829	0.170086
110.481	0.934576	0.955811	0.167057	0.832332	1.21888	0.164116	0.456805	1.08336	0.170224
110.578	0.935752	0.956506	0.167118	0.833444	1.21949	0.164145	0.458249	1.0838	0.170889
110.695	0.93609	0.956682	0.167132	0.833874	1.21969	0.164205	0.458757	1.08397	0.17117
110.849	0.936206	0.956742	0.16711	0.834094	1.21978	0.164296	0.458944	1.08403	0.171247
111.064	0.938349	0.957826	0.167316	0.836075	1.22067	0.164518	0.460617	1.08461	0.17
111.226	0.939328	0.958646	0.16728	0.836577	1.22122	0.16441	0.461416	1.08472	0.17021
111.392	0.940068	0.959135	0.167486	0.837144	1.22171	0.164525	0.462194	1.08492	0.170695
111.584	0.940673	0.959403	0.167209	0.837788	1.22209	0.1643	0.462947	1.08525	0.17079
111.804	0.941064	0.95953	0.166972	0.838425	1.22227	0.164341	0.463508	1.08556	0.17056
112.003	0.941385	0.959526	0.167189	0.838902	1.22234	0.16464	0.463819	1.08574	0.170335
112.19	0.941493	0.959652	0.167136	0.839035	1.22245	0.1646	0.463959	1.08583	0.170482
112.353	0.941424	0.959757	0.167053	0.838886	1.2225	0.16442	0.463891	1.0858	0.170626
112.52	0.941192	0.959696	0.167089	0.838609	1.22245	0.164454	0.463661	1.08569	0.170592
112.71	0.94086	0.959464	0.167213	0.838239	1.22223	0.164499	0.463313	1.08553	0.170395
112.933	0.940602	0.95926	0.16734	0.837905	1.22199	0.164489	0.462902	1.08536	0.170234
113.092	0.940232	0.959054	0.167304	0.837537	1.22173	0.164557	0.462471	1.08518	0.170299
113.257	0.93986	0.958914	0.167378	0.837053	1.22153	0.164439	0.462037	1.08502	0.170411
113.451	0.939438	0.95872	0.167127	0.836709	1.22137	0.164342	0.461583	1.08489	0.170433
113.672	0.93895	0.958474	0.16714	0.836316	1.22117	0.164316	0.461061	1.08478	0.170345
113.909	0.938539	0.958246	0.167294	0.835963	1.22101	0.164418	0.460657	1.08468	0.17034
114.145	0.938085	0.958037	0.167334	0.835622	1.22086	0.164493	0.460324	1.0846	0.170383
114.381	0.937648	0.957846	0.167329	0.835206	1.2207	0.164475	0.459984	1.08451	0.170424
114.603	0.937281	0.957703	0.167346	0.834862	1.22055	0.164419	0.459658	1.08441	0.17045
114.902	0.93693	0.957498	0.167338	0.834517	1.22043	0.164494	0.459351	1.08433	0.170431
115.147	0.936559	0.957291	0.167347	0.834122	1.22025	0.164545	0.458967	1.08418	0.170377
115.391	0.936315	0.957145	0.167362	0.833856	1.22011	0.164571	0.458692	1.08407	0.170306
115.647	0.936086	0.957024	0.167394	0.83363	1.22001	0.16458	0.458416	1.08398	0.170286
115.882	0.935844	0.956929	0.167336	0.833429	1.21993	0.164519	0.458214	1.0839	0.17027
116.204	0.935736	0.95688	0.167434	0.833266	1.21986	0.16447	0.458043	1.08382	0.17023
116.451	0.935544	0.956775	0.167448	0.833158	1.21974	0.164565	0.457833	1.08375	0.170167
116.721	0.93547	0.956718	0.167468	0.833034	1.21966	0.164506	0.457728	1.08371	0.17012
117	0.9354	0.956711	0.167479	0.832962	1.21968	0.164489	0.457638	1.08369	0.170139
117.258	0.935395	0.95671	0.167488	0.832922	1.21963	0.164435	0.45761	1.08368	0.17013
117.472	0.935385	0.956702	0.167481	0.832883	1.21963	0.164422	0.457582	1.08366	0.170144
117.735	0.935306	0.95666	0.167386	0.832924	1.2196	0.164442	0.457598	1.08366	0.1701
118.002	0.935416	0.956706	0.167482	0.832923	1.21961	0.164471	0.457632	1.08368	0.170109
118.245	0.935448	0.956724	0.167445	0.832963	1.21966	0.164438	0.457703	1.08371	0.170135
118.478	0.935524	0.956778	0.167452	0.833051	1.21968	0.164457	0.457752	1.0837	0.170144
118.749	0.9356	0.956795	0.167427	0.833106	1.21976	0.164447	0.457857	1.08373	0.170174
119.006	0.93557	0.95678	0.167295	0.83316	1.21977	0.164476	0.457944	1.08379	0.170189
119.178	0.935745	0.956877	0.167438	0.833265	1.21981	0.164482	0.45803	1.08381	0.170172
119.383	0.935801	0.956895	0.167396	0.833328	1.21988	0.164489	0.458121	1.08384	0.170186
119.576	0.935817	0.956929	0.167313	0.833403	1.21992	0.164509	0.458197	1.08386	0.170249
119.782	0.935956	0.95699	0.167396	0.833443	1.21996	0.164486	0.458299	1.08389	0.170259
119.959	0.936011	0.957001	0.167362	0.833562	1.21998	0.164497	0.458363	1.08391	0.17025
120.126	0.936003	0.957017	0.167282	0.833568	1.22002	0.164514	0.458404	1.08394	0.170238
120.453	0.936076	0.957052	0.167383	0.833593	1.22002	0.16453	0.458434	1.08394	0.170248
120.735	0.936128	0.957104	0.167383	0.833646	1.22007	0.164499	0.458506	1.08395	0.170271
120.897	0.936155	0.957114	0.167387	0.833654	1.22006	0.164495	0.458489	1.08396	0.170251
121.106	0.936074	0.957081	0.167307	0.833642	1.22005	0.164522	0.458506	1.08395	0.170259
121.402	0.936139	0.957093	0.167395	0.833643	1.22003	0.164505	0.458499	1.08395	0.170248
121.65	0.93607	0.95708	0.167316	0.833612	1.22005	0.164501	0.45847	1.08393	0.170242
121.82	0.935994	0.95703	0.167251	0.833611	1.22004	0.164522	0.458442	1.08393	0.170257
121.93	0.936024	0.957056	0.167298	0.83359	1.22003	0.164487	0.458435	1.08393	0.170248
122.041	0.936003	0.957032	0.167276	0.833587	1.22002	0.164512	0.458418	1.08391	0.170247
122.15	0.935918	0.956997	0.167282	0.833509	1.21999	0.164494	0.458325	1.08389	0.170214
122.375	0.93592	0.956982	0.167328	0.833489	1.21997	0.164516	0.458297	1.08386	0.170211
122.627	0.935883	0.956952	0.167271	0.833471	1.21995	0.164481	0.458264	1.08385	0.170202
122.905	0.935927	0.956953	0.167401	0.833421	1.21992	0.164477	0.45824	1.08385	0.170197
123.162	0.935817	0.956908	0.167318	0.833404	1.21991	0.16449	0.458207	1.08384	0.170182
123.422	0.935905	0.956965	0.167406	0.833405	1.21992	0.164499	0.458191	1.08383	0.170172
123.655	0.935889	0.956935	0.167393	0.833381	1.2199	0.164486	0.458179	1.08381	0.170172
123.922	0.935891	0.956939	0.167386	0.833405	1.21992	0.164537	0.458184	1.08382	0.170186
124.186	0.935867	0.956938	0.167384	0.833413	1.21991	0.164505	0.458211	1.08384	0.170192
124.419	0.935844	0.956951	0.167395	0.833492	1.2199	0.16466	0.458199	1.08382	0.170182
124.646	0.935859	0.956942	0.167372	0.833419	1.21991	0.164503	0.458201	1.08382	0.170163
124.952	0.935804	0.956934	0.167269	0.833426	1.21991	0.164514	0.458212	1.08383	0.170164
125.175	0.93588	0.956974	0.167348	0.83345	1.21993	0.164499	0.458264	1.08383	0.170198
125.399	0.935833	0.956951	0.167279	0.833443	1.21993	0.164511	0.458247	1.08385	0.170191
125.618	0.935898	0.95699	0.167346	0.833462	1.21992	0.164496	0.458243	1.08384	0.170178
125.873	0.935849	0.956966	0.167264	0.83346	1.21992	0.164516	0.458272	1.08384	0.170205
126.137	0.935842	0.956994	0.167245	0.833453	1.21992	0.164463	0.458276	1.08384	0.170189
126.366	0.935886	0.957	0.167331	0.833468	1.21994	0.164495	0.458264	1.08384	0.170174
126.628	0.935896	0.956989	0.167323	0.83347	1.21992	0.164505	0.458272	1.08386	0.170175
126.888	0.935869	0.956983	0.167332	0.833466	1.21994	0.164534	0.458272	1.08385	0.170198
127.099	0.935874	0.956995	0.167318	0.833467	1.21993	0.164499	0.458278	1.08386	0.170202
127.322	0.935823	0.95697	0.167235	0.833455	1.21994	0.164498	0.458268	1.08386	0.170199
127.499	0.935777	0.956951	0.167182	0.833549	1.21993	0.164659	0.458248	1.08384	0.170162
127.676	0.935804	0.956956	0.167244	0.833425	1.2199	0.164509	0.458222	1.08383	0.170183
127.852	0.935868	0.956956	0.167308	0.833438	1.21992	0.164479	0.458243	1.08385	0.170162
128.056	0.93585	0.956962	0.167325	0.833438	1.21992	0.164474	0.458226	1.08383	0.170178
128.302	0.935782	0.956931	0.167234	0.833436	1.21992	0.164499	0.458211	1.08384	0.170168
128.528	0.935799	0.956941	0.167238	0.833425	1.21991	0.164494	0.458219	1.08384	0.170183
128.704	0.935832	0.956947	0.167226	0.833445	1.21992	0.164506	0.458225	1.08384	0.170159
128.913	0.935822	0.956936	0.167252	0.833425	1.21991	0.164498	0.458209	1.08383	0.170171
129.116	0.935833	0.956962	0.167258	0.833429	1.21992	0.164471	0.458234	1.08384	0.170188
129.331	0.935827	0.956921	0.167262	0.833432	1.21992	0.164488	0.45822	1.08384	0.170172
129.555	0.935908	0.956979	0.167347	0.833435	1.21992	0.16448	0.458241	1.08385	0.170171
129.788	0.935912	0.956973	0.167372	0.833417	1.21992	0.164475	0.45823	1.08384	0.170186
130.064	0.935906	0.956974	0.167367	0.833432	1.21992	0.164467	0.458223	1.08383	0.17017
130.311	0.935916	0.956967	0.167346	0.83344	1.21994	0.164451	0.458249	1.08385	0.170182
130.573	0.935926	0.956947	0.167353	0.833424	1.21992	0.164455	0.458212	1.08385	0.170173
130.789	0.935841	0.956933	0.167266	0.833425	1.21992	0.164485	0.458224	1.08386	0.170184
131.016	0.935926	0.956961	0.167352	0.833446	1.21994	0.16449	0.458218	1.08386	0.170172
131.201	0.935855	0.956936	0.167249	0.833418	1.21994	0.164454	0.458213	1.08386	0.17016
131.482	0.935918	0.956953	0.167352	0.83342	1.21993	0.164451	0.45821	1.08386	0.170193
131.737	0.935931	0.956962	0.167355	0.833427	1.21994	0.16447	0.458218	1.08385	0.170175
131.979	0.935914	0.956954	0.167331	0.833407	1.21991	0.164442	0.458198	1.08384	0.170173
132.203	0.93592	0.95697	0.16734	0.83345	1.21995	0.164469	0.458216	1.08385	0.17018
132.521	0.935923	0.956951	0.167326	0.833422	1.21993	0.164469	0.458222	1.08387	0.170192
132.808	0.935937	0.956965	0.167348	0.833426	1.21993	0.164463	0.458199	1.08385	0.17018
133.085	0.935951	0.956969	0.167376	0.833397	1.21991	0.164439	0.458222	1.08386	0.170177
133.272	0.935945	0.956967	0.167357	0.833402	1.21993	0.164431	0.45821	1.08385	0.170163
133.492	0.935943	0.956947	0.167362	0.833404	1.21992	0.164448	0.458203	1.08385	0.170169
133.706	0.935941	0.95697	0.167342	0.833424	1.21993	0.164444	0.458236	1.08386	0.170177
134.021	0.935932	0.956964	0.167343	0.833391	1.21991	0.164406	0.458216	1.08385	0.170183
134.306	0.93592	0.956964	0.167348	0.833425	1.21994	0.164439	0.458222	1.08385	0.170188
134.559	0.935933	0.95697	0.167357	0.833424	1.21995	0.164442	0.458217	1.08384	0.170192
134.743	0.935916	0.956974	0.167314	0.833412	1.21991	0.164456	0.458203	1.08385	0.170155
134.955	0.935912	0.956969	0.167356	0.833401	1.21992	0.164458	0.45822	1.08384	0.17018
135.17	0.93592	0.956967	0.16733	0.833404	1.21992	0.164444	0.458211	1.08385	0.170177
135.402	0.935896	0.956963	0.167338	0.833411	1.21993	0.164456	0.458205	1.08386	0.170183
135.601	0.935929	0.95697	0.16732	0.833411	1.21991	0.164428	0.458207	1.08385	0.170167
135.839	0.935891	0.956957	0.16732	0.833404	1.21994	0.164459	0.458202	1.08385	0.170165
136.092	0.935902	0.95696	0.167324	0.833423	1.21993	0.164415	0.458224	1.08385	0.170166
136.319	0.935909	0.956973	0.167336	0.833417	1.21992	0.16443	0.458189	1.08385	0.170155
136.494	0.935889	0.956972	0.167326	0.833415	1.21994	0.164436	0.458192	1.08383	0.170146
136.709	0.935889	0.956957	0.167339	0.833382	1.21991	0.164419	0.458211	1.08384	0.170143
136.917	0.935897	0.956961	0.167332	0.833465	1.21996	0.16449	0.458206	1.08384	0.170152
137.219	0.93589	0.956957	0.167339	0.833409	1.21994	0.164443	0.458199	1.08384	0.170155
137.419	0.935812	0.956932	0.167236	0.833405	1.21993	0.164403	0.458204	1.08382	0.170147
137.596	0.935876	0.956959	0.167347	0.833431	1.21992	0.164449	0.458208	1.08384	0.170151
137.777	0.935827	0.956961	0.167253	0.833423	1.21993	0.164419	0.458231	1.08383	0.170152
137.995	0.935874	0.956966	0.167337	0.833401	1.21992	0.164436	0.458209	1.08383	0.170144
138.255	0.935804	0.956939	0.167234	0.833404	1.2199	0.164441	0.458222	1.08384	0.170153
138.475	0.935867	0.956944	0.167318	0.833419	1.21991	0.164433	0.458211	1.08383	0.170148
138.652	0.935822	0.956927	0.16723	0.833408	1.2199	0.164421	0.4582	1.08382	0.170125
138.79	0.935872	0.956951	0.167326	0.833394	1.2199	0.164434	0.458222	1.08384	0.17015
138.967	0.935863	0.956937	0.167316	0.833417	1.21993	0.164448	0.458226	1.08382	0.170147
139.183	0.93589	0.956953	0.167339	0.833411	1.21992	0.164441	0.45821	1.08382	0.170136
139.482	0.935879	0.95696	0.167319	0.833391	1.21992	0.164443	0.458211	1.08382	0.170151
139.689	0.935871	0.956946	0.167339	0.833387	1.21989	0.164431	0.458201	1.08381	0.170141
139.88	0.935889	0.956944	0.167324	0.833426	1.2199	0.164455	0.458216	1.08383	0.170139
140.104	0.935899	0.956946	0.167352	0.833396	1.21991	0.164424	0.458223	1.08383	0.170151
140.292	0.935876	0.956953	0.167338	0.833411	1.21994	0.164444	0.458224	1.0838	0.170141
140.586	0.935881	0.956954	0.167328	0.833431	1.21991	0.164457	0.458213	1.08381	0.170136
140.818	0.935885	0.956948	0.167338	0.8334	1.21989	0.164419	0.458228	1.08383	0.17014
141.034	0.935899	0.956945	0.167339	0.833402	1.21989	0.164448	0.458214	1.08383	0.17013
141.26	0.935903	0.956952	0.167355	0.833397	1.21992	0.164438	0.458195	1.08382	0.170137
141.525	0.935827	0.956916	0.167237	0.833373	1.2199	0.164388	0.458218	1.08381	0.170108
141.677	0.935898	0.956961	0.167332	0.833406	1.21991	0.164445	0.458192	1.0838	0.170109
141.888	0.935879	0.95695	0.167307	0.83347	1.2199	0.164573	0.458198	1.0838	0.170092
142.185	0.935895	0.95697	0.167329	0.833382	1.2199	0.16441	0.458203	1.0838	0.170099
142.436	0.935909	0.956968	0.167346	0.833398	1.21989	0.164431	0.458204	1.08381	0.170106
142.744	0.9359	0.956955	0.167328	0.833397	1.2199	0.164461	0.458217	1.08381	0.170091
142.942	0.935894	0.956943	0.167324	0.833389	1.21989	0.164457	0.458208	1.08388	0.170123
143.198	0.935888	0.956963	0.167362	0.833384	1.21989	0.16446	0.458217	1.08381	0.170082
143.471	0.935862	0.956945	0.167302	0.833412	1.2199	0.16445	0.458207	1.08384	0.1701
143.801	0.935904	0.956967	0.167305	0.833397	1.21989	0.164462	0.458245	1.08383	0.170072
144.063	0.935973	0.956963	0.167313	0.833428	1.2199	0.164493	0.458251	1.08382	0.170107
144.319	0.936044	0.956968	0.167337	0.833445	1.21991	0.164499	0.45827	1.08382	0.170123
144.546	0.936078	0.956956	0.16734	0.833435	1.21987	0.164487	0.458307	1.0838	0.170138
144.798	0.936107	0.956932	0.167329	0.833435	1.21987	0.16447	0.458289	1.0838	0.170126
145.044	0.936222	0.956965	0.167329	0.833462	1.21987	0.164491	0.458265	1.08381	0.17012
145.389	0.936264	0.956956	0.167289	0.833441	1.21984	0.164485	0.458267	1.08384	0.170117
145.676	0.935951	0.956899	0.16731	0.833462	1.21986	0.164485	0.458236	1.08384	0.170048
145.944	0.936082	0.956889	0.167401	0.833428	1.21984	0.164493	0.458225	1.08386	0.170057
146.229	0.935917	0.956969	0.167263	0.833474	1.21989	0.164507	0.458227	1.08383	0.170133
146.421	0.935725	0.956956	0.167265	0.833425	1.21986	0.164489	0.458206	1.08382	0.170162
146.608	0.935561	0.956958	0.167264	0.833456	1.21986	0.1645	0.458196	1.08384	0.170127
146.876	0.935613	0.956949	0.16726	0.833435	1.21986	0.164482	0.458212	1.08384	0.170124
146.925	0.935613	0.956949	0.16726	0.833435	1.21986	0.164482	0.458212	1.08384	0.170124
146.953	0.935613	0.956949	0.16726	0.833435	1.21986	0.164482	0.458212	1.08384	0.170124
147	0.935613	0.956949	0.16726	0.833435	1.21986	0.164482	0.458212	1.08384	0.170124
147.047	0.935613	0.956949	0.16726	0.833435	1.21986	0.164482	0.458212	1.08384	0.170124
147.12	0.935613	0.956949	0.16726	0.833435	1.21986	0.164482	0.458212	1.08384	0.170124
