Time      x1      y1      z1	x2	y2	z2	x3	y3	z3	x4	y4	z4
11.529	6.89851e-310	6.89851e-310	2.122e-314	3.135e-317	1.5316e-322	6.89851e-310	0	0	0
11.597	6.89851e-310	6.89851e-310	2.122e-314	3.135e-317	1.5316e-322	6.89851e-310	0	0	0
11.686	6.89851e-310	6.89851e-310	2.122e-314	3.135e-317	1.5316e-322	6.89851e-310	0	0	0
11.74	6.89851e-310	6.89851e-310	2.122e-314	3.135e-317	1.5316e-322	6.89851e-310	0	0	0
11.801	6.89851e-310	6.89851e-310	2.122e-314	3.135e-317	1.5316e-322	6.89851e-310	0	0	0
11.863	6.89851e-310	6.89851e-310	2.122e-314	3.135e-317	1.5316e-322	6.89851e-310	0	0	0
11.967	6.89851e-310	6.89851e-310	2.122e-314	3.135e-317	1.5316e-322	6.89851e-310	0	0	0
12.029	6.89851e-310	6.89851e-310	2.122e-314	3.135e-317	1.5316e-322	6.89851e-310	0	0	0
12.261	6.89851e-310	6.89851e-310	2.122e-314	3.135e-317	1.5316e-322	6.89851e-310	0	0	0
12.321	6.89851e-310	6.89851e-310	2.122e-314	3.135e-317	1.5316e-322	6.89851e-310	0	0	0
12.384	6.89851e-310	6.89851e-310	2.122e-314	3.135e-317	1.5316e-322	6.89851e-310	0	0	0
12.447	6.89851e-310	6.89851e-310	2.122e-314	3.135e-317	1.5316e-322	6.89851e-310	0	0	0
12.533	6.89851e-310	6.89851e-310	2.122e-314	3.135e-317	1.5316e-322	6.89851e-310	0	0	0
12.595	6.89851e-310	6.89851e-310	2.122e-314	3.135e-317	1.5316e-322	6.89851e-310	0	0	0
13.677	6.89851e-310	6.89851e-310	2.122e-314	3.135e-317	1.5316e-322	6.89851e-310	0	0	0
13.913	-1.76266	0.868057	0.148415	-1.77085	1.14977	0.145552	-2.17186	1.14665	0.153472
14.152	-1.76267	0.868032	0.148414	-1.77091	1.14973	0.145612	-2.17197	1.14662	0.153762
14.38	-1.76262	0.868009	0.148379	-1.77088	1.14985	0.145705	-2.17158	1.14651	0.153044
14.664	-1.76263	0.86805	0.148375	-1.77086	1.1498	0.145613	-2.17185	1.1468	0.153752
14.898	-1.76266	0.868048	0.148394	-1.77084	1.14979	0.145568	-2.17189	1.1467	0.153472
15.117	-1.76267	0.868038	0.14841	-1.77087	1.14976	0.14563	-2.17211	1.14681	0.153949
15.4	-1.76265	0.868014	0.148382	-1.77089	1.14978	0.145661	-2.1719	1.14668	0.153569
15.633	-1.76266	0.868053	0.148369	-1.77084	1.14979	0.145579	-2.17188	1.14677	0.153701
15.865	-1.76264	0.868042	0.148393	-1.77087	1.14978	0.145597	-2.17172	1.14673	0.153264
16.082	-1.76265	0.868047	0.148406	-1.77088	1.1498	0.145661	-2.17176	1.14674	0.153438
16.234	-1.76263	0.868023	0.148382	-1.77086	1.14983	0.145649	-2.17191	1.14665	0.153718
16.442	-1.76266	0.86805	0.148411	-1.77085	1.14976	0.145549	-2.17205	1.1468	0.15383
16.67	-1.76264	0.868005	0.148366	-1.7709	1.14978	0.145681	-2.1716	1.14652	0.153021
16.874	-1.76264	0.868033	0.148392	-1.77092	1.14978	0.145676	-2.17167	1.14664	0.153382
17.083	-1.76263	0.868036	0.14836	-1.77086	1.14976	0.145581	-2.17196	1.14712	0.154079
17.314	-1.76267	0.86807	0.148424	-1.77064	1.14988	0.145428	-2.17186	1.14665	0.153413
17.516	-1.76268	0.86803	0.148423	-1.77091	1.14985	0.145721	-2.17193	1.14664	0.15353
17.737	-1.76265	0.868044	0.148412	-1.77093	1.14975	0.145668	-2.17188	1.14665	0.153518
17.974	-1.76264	0.868045	0.148381	-1.77089	1.14977	0.145553	-2.17195	1.14713	0.154071
18.268	-1.76262	0.868044	0.148364	-1.77062	1.14989	0.145407	-2.17207	1.14676	0.153802
18.472	-1.76266	0.868026	0.148408	-1.77088	1.14979	0.145654	-2.17189	1.14663	0.153526
18.669	-1.76266	0.868023	0.148408	-1.7709	1.14976	0.145655	-2.17187	1.14662	0.153453
18.903	-1.76266	0.86804	0.148413	-1.77084	1.14981	0.145586	-2.17183	1.14663	0.153395
19.175	-1.76264	0.868032	0.148392	-1.77088	1.14978	0.145614	-2.17176	1.14676	0.153467
19.492	-1.76265	0.868042	0.148397	-1.77068	1.14992	0.14554	-2.17186	1.14666	0.153575
19.747	-1.76265	0.868045	0.14838	-1.7709	1.1498	0.145655	-2.1721	1.14676	0.153841
19.976	-1.76268	0.868053	0.148403	-1.77087	1.14973	0.145562	-2.17185	1.14666	0.153515
20.226	-1.76266	0.868038	0.148401	-1.77088	1.14975	0.14562	-2.17176	1.14673	0.153458
20.472	-1.76263	0.868045	0.148401	-1.77087	1.14979	0.145619	-2.1719	1.14667	0.153513
20.776	-1.76264	0.868063	0.148398	-1.77085	1.1498	0.145604	-2.17186	1.14668	0.153458
21.109	-1.76266	0.868025	0.148397	-1.77088	1.14976	0.145619	-2.17189	1.14664	0.153524
21.351	-1.76266	0.868035	0.148402	-1.77091	1.14979	0.145669	-2.17188	1.14668	0.153574
21.591	-1.76268	0.868052	0.14841	-1.77091	1.14979	0.145623	-2.17191	1.14666	0.153465
21.858	-1.76267	0.868017	0.148386	-1.77088	1.14977	0.14561	-2.17205	1.14679	0.153815
22.149	-1.76265	0.868029	0.148374	-1.77091	1.14981	0.145689	-2.1719	1.14668	0.153528
22.427	-1.76267	0.868035	0.148407	-1.77088	1.14981	0.145652	-2.17188	1.14666	0.153476
22.76	-1.76267	0.868042	0.148392	-1.77088	1.14978	0.145567	-2.17191	1.14663	0.153435
23.059	-1.76263	0.868034	0.148382	-1.77087	1.14978	0.145588	-2.17188	1.14665	0.15349
23.357	-1.76266	0.868066	0.148441	-1.77088	1.1498	0.145668	-2.17191	1.14664	0.153553
23.656	-1.76268	0.86804	0.148426	-1.77088	1.14981	0.145626	-2.17174	1.14676	0.153382
23.93	-1.76266	0.868037	0.148391	-1.77088	1.14981	0.14566	-2.17188	1.14664	0.153431
24.181	-1.76263	0.868055	0.148346	-1.77085	1.14981	0.145586	-2.17191	1.14666	0.153497
24.397	-1.76264	0.868036	0.148388	-1.77086	1.14983	0.145634	-2.17188	1.14667	0.153558
24.648	-1.76269	0.868043	0.148439	-1.77067	1.14991	0.145469	-2.17191	1.14665	0.153517
24.975	-1.76267	0.868054	0.148422	-1.77088	1.14976	0.145556	-2.1721	1.14683	0.153899
25.208	-1.76261	0.868035	0.148342	-1.77086	1.14983	0.145649	-2.17177	1.14674	0.153421
25.559	-1.76265	0.868059	0.148378	-1.77088	1.14977	0.145619	-2.17187	1.14667	0.153552
25.803	-1.76268	0.868058	0.148441	-1.77087	1.14974	0.145564	-2.17189	1.14666	0.153497
26.069	-1.76262	0.868062	0.148373	-1.7709	1.1498	0.145664	-2.1719	1.14665	0.153491
26.402	-1.76261	0.868052	0.148358	-1.77089	1.14973	0.145602	-2.17186	1.14665	0.153522
26.68	-1.76267	0.868045	0.148415	-1.77088	1.14977	0.145621	-2.1719	1.14668	0.153563
26.951	-1.76263	0.868042	0.148377	-1.77087	1.14983	0.14566	-2.17205	1.14681	0.153844
27.264	-1.76262	0.868032	0.148374	-1.77084	1.14983	0.145661	-2.1719	1.14668	0.15355
27.538	-1.76266	0.868046	0.148392	-1.77089	1.14983	0.145689	-2.17208	1.14679	0.153926
27.858	-1.76269	0.868047	0.148448	-1.77091	1.14979	0.145647	-2.17211	1.14677	0.153908
28.095	-1.76264	0.868034	0.14838	-1.7709	1.14981	0.145692	-2.17198	1.14713	0.154119
28.268	-1.76261	0.868021	0.148347	-1.77088	1.14982	0.145661	-2.17186	1.14669	0.153538
28.54	-1.76268	0.868055	0.14842	-1.77066	1.14991	0.145505	-2.1721	1.14679	0.153883
28.81	-1.76268	0.868026	0.148406	-1.77088	1.14977	0.145614	-2.1721	1.14678	0.153895
29.144	-1.76265	0.868035	0.148407	-1.77089	1.14974	0.145605	-2.17191	1.14668	0.15357
29.466	-1.76264	0.868041	0.148387	-1.77085	1.14981	0.145621	-2.17208	1.14679	0.153861
29.781	-1.7627	0.868066	0.14845	-1.77086	1.14981	0.145624	-2.17191	1.14664	0.153444
30.013	-1.76268	0.868059	0.148417	-1.77088	1.14979	0.145648	-2.17195	1.14669	0.153601
30.29	-1.76263	0.868043	0.148385	-1.77087	1.14979	0.145589	-2.17189	1.14665	0.153474
30.596	-1.76266	0.868035	0.14838	-1.77088	1.14984	0.145648	-2.17188	1.14667	0.153448
30.842	-1.7627	0.868043	0.148446	-1.77093	1.14974	0.145622	-2.17201	1.14712	0.154157
31.111	-1.76264	0.868018	0.148387	-1.7709	1.14978	0.145631	-2.17188	1.14669	0.153545
31.392	-1.76263	0.868039	0.148384	-1.7709	1.14977	0.145632	-2.17187	1.14666	0.15349
31.652	-1.76269	0.868045	0.148415	-1.7709	1.14979	0.145627	-2.17205	1.14682	0.15388
31.987	-1.76265	0.868045	0.148399	-1.7709	1.14981	0.145646	-2.1721	1.14681	0.153898
32.312	-1.76262	0.868028	0.148382	-1.7709	1.14973	0.145594	-2.1719	1.14663	0.153472
32.665	-1.76267	0.868046	0.148367	-1.77089	1.14982	0.145663	-2.17193	1.14669	0.153543
33.002	-1.76268	0.868057	0.148395	-1.77088	1.14983	0.145657	-2.1719	1.14665	0.153437
33.299	-1.76265	0.868038	0.148403	-1.7709	1.14976	0.145583	-2.17188	1.1467	0.153519
33.534	-1.76261	0.868036	0.148329	-1.77086	1.14985	0.145656	-2.17207	1.1468	0.153884
33.81	-1.76265	0.86804	0.148365	-1.77086	1.14974	0.145543	-2.17191	1.14665	0.153485
34.09	-1.76266	0.868053	0.148403	-1.77087	1.14976	0.14558	-2.17192	1.14673	0.153764
34.312	-1.76262	0.868033	0.148338	-1.77089	1.14975	0.145601	-2.17211	1.14681	0.153902
34.6	-1.76263	0.868034	0.148325	-1.77084	1.14979	0.145581	-2.17201	1.14683	0.153847
34.843	-1.7627	0.868027	0.148426	-1.77092	1.14982	0.145699	-2.17173	1.14712	0.153982
35.16	-1.76266	0.868042	0.148393	-1.77071	1.14991	0.145555	-2.17192	1.1467	0.153571
35.496	-1.76264	0.868033	0.148361	-1.77087	1.14985	0.145697	-2.1719	1.14667	0.153482
35.711	-1.76265	0.86803	0.148386	-1.77085	1.1498	0.145575	-2.17192	1.14664	0.153452
35.876	-1.76271	0.868055	0.148438	-1.77088	1.1498	0.145601	-2.1718	1.14668	0.153433
36.1	-1.76265	0.868072	0.148432	-1.77087	1.14981	0.145656	-2.17152	1.14675	0.153289
36.314	-1.76264	0.868033	0.148355	-1.77088	1.14983	0.145654	-2.17209	1.14682	0.153875
36.61	-1.76271	0.86806	0.148427	-1.77089	1.14975	0.145624	-2.17167	1.14662	0.153279
36.902	-1.7627	0.868056	0.148441	-1.77091	1.14976	0.14568	-2.17165	1.14667	0.153184
37.161	-1.76265	0.868042	0.148371	-1.77066	1.14989	0.145486	-2.1719	1.1467	0.153574
37.476	-1.76264	0.868067	0.14836	-1.77088	1.14983	0.145638	-2.17191	1.14668	0.153481
37.767	-1.76268	0.868049	0.148388	-1.77089	1.14981	0.145629	-2.17195	1.14668	0.153738
38.009	-1.76268	0.868046	0.148385	-1.77091	1.14981	0.145685	-2.17189	1.14667	0.153541
38.252	-1.76262	0.868022	0.148319	-1.77085	1.14983	0.145607	-2.17177	1.14672	0.153402
38.556	-1.76267	0.868045	0.148372	-1.77087	1.14978	0.145537	-2.17151	1.14672	0.152929
38.861	-1.76269	0.868054	0.148434	-1.7709	1.14975	0.145601	-2.17173	1.14701	0.153694
39.102	-1.76264	0.868035	0.148373	-1.77087	1.14982	0.145633	-2.17191	1.14668	0.153552
39.432	-1.76264	0.868034	0.148358	-1.77084	1.14977	0.145598	-2.17214	1.14677	0.153868
39.682	-1.76266	0.86804	0.148382	-1.77087	1.14977	0.145557	-2.17206	1.1468	0.153872
39.952	-1.76264	0.868031	0.148381	-1.7709	1.14981	0.145667	-2.17191	1.14667	0.15357
40.242	-1.76262	0.868039	0.148359	-1.7709	1.14979	0.145673	-2.17178	1.14676	0.153416
40.516	-1.76264	0.868046	0.148373	-1.77089	1.14979	0.14561	-2.17203	1.14716	0.154146
40.793	-1.76269	0.868045	0.14842	-1.77089	1.14972	0.145562	-2.17211	1.14679	0.153914
41.142	-1.76265	0.868044	0.148397	-1.77092	1.14976	0.145705	-2.17191	1.14666	0.153553
41.401	-1.76263	0.868048	0.148371	-1.77085	1.14978	0.14555	-2.17193	1.14663	0.153503
41.654	-1.76267	0.868038	0.148409	-1.77087	1.14976	0.145581	-2.17212	1.1468	0.153907
41.959	-1.76267	0.868029	0.148412	-1.77089	1.1498	0.145709	-2.17188	1.14667	0.153551
42.196	-1.76263	0.86804	0.148379	-1.77069	1.14991	0.145542	-2.17189	1.14665	0.153499
42.474	-1.76265	0.86805	0.14838	-1.77085	1.14973	0.145529	-2.17188	1.14698	0.153868
42.781	-1.76269	0.868046	0.148424	-1.77091	1.14977	0.145647	-2.17207	1.14681	0.153885
43.041	-1.76264	0.868046	0.148406	-1.77092	1.14977	0.145663	-2.17179	1.14659	0.153451
43.303	-1.76263	0.868047	0.148387	-1.77087	1.14979	0.14556	-2.17187	1.14667	0.153474
43.528	-1.76265	0.868043	0.148424	-1.77087	1.14979	0.145586	-2.17188	1.14662	0.153419
43.683	-1.76267	0.868037	0.148405	-1.77089	1.14985	0.145703	-2.17189	1.14666	0.153555
43.92	-1.76264	0.868031	0.148381	-1.77088	1.14983	0.145732	-2.17188	1.14666	0.153514
44.124	-1.76263	0.868053	0.148362	-1.77087	1.14977	0.145576	-2.17191	1.14667	0.153507
44.303	-1.76264	0.86808	0.148392	-1.77083	1.14983	0.145566	-2.17208	1.14679	0.153877
44.535	-1.76266	0.868053	0.148423	-1.77089	1.14982	0.145663	-2.17192	1.14668	0.15358
44.776	-1.76265	0.868039	0.14838	-1.77089	1.14979	0.145617	-2.17188	1.14666	0.153491
45.018	-1.76264	0.868062	0.148394	-1.77089	1.1498	0.145624	-2.17208	1.14679	0.153847
45.228	-1.76265	0.868041	0.148412	-1.77065	1.1499	0.145422	-2.17185	1.14669	0.153446
45.407	-1.76266	0.868016	0.148381	-1.77092	1.14976	0.145664	-2.17189	1.14665	0.153498
45.62	-1.76268	0.868036	0.148412	-1.77089	1.14981	0.145655	-2.17186	1.14667	0.153497
45.793	-1.76268	0.868036	0.148413	-1.77089	1.14985	0.14565	-2.17185	1.14668	0.153429
46.025	-1.76264	0.868023	0.148394	-1.7709	1.1498	0.145658	-2.17194	1.14669	0.153536
46.239	-1.76266	0.868012	0.1484	-1.77092	1.14979	0.145701	-2.17191	1.14666	0.15348
46.49	-1.76267	0.868054	0.148395	-1.77089	1.14977	0.145548	-2.17209	1.14679	0.153906
46.78	-1.76268	0.868075	0.14842	-1.77086	1.14982	0.14557	-2.17209	1.14682	0.153852
47.02	-1.76267	0.868037	0.148415	-1.77092	1.14976	0.145625	-2.17192	1.14665	0.153543
47.321	-1.76267	0.868055	0.148428	-1.7709	1.14977	0.145626	-2.1721	1.14677	0.153807
47.603	-1.76266	0.868051	0.148374	-1.77085	1.14977	0.145532	-2.17187	1.14667	0.15342
47.864	-1.76266	0.868045	0.148407	-1.77089	1.1498	0.145687	-2.17192	1.14665	0.15352
48.119	-1.76266	0.868064	0.14842	-1.77068	1.14989	0.145497	-2.1719	1.1467	0.153567
48.338	-1.76267	0.868042	0.14842	-1.77085	1.14984	0.145602	-2.17209	1.1468	0.153889
48.513	-1.76265	0.868035	0.148376	-1.77087	1.14975	0.145512	-2.17169	1.14673	0.153279
48.688	-1.76266	0.868034	0.14841	-1.77093	1.14978	0.145698	-2.17191	1.14667	0.15355
48.928	-1.76268	0.868032	0.148404	-1.77091	1.14983	0.145711	-2.17189	1.14668	0.153527
49.153	-1.76265	0.86805	0.148384	-1.77085	1.14976	0.145495	-2.17175	1.14664	0.153324
49.335	-1.76263	0.868048	0.148363	-1.77063	1.14983	0.145351	-2.17172	1.14673	0.153261
49.559	-1.76266	0.868037	0.148391	-1.77088	1.14983	0.145649	-2.17191	1.14669	0.153581
49.82	-1.76269	0.868056	0.148432	-1.77091	1.14975	0.145623	-2.1721	1.14677	0.1539
50.003	-1.76267	0.868062	0.148351	-1.77085	1.1498	0.145507	-2.17187	1.14671	0.153381
50.228	-1.76263	0.868033	0.148346	-1.7709	1.14977	0.145594	-2.17205	1.1468	0.153902
50.397	-1.7627	0.868053	0.148451	-1.77092	1.14975	0.145625	-2.17177	1.14674	0.153421
50.597	-1.76267	0.868035	0.14842	-1.77087	1.14975	0.145523	-2.17191	1.14667	0.153496
50.814	-1.76264	0.868075	0.148369	-1.77084	1.14984	0.145538	-2.1719	1.14666	0.153444
51.103	-1.76265	0.868051	0.1484	-1.77088	1.14981	0.145654	-2.17193	1.14667	0.153607
51.333	-1.76267	0.868054	0.148415	-1.77089	1.14976	0.145593	-2.17212	1.14682	0.153959
51.582	-1.76265	0.868057	0.148354	-1.77085	1.14979	0.145532	-2.17185	1.14666	0.153413
51.815	-1.76264	0.868058	0.148354	-1.77085	1.14988	0.145659	-2.17171	1.14657	0.153337
52.058	-1.76267	0.86807	0.148439	-1.77092	1.14978	0.145687	-2.17189	1.14669	0.153574
52.348	-1.76268	0.868067	0.148419	-1.77091	1.1498	0.145684	-2.17193	1.14667	0.153508
52.603	-1.76264	0.868067	0.148384	-1.77085	1.14982	0.145626	-2.1715	1.14677	0.152962
52.838	-1.76262	0.868059	0.148355	-1.7709	1.14976	0.145643	-2.1721	1.14683	0.15387
53.095	-1.76266	0.868066	0.148416	-1.77071	1.14992	0.145538	-2.17198	1.14715	0.15417
53.352	-1.76266	0.868072	0.148383	-1.77089	1.14977	0.145573	-2.17188	1.14669	0.153464
53.623	-1.76263	0.868055	0.148354	-1.77083	1.14982	0.145602	-2.17188	1.14667	0.153478
53.903	-1.76263	0.868057	0.148369	-1.77067	1.14988	0.145468	-2.17209	1.14682	0.153921
54.16	-1.76267	0.86804	0.1484	-1.77091	1.14976	0.145629	-2.17194	1.14665	0.153522
54.419	-1.76263	0.868076	0.148364	-1.77085	1.14979	0.145561	-2.17173	1.14675	0.153294
54.678	-1.76263	0.868071	0.148392	-1.77089	1.14981	0.145666	-2.1721	1.14684	0.153923
54.915	-1.76264	0.868081	0.148401	-1.77088	1.14981	0.145621	-2.1721	1.1469	0.153959
55.166	-1.76265	0.868093	0.148424	-1.77089	1.1498	0.145637	-2.17191	1.14672	0.153554
55.399	-1.76261	0.868035	0.148345	-1.77083	1.14981	0.145585	-2.17205	1.14686	0.153899
55.687	-1.76271	0.868039	0.148556	-1.77087	1.14977	0.145745	-2.17179	1.14676	0.15339
55.892	-1.76223	0.868083	0.149141	-1.77042	1.14977	0.146236	-2.17135	1.1468	0.153076
56.099	-1.76072	0.868168	0.149308	-1.76865	1.14992	0.14624	-2.17	1.14678	0.152389
56.37	-1.75865	0.867958	0.148715	-1.76665	1.14985	0.145679	-2.16801	1.14708	0.15327
56.616	-1.7569	0.867678	0.148938	-1.76461	1.14959	0.145575	-2.16562	1.1466	0.152892
56.852	-1.75446	0.867102	0.149214	-1.76198	1.14894	0.145744	-2.16288	1.14661	0.153165
57.085	-1.75237	0.866035	0.148829	-1.75888	1.1479	0.145456	-2.15928	1.14698	0.153443
57.237	-1.74982	0.864288	0.149164	-1.75507	1.14613	0.145901	-2.15475	1.14716	0.152359
57.44	-1.74754	0.862891	0.15014	-1.7516	1.14468	0.146159	-2.152	1.14756	0.153111
57.708	-1.74463	0.860714	0.1496	-1.74727	1.14306	0.146031	-2.14667	1.1477	0.15306
57.916	-1.74148	0.858574	0.149391	-1.74347	1.1414	0.146786	-2.1422	1.14753	0.153333
58.15	-1.73687	0.856556	0.150367	-1.73941	1.13946	0.147422	-2.13801	1.14777	0.154084
58.464	-1.73463	0.854917	0.150517	-1.73421	1.13708	0.146672	-2.13271	1.14739	0.153387
58.735	-1.73042	0.851579	0.150691	-1.72728	1.1336	0.146122	-2.1265	1.14701	0.152995
58.982	-1.72643	0.848699	0.150759	-1.72144	1.13053	0.145678	-2.12131	1.14727	0.153783
59.252	-1.72296	0.846052	0.151383	-1.71591	1.12796	0.146441	-2.1146	1.1474	0.15357
59.505	-1.71879	0.843046	0.151542	-1.70917	1.12455	0.145296	-2.10859	1.14703	0.153867
59.774	-1.71302	0.838577	0.150719	-1.70174	1.12048	0.146213	-2.10002	1.1465	0.153297
59.974	-1.70889	0.835018	0.15074	-1.69495	1.11685	0.146475	-2.09319	1.14614	0.153465
60.132	-1.70465	0.831524	0.151504	-1.68792	1.11276	0.145978	-2.0862	1.14547	0.153822
60.283	-1.70006	0.827762	0.151598	-1.68071	1.10906	0.146237	-2.0788	1.14496	0.153716
60.514	-1.69488	0.823892	0.151277	-1.6734	1.10488	0.14605	-2.07112	1.14476	0.153736
60.743	-1.69008	0.81944	0.151445	-1.66554	1.10022	0.146022	-2.06304	1.1443	0.15354
60.962	-1.68485	0.815677	0.152035	-1.65763	1.09629	0.145745	-2.0549	1.14342	0.153407
61.163	-1.6796	0.811384	0.151999	-1.65036	1.09184	0.14695	-2.04622	1.143	0.153091
61.424	-1.67426	0.806688	0.15135	-1.64212	1.08683	0.146505	-2.03768	1.14264	0.153758
61.672	-1.66765	0.800839	0.15173	-1.63126	1.08039	0.146064	-2.02669	1.14209	0.154604
61.94	-1.66246	0.796257	0.152036	-1.6225	1.07528	0.145805	-2.01705	1.14054	0.152983
62.162	-1.65684	0.790803	0.151884	-1.61414	1.06948	0.14567	-2.00794	1.13982	0.153755
62.376	-1.65127	0.785813	0.152037	-1.60592	1.0642	0.147222	-1.99844	1.13802	0.153253
62.635	-1.64558	0.780683	0.151833	-1.59706	1.05842	0.146825	-1.9885	1.13656	0.153068
62.884	-1.63778	0.773954	0.15079	-1.58558	1.05077	0.146301	-1.97591	1.1346	0.152821
63.154	-1.63132	0.769127	0.150961	-1.57666	1.04575	0.146746	-1.96615	1.13304	0.153562
63.428	-1.62467	0.764327	0.150743	-1.56642	1.04047	0.145998	-1.95607	1.13117	0.153717
63.714	-1.6172	0.759994	0.150953	-1.55741	1.03538	0.146952	-1.946	1.12917	0.15391
63.835	-1.60998	0.755668	0.151054	-1.54821	1.03073	0.14749	-1.93592	1.1267	0.153087
64.194	-1.60816	0.754709	0.151165	-1.54592	1.02983	0.147925	-1.93312	1.1265	0.153028
64.443	-1.59092	0.74682	0.151526	-1.52607	1.02139	0.147491	-1.91321	1.12165	0.152698
64.756	-1.5819	0.743798	0.15167	-1.51663	1.01803	0.147578	-1.90293	1.11915	0.152637
64.985	-1.57181	0.740515	0.151193	-1.50649	1.01488	0.147673	-1.89322	1.11662	0.153024
65.238	-1.56127	0.73857	0.150744	-1.49626	1.01279	0.147971	-1.88307	1.1136	0.153338
65.526	-1.5505	0.735747	0.150637	-1.48609	1.01104	0.148356	-1.87369	1.11069	0.154375
65.732	-1.53683	0.733899	0.151159	-1.47311	1.00884	0.148724	-1.86094	1.10738	0.153841
65.884	-1.52511	0.732532	0.150951	-1.46268	1.00779	0.148718	-1.8507	1.10445	0.153411
66.062	-1.51348	0.731677	0.151076	-1.45228	1.00717	0.14929	-1.84049	1.10181	0.153205
66.298	-1.50105	0.731056	0.151069	-1.44185	1.00701	0.149816	-1.83077	1.09932	0.154597
66.557	-1.48812	0.730798	0.150991	-1.43162	1.00744	0.150659	-1.82061	1.09634	0.154888
66.796	-1.47492	0.731192	0.151142	-1.42076	1.00801	0.150983	-1.81068	1.0939	0.154823
66.981	-1.45823	0.732132	0.1511	-1.40655	1.00932	0.150099	-1.79844	1.0904	0.154207
67.197	-1.44458	0.733171	0.151632	-1.39605	1.01139	0.151048	-1.78894	1.08851	0.155333
67.462	-1.42997	0.735082	0.151022	-1.38557	1.01367	0.151118	-1.77884	1.08563	0.155522
67.786	-1.41587	0.737098	0.150937	-1.37448	1.01631	0.151322	-1.76885	1.08303	0.156238
68.056	-1.40161	0.739566	0.150337	-1.36385	1.01929	0.151555	-1.75931	1.08049	0.157005
68.415	-1.38749	0.741501	0.150275	-1.35376	1.02271	0.152582	-1.74968	1.07824	0.156608
68.645	-1.36937	0.746077	0.150851	-1.33992	1.0277	0.151631	-1.73737	1.07648	0.156192
68.983	-1.3575	0.749505	0.151572	-1.33166	1.03085	0.151421	-1.72999	1.07524	0.156766
69.269	-1.33801	0.754861	0.151264	-1.3182	1.03655	0.151365	-1.71699	1.0731	0.157285
69.544	-1.32283	0.759399	0.151682	-1.30749	1.04134	0.151749	-1.70666	1.07178	0.157924
69.76	-1.30801	0.764385	0.151697	-1.29673	1.04627	0.151205	-1.69595	1.071	0.157963
69.946	-1.29243	0.769152	0.151518	-1.286	1.05106	0.150402	-1.68582	1.07025	0.158044
70.106	-1.27366	0.775626	0.151747	-1.27191	1.05768	0.150865	-1.67173	1.06924	0.157425
70.288	-1.25842	0.78105	0.151592	-1.26084	1.06322	0.150795	-1.66154	1.06869	0.158466
70.532	-1.24311	0.786824	0.151452	-1.25035	1.06867	0.151245	-1.65069	1.06789	0.158587
70.794	-1.228	0.792817	0.152174	-1.24006	1.07459	0.151905	-1.63964	1.06741	0.158164
71.033	-1.21287	0.79937	0.152786	-1.22938	1.08086	0.153036	-1.6283	1.06682	0.157143
71.326	-1.19775	0.80612	0.153059	-1.21899	1.0875	0.152557	-1.61801	1.06671	0.157327
71.532	-1.17827	0.815035	0.153005	-1.20569	1.09599	0.15219	-1.60353	1.06654	0.156981
71.74	-1.1628	0.822129	0.152931	-1.19497	1.10258	0.152351	-1.59287	1.06679	0.157339
71.993	-1.14768	0.828913	0.152785	-1.18333	1.10871	0.15152	-1.58037	1.06696	0.157316
72.242	-1.13249	0.835416	0.153033	-1.17184	1.11479	0.151307	-1.56872	1.06754	0.157044
72.448	-1.11745	0.842256	0.154045	-1.16027	1.12065	0.151304	-1.55649	1.06862	0.156967
72.633	-1.10236	0.847949	0.153842	-1.14887	1.12609	0.151821	-1.54405	1.06974	0.156628
72.871	-1.08711	0.853462	0.153873	-1.13611	1.13113	0.151063	-1.53132	1.07087	0.157029
73.055	-1.06853	0.859487	0.153314	-1.11986	1.13664	0.150604	-1.51422	1.07303	0.157428
73.222	-1.05374	0.86333	0.152821	-1.10643	1.14059	0.150532	-1.50038	1.07475	0.157514
73.462	-1.04239	0.866283	0.153175	-1.09619	1.1432	0.150534	-1.48998	1.07626	0.15782
73.702	-1.02457	0.870085	0.154574	-1.07831	1.1469	0.150665	-1.47217	1.07877	0.157714
73.967	-1.00964	0.872175	0.154258	-1.06375	1.14905	0.151061	-1.45766	1.08094	0.157662
74.198	-0.991584	0.87429	0.154426	-1.04533	1.15118	0.151166	-1.43917	1.08395	0.15794
74.455	-0.976898	0.875129	0.154528	-1.03014	1.15221	0.151452	-1.42342	1.08622	0.157987
74.707	-0.962477	0.875404	0.154851	-1.01481	1.1531	0.152296	-1.40776	1.08869	0.158237
74.957	-0.947518	0.874938	0.154382	-0.998497	1.15274	0.151614	-1.39245	1.09166	0.158839
75.124	-0.933726	0.873788	0.154371	-0.981654	1.15214	0.15114	-1.37584	1.09404	0.158062
75.307	-0.926357	0.872811	0.154229	-0.97329	1.15143	0.150791	-1.36764	1.09539	0.157885
75.586	-0.906964	0.86973	0.155478	-0.948158	1.14881	0.151629	-1.34367	1.1001	0.159965
75.696	-0.889482	0.865716	0.155215	-0.926226	1.14548	0.150759	-1.32206	1.1027	0.158709
75.797	-0.886126	0.864945	0.155158	-0.921821	1.14465	0.150631	-1.31794	1.1034	0.158746
75.989	-0.862595	0.857208	0.15617	-0.890567	1.13804	0.151015	-1.28745	1.1078	0.158321
76.249	-0.849439	0.852085	0.156983	-0.872742	1.13317	0.151585	-1.26971	1.10938	0.157633
76.537	-0.836187	0.846686	0.156967	-0.854563	1.12821	0.151396	-1.25252	1.11129	0.157549
76.751	-0.819865	0.838848	0.156884	-0.831676	1.12091	0.151228	-1.2297	1.11261	0.157645
76.963	-0.807244	0.832057	0.156984	-0.813594	1.11421	0.151467	-1.21133	1.11374	0.158131
77.199	-0.79451	0.825025	0.157164	-0.795706	1.10714	0.151247	-1.19304	1.11433	0.158298
77.409	-0.782077	0.817617	0.156868	-0.777598	1.0999	0.150721	-1.17492	1.11466	0.157778
77.634	-0.769052	0.810021	0.156445	-0.759479	1.09215	0.150178	-1.1568	1.11482	0.157936
77.904	-0.7567	0.802204	0.156896	-0.741706	1.08404	0.150767	-1.1384	1.11432	0.158318
78.225	-0.744695	0.793897	0.157296	-0.723907	1.07544	0.150959	-1.11995	1.11373	0.158687
78.453	-0.729919	0.78307	0.156985	-0.701901	1.06372	0.150883	-1.09699	1.11176	0.158727
78.715	-0.720776	0.775977	0.155967	-0.688756	1.05659	0.151061	-1.08276	1.11019	0.15814
78.979	-0.706159	0.764433	0.155989	-0.667071	1.04388	0.151512	-1.05963	1.10778	0.159066
79.28	-0.694766	0.754856	0.155826	-0.649817	1.03357	0.151695	-1.04139	1.10536	0.15998
79.595	-0.68298	0.745029	0.155562	-0.632922	1.02285	0.151677	-1.02209	1.1025	0.159354
79.867	-0.668974	0.733143	0.15591	-0.611702	1.00964	0.151843	-0.999326	1.09921	0.159472
80.098	-0.657709	0.723247	0.155741	-0.594917	0.998794	0.152116	-0.981131	1.09543	0.158774
80.383	-0.64625	0.714203	0.156251	-0.578347	0.988187	0.152044	-0.963253	1.0921	0.159206
80.654	-0.633906	0.704771	0.155594	-0.561819	0.977391	0.151497	-0.944866	1.08799	0.15896
81.009	-0.621693	0.695601	0.155827	-0.545531	0.967385	0.152196	-0.927278	1.08387	0.160239
81.242	-0.606159	0.68443	0.155681	-0.525179	0.955006	0.152411	-0.904819	1.0781	0.160453
81.545	-0.592931	0.676262	0.154984	-0.508804	0.945594	0.151806	-0.887276	1.07318	0.159865
81.821	-0.579516	0.668115	0.154625	-0.492536	0.936473	0.151728	-0.869307	1.06835	0.160284
82.058	-0.565606	0.660722	0.154815	-0.476468	0.928799	0.152219	-0.852333	1.06316	0.16049
82.313	-0.550731	0.653622	0.154315	-0.460177	0.92125	0.151892	-0.835699	1.05785	0.161236
82.611	-0.535848	0.647326	0.154218	-0.444263	0.914092	0.151738	-0.818781	1.05234	0.160824
82.878	-0.516192	0.639794	0.15471	-0.424281	0.906834	0.152327	-0.79861	1.04544	0.159982
83.111	-0.499986	0.634589	0.155469	-0.408599	0.901614	0.153002	-0.783288	1.03951	0.15985
83.407	-0.483109	0.629538	0.1553	-0.392769	0.897298	0.153608	-0.767813	1.03359	0.160361
83.693	-0.465499	0.624901	0.154622	-0.376736	0.892635	0.154033	-0.752719	1.02722	0.16094
83.958	-0.44809	0.620655	0.154287	-0.360912	0.889177	0.154714	-0.737412	1.02145	0.161676
84.177	-0.430184	0.616993	0.154247	-0.34483	0.886001	0.155121	-0.72237	1.01549	0.161913
84.464	-0.411824	0.614182	0.154806	-0.328943	0.883749	0.15571	-0.707646	1.01017	0.162148
84.773	-0.393137	0.611926	0.154988	-0.313108	0.882487	0.156403	-0.693602	1.00432	0.16199
85.001	-0.369304	0.609749	0.154699	-0.293117	0.881584	0.156283	-0.675687	0.997985	0.162244
85.275	-0.349948	0.608828	0.154322	-0.277363	0.881892	0.156441	-0.661044	0.992945	0.162546
85.488	-0.330225	0.608485	0.154716	-0.261317	0.882539	0.156389	-0.64661	0.988147	0.162766
85.713	-0.310141	0.609213	0.155324	-0.245671	0.884017	0.156368	-0.632093	0.984199	0.162752
86.026	-0.28995	0.610137	0.155289	-0.229914	0.886306	0.156581	-0.618467	0.979595	0.162176
86.276	-0.264595	0.61241	0.15577	-0.210485	0.890008	0.156894	-0.600925	0.974562	0.161753
86.567	-0.243705	0.615517	0.156426	-0.195119	0.8937	0.156855	-0.587091	0.97072	0.161975
86.839	-0.222962	0.618247	0.156123	-0.179958	0.897361	0.156874	-0.573472	0.967004	0.162434
87.076	-0.202186	0.621999	0.15596	-0.164749	0.901546	0.15646	-0.559445	0.963516	0.162902
87.402	-0.181587	0.625826	0.155493	-0.149507	0.906349	0.156223	-0.545219	0.960476	0.163485
87.672	-0.156283	0.630783	0.155888	-0.130931	0.912332	0.157028	-0.52758	0.957202	0.163925
87.949	-0.136321	0.63571	0.156839	-0.116392	0.917485	0.158168	-0.513782	0.953961	0.163239
88.22	-0.115422	0.641356	0.157617	-0.101917	0.923182	0.15844	-0.500462	0.951542	0.162723
88.526	-0.0954234	0.646852	0.157713	-0.0874075	0.929457	0.158026	-0.486217	0.949407	0.162206
88.789	-0.0749777	0.652888	0.157148	-0.0729859	0.935704	0.157921	-0.4724	0.947244	0.162341
88.989	-0.0548037	0.659739	0.15743	-0.0587865	0.942051	0.158165	-0.458137	0.94532	0.163562
89.298	-0.0345193	0.666413	0.157446	-0.0445806	0.9486	0.158335	-0.444097	0.943504	0.164347
89.59	-0.00987605	0.675494	0.157301	-0.0270684	0.956998	0.158406	-0.425929	0.941917	0.16388
89.849	0.00946308	0.682727	0.157573	-0.0130535	0.963983	0.158728	-0.411725	0.940946	0.163507
90.127	0.0289558	0.690007	0.158216	0.000920273	0.970973	0.158984	-0.397287	0.940614	0.163451
90.37	0.0480445	0.69755	0.159141	0.0150268	0.977805	0.159258	-0.382667	0.940426	0.163637
90.577	0.0666689	0.704665	0.15972	0.0295475	0.984522	0.159478	-0.367419	0.940625	0.16379
90.805	0.0852726	0.71137	0.160069	0.0442292	0.990529	0.159395	-0.351883	0.941473	0.164309
91.121	0.10413	0.717115	0.160149	0.0594951	0.995854	0.159544	-0.336076	0.942353	0.164028
91.37	0.126498	0.723731	0.16039	0.0788149	1.002	0.159583	-0.316118	0.944158	0.164258
91.635	0.144619	0.728125	0.160221	0.0952853	1.00636	0.15902	-0.299262	0.94617	0.164083
91.871	0.162445	0.731988	0.160179	0.112268	1.00981	0.158175	-0.281814	0.94811	0.164194
92.076	0.179906	0.735069	0.160201	0.129912	1.01252	0.157505	-0.264443	0.951047	0.165152
92.325	0.197348	0.736989	0.160516	0.14796	1.01496	0.157528	-0.246718	0.954255	0.165298
92.64	0.214318	0.738585	0.161627	0.165832	1.0168	0.158234	-0.229034	0.957352	0.164448
92.9	0.235267	0.73984	0.163219	0.188495	1.018	0.15912	-0.206788	0.961217	0.163709
93.077	0.252005	0.740034	0.163522	0.207194	1.01825	0.158829	-0.188551	0.964053	0.163451
93.255	0.269251	0.739414	0.163346	0.226068	1.01823	0.158482	-0.169872	0.966615	0.163816
93.454	0.285798	0.737747	0.163122	0.24551	1.017	0.158775	-0.150902	0.969089	0.16478
93.782	0.306389	0.735204	0.163457	0.269917	1.01467	0.158741	-0.127178	0.972198	0.1654
93.989	0.322809	0.732179	0.16345	0.289503	1.01233	0.158588	-0.108046	0.974353	0.164876
94.223	0.338675	0.728252	0.163964	0.309325	1.00892	0.158659	-0.0888512	0.976557	0.164056
94.48	0.354371	0.723581	0.164112	0.329226	1.00461	0.158784	-0.0692712	0.978277	0.16366
94.692	0.370124	0.718477	0.163986	0.349442	0.999997	0.158685	-0.0495649	0.979515	0.164291
94.886	0.38559	0.712418	0.163574	0.369617	0.994286	0.159053	-0.0294577	0.980912	0.165242
95.195	0.400639	0.705865	0.163282	0.389817	0.98794	0.159643	-0.00950204	0.98156	0.165923
95.423	0.419031	0.696939	0.164293	0.414928	0.979021	0.160236	0.0155744	0.982502	0.166036
95.684	0.433358	0.689392	0.164911	0.434946	0.971514	0.160664	0.0357975	0.983057	0.165624
95.909	0.447601	0.681364	0.164768	0.4549	0.963534	0.160536	0.0560274	0.982906	0.165605
96.077	0.461609	0.672953	0.164369	0.475027	0.954769	0.160358	0.0766825	0.982623	0.165633
96.25	0.475455	0.66433	0.164692	0.494838	0.94587	0.160883	0.0973192	0.982284	0.166615
96.504	0.488889	0.655632	0.164804	0.514429	0.936435	0.160716	0.117814	0.981431	0.166884
96.797	0.502379	0.646165	0.164777	0.534027	0.926615	0.160751	0.138492	0.9804	0.166586
97.01	0.518606	0.63419	0.165407	0.558044	0.913695	0.161348	0.163834	0.978539	0.166427
97.217	0.531394	0.624678	0.165109	0.577005	0.903028	0.160616	0.184668	0.976488	0.166412
97.447	0.544627	0.614493	0.165008	0.595991	0.892179	0.159936	0.205593	0.973786	0.166652
97.65	0.557032	0.60449	0.165125	0.614603	0.880775	0.160363	0.226015	0.971133	0.167218
97.971	0.569323	0.594288	0.165647	0.632732	0.869247	0.160608	0.246138	0.967877	0.167423
98.216	0.584914	0.58137	0.165628	0.65522	0.854676	0.161008	0.270674	0.962783	0.166559
98.476	0.597598	0.571147	0.165649	0.672753	0.84316	0.161197	0.290587	0.958184	0.166204
98.705	0.610762	0.561173	0.165465	0.690062	0.832121	0.161419	0.309837	0.95288	0.16659
98.893	0.624407	0.551769	0.165229	0.707442	0.821365	0.161737	0.328862	0.947124	0.167524
99.155	0.634996	0.544563	0.164658	0.720272	0.813647	0.161919	0.342901	0.942282	0.167893
99.445	0.653208	0.533491	0.164167	0.741572	0.80127	0.162353	0.36553	0.934917	0.16862
99.678	0.672102	0.523375	0.1642	0.762801	0.790595	0.1633	0.387562	0.927439	0.169308
99.967	0.687698	0.515861	0.163606	0.779702	0.782564	0.162855	0.405028	0.92094	0.169486
100.216	0.703648	0.508467	0.162385	0.796344	0.775036	0.162603	0.42204	0.91458	0.17019
100.474	0.719823	0.50179	0.162294	0.812925	0.767948	0.162611	0.439186	0.908244	0.171028
100.722	0.735535	0.495163	0.162314	0.829433	0.761121	0.162764	0.456082	0.902101	0.171385
101.052	0.750597	0.48881	0.162503	0.84485	0.754638	0.163111	0.471916	0.896535	0.171227
101.19	0.769529	0.48188	0.164218	0.864163	0.747563	0.163027	0.491153	0.889745	0.170291
101.302	0.777235	0.479224	0.165061	0.871719	0.744688	0.163458	0.498863	0.887097	0.170026
101.537	0.792375	0.473115	0.165268	0.887543	0.738912	0.164159	0.514373	0.881636	0.169365
101.665	0.81142	0.46645	0.164896	0.906215	0.732254	0.163596	0.533174	0.874426	0.169724
101.839	0.822987	0.46234	0.164798	0.906215	0.732254	0.163596	0.544607	0.870115	0.170194
102.083	0.844791	0.454029	0.164776	0.938793	0.718809	0.162489	0.566824	0.861932	0.170854
102.289	0.856156	0.450072	0.164744	0.950074	0.714874	0.162501	0.577666	0.857983	0.170641
102.523	0.876762	0.44108	0.163803	0.971428	0.706459	0.161673	0.59942	0.850219	0.170158
102.781	0.891026	0.436244	0.164829	0.985593	0.70205	0.162155	0.613692	0.845259	0.170471
102.977	0.905204	0.430894	0.165449	0.999953	0.696796	0.162128	0.62776	0.840184	0.170501
103.206	0.918866	0.426097	0.16528	1.01303	0.691477	0.161636	0.641568	0.835261	0.17029
103.491	0.932932	0.421243	0.165635	1.02663	0.686516	0.162332	0.654948	0.830195	0.169729
103.751	0.949502	0.415182	0.166225	1.04308	0.680628	0.163503	0.670939	0.823603	0.169627
103.98	0.963046	0.410238	0.166256	1.05656	0.676934	0.164536	0.683721	0.818146	0.170091
104.214	0.976521	0.405525	0.165764	1.0694	0.672278	0.164368	0.696369	0.812664	0.170746
104.412	0.989687	0.400715	0.165662	1.08216	0.667274	0.164622	0.708951	0.807473	0.171002
104.597	1.00281	0.396143	0.166454	1.09467	0.662752	0.164822	0.721255	0.802425	0.171405
104.863	1.01553	0.391797	0.166312	1.10702	0.658273	0.164789	0.733489	0.797534	0.17166
105.117	1.03133	0.386491	0.165749	1.1222	0.652728	0.164361	0.748669	0.791661	0.1715
105.377	1.04417	0.382139	0.165743	1.13473	0.648962	0.164424	0.76076	0.787041	0.171779
105.615	1.05629	0.378054	0.165517	1.14703	0.645712	0.164465	0.772698	0.782562	0.172511
105.85	1.06847	0.373909	0.16503	1.15824	0.641166	0.16396	0.78424	0.777839	0.1726
106.138	1.08045	0.369786	0.164971	1.1714	0.639028	0.165889	0.795924	0.77372	0.173088
106.489	1.09202	0.365974	0.165769	1.182	0.633349	0.164742	0.807227	0.769698	0.172826
106.746	1.10654	0.361359	0.166013	1.196	0.629297	0.165272	0.821345	0.765005	0.172344
107.008	1.11777	0.358103	0.166276	1.2068	0.625433	0.164536	0.832087	0.760697	0.172458
107.243	1.12943	0.354354	0.166704	1.21743	0.621791	0.164818	0.84299	0.756897	0.172509
107.486	1.13992	0.350719	0.166647	1.22863	0.619132	0.165466	0.853576	0.753181	0.172993
107.746	1.15099	0.347309	0.167458	1.239	0.615147	0.165818	0.864009	0.749362	0.172833
107.988	1.16086	0.343997	0.167397	1.24962	0.612315	0.165549	0.874338	0.746034	0.17273
108.195	1.17185	0.340637	0.167762	1.25945	0.608623	0.165721	0.883981	0.741916	0.172211
108.439	1.18445	0.336627	0.167795	1.27189	0.605436	0.165374	0.896942	0.738144	0.172241
108.69	1.19498	0.33401	0.167924	1.28157	0.601679	0.164955	0.906564	0.734547	0.172696
108.887	1.20414	0.330316	0.167505	1.29139	0.59851	0.165497	0.915504	0.730583	0.172509
109.098	1.21405	0.32626	0.166495	1.30089	0.595507	0.165345	0.925285	0.727316	0.172728
109.297	1.22342	0.32385	0.167524	1.31032	0.593159	0.165801	0.93483	0.724192	0.172564
109.533	1.23547	0.320628	0.167938	1.32189	0.589614	0.165661	0.946181	0.720823	0.17285
109.762	1.24397	0.318102	0.167843	1.33113	0.587201	0.165321	0.955279	0.71787	0.172712
110	1.25337	0.316023	0.168386	1.33943	0.584075	0.164784	0.964106	0.714908	0.172672
110.248	1.26184	0.31317	0.168275	1.34866	0.582531	0.165503	0.971725	0.711156	0.171938
110.477	1.27125	0.310751	0.16895	1.35645	0.580175	0.165408	0.980266	0.708877	0.17198
110.679	1.27963	0.30832	0.168824	1.36566	0.578862	0.166879	0.987863	0.705348	0.171722
110.915	1.28963	0.305101	0.169142	1.37449	0.574684	0.165631	0.998436	0.702141	0.17144
111.14	1.29809	0.303145	0.16923	1.38255	0.571872	0.165549	1.005	0.698934	0.17172
111.395	1.30588	0.300159	0.169495	1.39023	0.569149	0.165939	1.01296	0.695998	0.171673
111.65	1.31311	0.297761	0.168923	1.39944	0.568512	0.168404	1.0202	0.693321	0.171456
111.884	1.32097	0.295567	0.169488	1.40545	0.565704	0.167148	1.02764	0.690304	0.171723
112.18	1.32843	0.293124	0.169193	1.4122	0.562668	0.166606	1.03457	0.688296	0.171895
112.474	1.33647	0.290898	0.168859	1.41962	0.561079	0.166974	1.04075	0.685707	0.172509
112.692	1.34516	0.288541	0.169136	1.42783	0.558572	0.167379	1.0496	0.682863	0.172492
112.919	1.35195	0.286448	0.169495	1.43399	0.555968	0.167254	1.05565	0.680603	0.172499
113.198	1.35851	0.284505	0.169609	1.44016	0.553947	0.166945	1.06226	0.678449	0.172243
113.417	1.36501	0.282738	0.169732	1.44706	0.553032	0.168	1.06805	0.676454	0.171949
113.641	1.37146	0.280919	0.169911	1.45314	0.551339	0.168104	1.0745	0.674346	0.172489
113.912	1.37756	0.279172	0.169568	1.45923	0.549694	0.167832	1.08053	0.672745	0.172718
114.171	1.3837	0.277497	0.169289	1.4653	0.548072	0.16754	1.0863	0.670761	0.172992
114.366	1.39092	0.275505	0.169026	1.47224	0.546059	0.167835	1.09341	0.668433	0.173488
114.572	1.39672	0.273738	0.169409	1.47772	0.544391	0.167503	1.09857	0.666294	0.172829
114.788	1.40208	0.272219	0.168922	1.4826	0.542213	0.166889	1.10375	0.664509	0.172919
114.989	1.40737	0.270616	0.168609	1.48913	0.541563	0.168167	1.10897	0.662706	0.17295
115.167	1.41342	0.26878	0.168289	1.49527	0.539435	0.1677	1.11499	0.660585	0.17321
115.4	1.41899	0.267512	0.168885	1.50002	0.538158	0.167564	1.11989	0.659117	0.173341
115.599	1.42366	0.265921	0.168497	1.50474	0.5367	0.167587	1.1246	0.657558	0.173317
115.819	1.42809	0.264732	0.168757	1.50965	0.535609	0.167929	1.1291	0.656235	0.173718
115.997	1.43237	0.263607	0.168583	1.51306	0.533336	0.166798	1.13289	0.654738	0.173811
116.289	1.43568	0.262486	0.168466	1.51665	0.532942	0.167359	1.13588	0.653626	0.17378
116.56	1.44193	0.260923	0.168527	1.52211	0.530482	0.166599	1.14194	0.651976	0.173963
116.809	1.44566	0.259937	0.168681	1.52582	0.529614	0.166615	1.14593	0.651082	0.17465
117.026	1.44898	0.258905	0.168626	1.52932	0.528543	0.166649	1.14933	0.649573	0.174425
117.259	1.45259	0.257833	0.168408	1.53214	0.527677	0.166632	1.15243	0.648528	0.174088
117.513	1.45564	0.256993	0.168587	1.53624	0.527314	0.167046	1.15583	0.648031	0.174187
117.782	1.4592	0.256409	0.169243	1.53919	0.526519	0.166921	1.15839	0.646764	0.173796
117.963	1.46271	0.255507	0.169014	1.54419	0.523546	0.164867	1.1618	0.645672	0.174164
118.159	1.46518	0.254568	0.168861	1.54687	0.522946	0.165151	1.1646	0.644841	0.174241
118.376	1.46769	0.253922	0.168834	1.54896	0.52293	0.165766	1.16715	0.643997	0.1739
118.605	1.47016	0.253053	0.168382	1.55133	0.522025	0.165162	1.16958	0.643277	0.173738
118.857	1.47232	0.253277	0.168867	1.55336	0.52134	0.164919	1.17135	0.643133	0.174522
119.028	1.47398	0.252997	0.169494	1.55481	0.52114	0.165358	1.1735	0.643331	0.175171
119.296	1.47599	0.25212	0.16934	1.55736	0.520846	0.165436	1.17519	0.642808	0.174431
119.554	1.47775	0.251661	0.168768	1.55966	0.519795	0.164819	1.17667	0.642251	0.174396
119.714	1.47937	0.25133	0.168691	1.56027	0.520948	0.165863	1.17792	0.641029	0.174891
119.872	1.48008	0.250971	0.168647	1.56103	0.520467	0.16577	1.17907	0.64074	0.17512
120.111	1.48077	0.250553	0.168669	1.56167	0.520116	0.165973	1.17975	0.640642	0.174662
120.364	1.48156	0.25031	0.168766	1.56228	0.519861	0.165951	1.18043	0.640599	0.174136
120.715	1.48221	0.250239	0.168825	1.56273	0.519134	0.16562	1.18086	0.640375	0.174202
120.925	1.48277	0.250172	0.168784	1.56328	0.518972	0.165433	1.18129	0.64	0.174728
121.108	1.48287	0.250081	0.168546	1.56332	0.518929	0.165075	1.18148	0.639973	0.174973
121.393	1.48262	0.250023	0.168595	1.56329	0.518763	0.165145	1.18144	0.640105	0.174787
121.604	1.48224	0.250099	0.16873	1.56288	0.518871	0.165405	1.18112	0.640293	0.17442
121.791	1.48178	0.250329	0.168774	1.56207	0.519852	0.165823	1.18055	0.640487	0.174303
121.988	1.48127	0.250721	0.168825	1.56174	0.520513	0.165924	1.17979	0.640473	0.174365
122.15	1.48072	0.250982	0.168745	1.56113	0.520758	0.165882	1.17927	0.640678	0.174473
122.306	1.47992	0.25127	0.168686	1.56046	0.521134	0.165973	1.17858	0.640873	0.174282
122.468	1.47918	0.25147	0.168926	1.5598	0.520584	0.165922	1.1776	0.641229	0.174108
122.647	1.47856	0.251701	0.169082	1.55977	0.520015	0.165336	1.17738	0.64203	0.174409
122.846	1.47802	0.251858	0.169108	1.55913	0.52072	0.165621	1.17674	0.64223	0.174351
123.014	1.47737	0.252125	0.1691	1.55895	0.520729	0.165528	1.17598	0.642405	0.174448
123.151	1.47685	0.252333	0.169126	1.55895	0.520729	0.165528	1.1754	0.642596	0.174522
123.277	1.47633	0.252543	0.16923	1.55895	0.520729	0.165528	1.17489	0.642716	0.174486
123.406	1.47572	0.252676	0.16925	1.55895	0.520729	0.165528	1.17437	0.642822	0.174521
123.608	1.4752	0.253172	0.169259	1.55895	0.520729	0.165528	1.1739	0.642963	0.174421
123.83	1.47468	0.252992	0.169394	1.55895	0.520729	0.165528	1.17355	0.643113	0.174512
124.097	1.47436	0.253173	0.169453	1.55895	0.520729	0.165528	1.17322	0.64327	0.17459
124.263	1.47387	0.25362	0.169368	1.55895	0.520729	0.165528	1.17277	0.643466	0.174574
124.431	1.47356	0.253641	0.169383	1.55895	0.520729	0.165528	1.1719	0.642891	0.173902
124.7	1.47328	0.253721	0.169428	1.55895	0.520729	0.165528	1.17173	0.643053	0.173969
124.98	1.47308	0.253738	0.169396	1.55895	0.520729	0.165528	1.17154	0.643118	0.173953
125.133	1.4729	0.253748	0.169341	1.55895	0.520729	0.165528	1.17137	0.643192	0.174012
125.359	1.47279	0.253789	0.169326	1.55895	0.520729	0.165528	1.17125	0.643242	0.174022
125.505	1.47271	0.253812	0.16937	1.55895	0.520729	0.165528	1.17118	0.643315	0.174022
125.721	1.47266	0.253844	0.169391	1.55895	0.520729	0.165528	1.17111	0.643375	0.173982
125.918	1.47263	0.253835	0.169341	1.55895	0.520729	0.165528	1.17107	0.64335	0.173958
126.183	1.47266	0.253845	0.169348	1.55895	0.520729	0.165528	1.1711	0.643313	0.174003
126.399	1.47269	0.253821	0.169327	1.55895	0.520729	0.165528	1.17119	0.643318	0.174047
126.646	1.47274	0.253803	0.169293	1.55895	0.520729	0.165528	1.17124	0.643291	0.173997
126.889	1.47285	0.253775	0.169353	1.55895	0.520729	0.165528	1.17131	0.643245	0.173971
127.106	1.47296	0.253777	0.169364	1.55895	0.520729	0.165528	1.17144	0.643224	0.173993
127.279	1.47305	0.253755	0.16933	1.55895	0.520729	0.165528	1.17152	0.643121	0.173982
127.557	1.47318	0.253733	0.169344	1.55895	0.520729	0.165528	1.17165	0.643117	0.173982
127.737	1.4733	0.253701	0.169334	1.55895	0.520729	0.165528	1.1718	0.643069	0.174004
127.925	1.47341	0.253664	0.169331	1.55895	0.520729	0.165528	1.17187	0.643006	0.173959
128.095	1.47354	0.253655	0.169323	1.55895	0.520729	0.165528	1.17196	0.642966	0.173966
128.233	1.47363	0.253627	0.169326	1.55895	0.520729	0.165528	1.17202	0.642911	0.173965
128.44	1.47376	0.253619	0.169326	1.55895	0.520729	0.165528	1.17211	0.6429	0.17398
128.654	1.4738	0.253599	0.169301	1.55895	0.520729	0.165528	1.17215	0.642838	0.173957
128.839	1.47386	0.253606	0.16933	1.55895	0.520729	0.165528	1.17221	0.642837	0.173949
129.053	1.4739	0.253593	0.16933	1.55895	0.520729	0.165528	1.17225	0.642817	0.173958
129.25	1.47397	0.253582	0.169319	1.55895	0.520729	0.165528	1.1723	0.642812	0.173923
129.408	1.47397	0.253585	0.169338	1.55895	0.520729	0.165528	1.17226	0.642749	0.173938
129.575	1.47396	0.253596	0.169355	2.02233	0.413837	1.34025	1.17227	0.642744	0.173919
129.778	1.47396	0.253584	0.16934	2.01645	0.413817	1.33676	1.1723	0.642788	0.173923
129.939	1.47392	0.253595	0.169343	2.01645	0.413817	1.33676	1.17225	0.642794	0.173924
130.102	1.47389	0.253583	0.169343	2.01645	0.413817	1.33676	1.17215	0.642802	0.17393
130.351	1.47385	0.253612	0.169376	2.01645	0.413817	1.33676	1.17219	0.642867	0.173981
130.55	1.47378	0.253646	0.169393	2.01645	0.413817	1.33676	1.17213	0.642844	0.173986
130.732	1.47351	0.253864	0.169507	2.01645	0.413817	1.33676	1.17209	0.642879	0.173958
130.916	1.47391	0.253333	0.169207	2.01645	0.413817	1.33676	1.17205	0.642902	0.173969
131.156	1.47388	0.25334	0.169219	2.01645	0.413817	1.33676	1.17205	0.642936	0.173969
131.414	1.47373	0.25343	0.169268	2.01645	0.413817	1.33676	1.17198	0.642922	0.174
131.695	1.47425	0.251876	0.168052	2.01645	0.413817	1.33676	1.17196	0.642952	0.173968
131.922	1.47417	0.25188	0.16812	2.01645	0.413817	1.33676	1.17192	0.642916	0.173955
132.189	1.47488	0.250781	0.167223	2.01645	0.413817	1.33676	1.17195	0.642935	0.173997
132.456	1.47489	0.2508	0.167222	2.01645	0.413817	1.33676	1.1719	0.642917	0.173952
132.676	1.47487	0.250763	0.16719	2.01645	0.413817	1.33676	1.1719	0.642896	0.173949
132.915	1.4749	0.25078	0.167216	2.01645	0.413817	1.33676	1.17194	0.642931	0.173984
133.163	1.47491	0.250729	0.167197	2.01645	0.413817	1.33676	1.17194	0.642931	0.173961
133.417	1.47489	0.250711	0.167169	2.01645	0.413817	1.33676	1.17193	0.642891	0.173931
133.686	1.47496	0.250824	0.167179	2.01645	0.413817	1.33676	1.17196	0.64291	0.173952
133.952	1.47493	0.250693	0.167172	2.01645	0.413817	1.33676	1.17199	0.642924	0.173986
134.186	1.47498	0.250748	0.167191	2.01645	0.413817	1.33676	1.17199	0.642935	0.17396
134.338	1.47498	0.250636	0.167141	2.01645	0.413817	1.33676	1.17199	0.642898	0.173942
134.6	1.475	0.250798	0.167202	2.01645	0.413817	1.33676	1.17202	0.642899	0.173963
134.819	1.47504	0.250823	0.167184	2.01645	0.413817	1.33676	1.17202	0.642909	0.173976
135.059	1.475	0.250796	0.167194	2.01645	0.413817	1.33676	1.17199	0.642898	0.173952
135.346	1.47498	0.250724	0.167171	2.01645	0.413817	1.33676	1.172	0.642896	0.173958
135.558	1.47501	0.250773	0.167196	2.01645	0.413817	1.33676	1.17204	0.64292	0.173978
135.724	1.47501	0.250831	0.167202	2.01645	0.413817	1.33676	1.17201	0.642889	0.173982
136.021	1.47559	0.25168	0.167926	2.01645	0.413817	1.33676	1.17199	0.64288	0.173937
136.234	1.475	0.250904	0.167208	2.01645	0.413817	1.33676	1.17196	0.642858	0.173936
136.455	1.47498	0.250816	0.16719	2.01645	0.413817	1.33676	1.17199	0.642925	0.173977
136.718	1.47497	0.250806	0.167198	2.01645	0.413817	1.33676	1.1725	0.643616	0.174468
136.967	1.47492	0.250696	0.167157	2.01645	0.413817	1.33676	1.17247	0.643595	0.174485
137.226	1.47495	0.250798	0.167194	2.01645	0.413817	1.33676	1.17251	0.643623	0.174521
137.387	1.47492	0.250832	0.167245	2.01645	0.413817	1.33676	1.17197	0.642922	0.173968
137.605	1.47491	0.250743	0.167164	2.01645	0.413817	1.33676	1.1725	0.643606	0.174482
137.821	1.47493	0.250832	0.167212	2.01645	0.413817	1.33676	1.17195	0.642904	0.173953
138.068	1.47492	0.250842	0.167195	2.01645	0.413817	1.33676	1.17197	0.642923	0.17394
138.304	1.47493	0.250819	0.167199	2.01645	0.413817	1.33676	1.17193	0.642886	0.173935
138.456	1.47551	0.25171	0.167963	2.01645	0.413817	1.33676	1.17197	0.642876	0.173947
138.621	1.47493	0.250749	0.167189	2.01645	0.413817	1.33676	1.17195	0.642852	0.17393
138.844	1.47493	0.250756	0.167185	2.01645	0.413817	1.33676	1.17198	0.642895	0.17395
139.055	1.4749	0.250796	0.16717	2.01645	0.413817	1.33676	1.17195	0.642864	0.173916
139.274	1.47492	0.250762	0.167185	2.01645	0.413817	1.33676	1.17249	0.64358	0.174474
139.465	1.47491	0.250812	0.167205	2.01645	0.413817	1.33676	1.17199	0.642914	0.17394
139.719	1.47491	0.250829	0.167238	2.01645	0.413817	1.33676	1.17197	0.642906	0.17395
139.911	1.47488	0.250769	0.167197	2.01645	0.413817	1.33676	1.17198	0.642917	0.17394
140.082	1.4749	0.250834	0.167217	2.01645	0.413817	1.33676	1.17197	0.642896	0.173944
140.254	1.47489	0.250821	0.16721	2.01645	0.413817	1.33676	1.17198	0.642931	0.173976
140.461	1.47488	0.250773	0.167174	2.01645	0.413817	1.33676	1.17196	0.642906	0.173912
140.616	1.47487	0.250765	0.167201	2.01645	0.413817	1.33676	1.17196	0.642906	0.173941
140.779	1.47489	0.250781	0.167176	2.01645	0.413817	1.33676	1.17197	0.642938	0.173946
140.944	1.47488	0.250781	0.167195	2.01645	0.413817	1.33676	1.17195	0.642926	0.173949
141.106	1.47487	0.250763	0.167169	2.01645	0.413817	1.33676	1.17192	0.642879	0.173899
141.267	1.47485	0.250796	0.16717	2.01645	0.413817	1.33676	1.17195	0.642935	0.173943
141.475	1.47488	0.250772	0.167173	2.01645	0.413817	1.33676	1.17197	0.642917	0.173946
141.747	1.47487	0.250795	0.167143	2.01645	0.413817	1.33676	1.17195	0.642928	0.173948
141.896	1.47487	0.250793	0.167168	2.01645	0.413817	1.33676	1.17198	0.642958	0.173956
142.04	1.47489	0.250789	0.167151	2.01645	0.413817	1.33676	1.17197	0.642922	0.173943
142.195	1.47487	0.250794	0.167184	2.01645	0.413817	1.33676	1.17201	0.642966	0.173976
142.357	1.47484	0.250762	0.167156	2.01645	0.413817	1.33676	1.17196	0.642954	0.17396
142.566	1.47489	0.250782	0.167171	2.01645	0.413817	1.33676	1.17198	0.642936	0.17395
142.812	1.47489	0.250784	0.167155	2.01645	0.413817	1.33676	1.172	0.642957	0.173987
142.983	1.47487	0.2508	0.167181	2.01645	0.413817	1.33676	1.17197	0.64294	0.173958
143.151	1.47487	0.250796	0.167167	2.01645	0.413817	1.33676	1.17196	0.642919	0.173938
143.213	1.4749	0.250847	0.167171	2.01645	0.413817	1.33676	1.17199	0.642952	0.173961
143.307	1.47486	0.250836	0.16719	2.01645	0.413817	1.33676	1.17198	0.642958	0.173965
143.512	1.47486	0.25082	0.167201	2.01645	0.413817	1.33676	1.17195	0.642941	0.173951
143.675	1.47489	0.250791	0.167151	2.01645	0.413817	1.33676	1.17195	0.642925	0.1739
143.723	1.47488	0.250801	0.167167	2.01645	0.413817	1.33676	1.17198	0.642926	0.173934
143.907	1.47488	0.250801	0.167167	2.01645	0.413817	1.33676	1.17198	0.642926	0.173934
144.058	1.47487	0.250814	0.167188	2.01645	0.413817	1.33676	1.17197	0.642939	0.173938
144.233	1.47489	0.250781	0.167154	2.01645	0.413817	1.33676	1.17198	0.642941	0.173961
144.485	1.47486	0.250862	0.167218	2.01645	0.413817	1.33676	1.17198	0.642948	0.17395
144.689	1.47486	0.25077	0.16714	2.01645	0.413817	1.33676	1.17195	0.642936	0.173935
144.911	1.47486	0.250794	0.167185	2.01645	0.413817	1.33676	1.17196	0.642937	0.173946
145.147	1.47486	0.250829	0.167192	2.01645	0.413817	1.33676	1.17197	0.642951	0.173949
145.261	1.47487	0.25081	0.16718	2.01645	0.413817	1.33676	1.17198	0.642958	0.173943
145.5	1.47486	0.250811	0.167193	2.01645	0.413817	1.33676	1.17196	0.642949	0.173978
145.661	1.4749	0.250831	0.167185	2.01645	0.413817	1.33676	1.17196	0.642933	0.173951
145.869	1.47489	0.25081	0.167186	2.01645	0.413817	1.33676	1.17199	0.642961	0.173988
146.026	1.47487	0.250792	0.167187	2.01645	0.413817	1.33676	1.17194	0.642912	0.173949
146.17	1.47484	0.250789	0.167173	2.01645	0.413817	1.33676	1.17197	0.642938	0.173929
146.348	1.47488	0.250781	0.167167	2.01645	0.413817	1.33676	1.17196	0.642909	0.173943
146.489	1.4749	0.250793	0.167158	2.01645	0.413817	1.33676	1.17195	0.642903	0.173937
146.641	1.47484	0.250827	0.167191	2.01645	0.413817	1.33676	1.17194	0.642931	0.173936
146.778	1.47489	0.250835	0.167191	2.01645	0.413817	1.33676	1.17195	0.642944	0.173928
146.931	1.4749	0.250827	0.167214	2.01645	0.413817	1.33676	1.17195	0.642944	0.173939
147.08	1.4749	0.250757	0.16717	2.01645	0.413817	1.33676	1.17195	0.642937	0.17392
147.231	1.47489	0.250743	0.167158	2.01645	0.413817	1.33676	1.17193	0.642902	0.173935
147.384	1.4749	0.25082	0.167191	2.01645	0.413817	1.33676	1.17197	0.642961	0.173958
147.567	1.4749	0.250767	0.167199	2.01645	0.413817	1.33676	1.17196	0.642934	0.173947
147.763	1.47489	0.250764	0.167156	2.01645	0.413817	1.33676	1.17193	0.642891	0.17393
148.049	1.47488	0.250791	0.167178	2.01645	0.413817	1.33676	1.17194	0.642917	0.173942
148.266	1.4749	0.250737	0.167141	2.01645	0.413817	1.33676	1.17196	0.64294	0.173947
148.509	1.47491	0.250815	0.167192	2.01645	0.413817	1.33676	1.17191	0.642926	0.173918
148.746	1.47491	0.25079	0.167165	2.01645	0.413817	1.33676	1.17192	0.642906	0.173926
149.016	1.4749	0.250789	0.16717	2.01645	0.413817	1.33676	1.17193	0.642912	0.173947
149.238	1.4749	0.250771	0.167154	2.01645	0.413817	1.33676	1.17194	0.642902	0.173954
149.478	1.47488	0.250733	0.167153	2.01645	0.413817	1.33676	1.17194	0.642911	0.17391
149.73	1.47489	0.250774	0.167138	2.01645	0.413817	1.33676	1.17191	0.642893	0.17394
149.939	1.47492	0.250829	0.167216	2.01645	0.413817	1.33676	1.17193	0.642901	0.17395
150.143	1.4749	0.250754	0.167162	2.01645	0.413817	1.33676	1.17193	0.642882	0.173938
150.426	1.47489	0.250739	0.167159	2.01645	0.413817	1.33676	1.1719	0.642907	0.173927
150.657	1.47549	0.251719	0.167939	2.01645	0.413817	1.33676	1.17192	0.642906	0.17391
150.927	1.47489	0.250832	0.167207	2.01645	0.413817	1.33676	1.17192	0.642916	0.173943
151.178	1.47489	0.250754	0.167151	2.01645	0.413817	1.33676	1.17192	0.64287	0.17389
151.362	1.47491	0.250759	0.167144	2.01645	0.413817	1.33676	1.17244	0.643574	0.174475
151.59	1.47492	0.250856	0.167193	2.01645	0.413817	1.33676	1.17196	0.642926	0.17394
151.826	1.4755	0.251705	0.167927	2.01645	0.413817	1.33676	1.17193	0.642889	0.173918
151.905	1.47547	0.251761	0.167963	2.01645	0.413817	1.33676	1.17191	0.642892	0.173906
152.18	1.47547	0.251732	0.167916	2.01645	0.413817	1.33676	1.17194	0.642927	0.173933
152.415	1.47489	0.250775	0.167197	2.01645	0.413817	1.33676	1.17246	0.643597	0.174471
152.605	1.47546	0.251696	0.167906	2.01645	0.413817	1.33676	1.17244	0.643586	0.174433
152.811	1.47489	0.250813	0.16719	2.01645	0.413817	1.33676	1.17243	0.643594	0.174459
153.059	1.47491	0.250822	0.167176	2.01645	0.413817	1.33676	1.17248	0.643574	0.174507
153.26	1.4749	0.25082	0.167192	2.01645	0.413817	1.33676	1.17195	0.642879	0.173927
153.541	1.47521	0.251137	0.167592	2.01645	0.413817	1.33676	1.17246	0.643596	0.174471
153.69	1.47485	0.250773	0.167173	2.01645	0.413817	1.33676	1.17245	0.643607	0.174462
153.902	1.47489	0.250891	0.167224	2.01645	0.413817	1.33676	1.17248	0.643587	0.174481
154.092	1.47491	0.250803	0.167144	2.01645	0.413817	1.33676	1.17195	0.642928	0.173943
154.337	1.47485	0.250742	0.167151	2.01645	0.413817	1.33676	1.17245	0.64361	0.174467
154.483	1.4749	0.250877	0.167201	2.01645	0.413817	1.33676	1.17194	0.642899	0.173945
154.62	1.47491	0.250769	0.167165	2.01645	0.413817	1.33676	1.17196	0.642933	0.173914
154.808	1.47487	0.250758	0.167167	2.01645	0.413817	1.33676	1.17193	0.64292	0.173932
154.98	1.47489	0.250745	0.167151	2.01645	0.413817	1.33676	1.17191	0.642867	0.173902
155.166	1.4749	0.250794	0.167189	2.01645	0.413817	1.33676	1.17194	0.642914	0.173909
155.34	1.47487	0.25079	0.1672	2.01645	0.413817	1.33676	1.17194	0.642944	0.173923
155.566	1.47486	0.250801	0.16717	2.01645	0.413817	1.33676	1.17193	0.642921	0.173926
155.807	1.47488	0.250793	0.167134	2.01645	0.413817	1.33676	1.17196	0.642935	0.17391
156.055	1.4749	0.250773	0.167157	2.01645	0.413817	1.33676	1.17194	0.642929	0.173917
156.262	1.47489	0.250797	0.16717	2.01645	0.413817	1.33676	1.17191	0.642877	0.173902
156.397	1.47485	0.250852	0.16719	2.01645	0.413817	1.33676	1.17194	0.642904	0.173936
156.598	1.47453	0.250703	0.167285	2.01645	0.413817	1.33676	1.17197	0.642922	0.173936
156.811	1.47444	0.250692	0.167306	2.01645	0.413817	1.33676	1.17196	0.642929	0.173936
157.005	1.47443	0.250761	0.16731	2.01645	0.413817	1.33676	1.17193	0.642927	0.173912
157.197	1.47421	0.250879	0.167467	2.01645	0.413817	1.33676	1.17194	0.642928	0.173925
157.342	1.47412	0.250943	0.16755	2.01645	0.413817	1.33676	1.17195	0.642941	0.173916
157.53	1.47381	0.25115	0.167889	2.01645	0.413817	1.33676	1.17193	0.642954	0.173919
157.76	1.47378	0.251142	0.167844	2.01645	0.413817	1.33676	1.17194	0.642955	0.173919
157.999	1.47378	0.251079	0.167847	2.01645	0.413817	1.33676	1.17191	0.642924	0.173893
158.042	1.47378	0.251079	0.167847	2.01645	0.413817	1.33676	1.17191	0.642924	0.173893
158.126	1.47378	0.251079	0.167847	2.01645	0.413817	1.33676	1.17191	0.642924	0.173893
158.186	1.47378	0.251079	0.167847	2.01645	0.413817	1.33676	1.17191	0.642924	0.173893
158.264	1.47378	0.251079	0.167847	2.01645	0.413817	1.33676	1.17191	0.642924	0.173893
158.552	1.47378	0.251079	0.167847	2.01645	0.413817	1.33676	1.17191	0.642924	0.173893
