Time      x1      y1      z1	x2	y2	z2	x3	y3	z3	x4	y4	z4
9.329	6.92819e-310	6.92819e-310	2.122e-314	3.135e-317	1.5316e-322	6.92819e-310	0	0	0
9.418	6.92819e-310	6.92819e-310	2.122e-314	3.135e-317	1.5316e-322	6.92819e-310	0	0	0
9.456	6.92819e-310	6.92819e-310	2.122e-314	3.135e-317	1.5316e-322	6.92819e-310	0	0	0
9.491	6.92819e-310	6.92819e-310	2.122e-314	3.135e-317	1.5316e-322	6.92819e-310	0	0	0
9.523	6.92819e-310	6.92819e-310	2.122e-314	3.135e-317	1.5316e-322	6.92819e-310	0	0	0
9.576	6.92819e-310	6.92819e-310	2.122e-314	3.135e-317	1.5316e-322	6.92819e-310	0	0	0
9.626	6.92819e-310	6.92819e-310	2.122e-314	3.135e-317	1.5316e-322	6.92819e-310	0	0	0
9.857	6.92819e-310	6.92819e-310	2.122e-314	3.135e-317	1.5316e-322	6.92819e-310	0	0	0
9.91	6.92819e-310	6.92819e-310	2.122e-314	3.135e-317	1.5316e-322	6.92819e-310	0	0	0
9.944	6.92819e-310	6.92819e-310	2.122e-314	3.135e-317	1.5316e-322	6.92819e-310	0	0	0
9.998	6.92819e-310	6.92819e-310	2.122e-314	3.135e-317	1.5316e-322	6.92819e-310	0	0	0
10.032	6.92819e-310	6.92819e-310	2.122e-314	3.135e-317	1.5316e-322	6.92819e-310	0	0	0
10.107	6.92819e-310	6.92819e-310	2.122e-314	3.135e-317	1.5316e-322	6.92819e-310	0	0	0
11.025	6.92819e-310	6.92819e-310	2.122e-314	3.135e-317	1.5316e-322	6.92819e-310	0	0	0
11.211	-1.7738	0.796798	0.147435	-1.78584	1.07825	0.144776	-2.18566	1.06968	0.152052
11.414	-1.77379	0.796779	0.1474	-1.78583	1.07827	0.144771	-2.18561	1.06982	0.152104
11.618	-1.77382	0.796785	0.147436	-1.78588	1.07824	0.144824	-2.18569	1.06974	0.15213
11.806	-1.77385	0.796774	0.147478	-1.78586	1.07828	0.144835	-2.18566	1.06982	0.152154
12.044	-1.7738	0.796766	0.14742	-1.78585	1.07826	0.144822	-2.1857	1.06971	0.152106
12.228	-1.77381	0.79678	0.14742	-1.78587	1.07832	0.144849	-2.18564	1.0697	0.152021
12.402	-1.77383	0.796779	0.14746	-1.78589	1.07832	0.144902	-2.18567	1.06973	0.15213
12.54	-1.77381	0.7968	0.147434	-1.78588	1.07823	0.144825	-2.18566	1.0697	0.152076
12.755	-1.7738	0.796802	0.147442	-1.78587	1.07823	0.14479	-2.18549	1.06984	0.151997
12.999	-1.77385	0.796791	0.147479	-1.78589	1.0783	0.144889	-2.18569	1.0697	0.15206
13.286	-1.77386	0.796799	0.147498	-1.78589	1.07827	0.144858	-2.1857	1.06971	0.15213
13.508	-1.77367	0.79671	0.147137	-1.78587	1.07831	0.144849	-2.18564	1.06983	0.152096
13.681	-1.7737	0.79671	0.147151	-1.78589	1.07834	0.144894	-2.18549	1.06985	0.152012
13.8	-1.77385	0.796795	0.147478	-1.78589	1.07832	0.144905	-2.18568	1.06975	0.15211
13.917	-1.77383	0.796774	0.147472	-1.78591	1.0783	0.144906	-2.18571	1.0697	0.152164
14.136	-1.7738	0.796766	0.147395	-1.7858	1.0783	0.144749	-2.18552	1.06986	0.151988
14.375	-1.77383	0.79678	0.147442	-1.78586	1.07827	0.144834	-2.18566	1.06975	0.15207
14.561	-1.77387	0.796782	0.147497	-1.78592	1.07829	0.144884	-2.18571	1.06974	0.152163
14.819	-1.77383	0.796779	0.147459	-1.78588	1.07826	0.144831	-2.18571	1.06972	0.152153
15.074	-1.77379	0.796763	0.1474	-1.78581	1.07828	0.14475	-2.18562	1.06977	0.152045
15.326	-1.77386	0.7968	0.147487	-1.78588	1.0783	0.144855	-2.18566	1.06972	0.152048
15.584	-1.77386	0.796779	0.147484	-1.7859	1.07826	0.14486	-2.18565	1.06981	0.152192
15.874	-1.77379	0.796786	0.147406	-1.78586	1.07824	0.144794	-2.18572	1.0697	0.152101
16.128	-1.77369	0.796688	0.147128	-1.78587	1.0783	0.14483	-2.18564	1.06968	0.152035
16.325	-1.77387	0.796754	0.14749	-1.78591	1.07828	0.144879	-2.1857	1.06969	0.152128
16.536	-1.77382	0.796775	0.147445	-1.78591	1.07833	0.144903	-2.18655	1.07017	0.153375
16.769	-1.77379	0.796775	0.147393	-1.78582	1.07825	0.144763	-2.18562	1.06985	0.152118
16.948	-1.77385	0.796779	0.147461	-1.78588	1.07831	0.144863	-2.18561	1.06983	0.152095
17.215	-1.77388	0.79679	0.147505	-1.78592	1.07824	0.14487	-2.18566	1.06982	0.152189
17.407	-1.77381	0.796766	0.147422	-1.78587	1.07826	0.144821	-2.18562	1.06973	0.152067
17.559	-1.77381	0.796771	0.147414	-1.78583	1.07826	0.144791	-2.18565	1.06973	0.152059
17.743	-1.77385	0.796767	0.147467	-1.7859	1.0783	0.144887	-2.18572	1.06973	0.152131
17.944	-1.77383	0.796797	0.147463	-1.78589	1.0783	0.144882	-2.18572	1.0697	0.152133
18.125	-1.77381	0.796775	0.147419	-1.78583	1.07827	0.144806	-2.18566	1.06967	0.152097
18.289	-1.77382	0.796783	0.147455	-1.78591	1.07826	0.144865	-2.18565	1.06971	0.152061
18.45	-1.77388	0.796784	0.14749	-1.78593	1.07825	0.144863	-2.1857	1.06969	0.152121
18.641	-1.7738	0.796811	0.147467	-1.78588	1.07825	0.1448	-2.18564	1.06975	0.152111
18.799	-1.77381	0.796773	0.147431	-1.78589	1.07824	0.144815	-2.18565	1.06972	0.152087
18.95	-1.77383	0.796778	0.147485	-1.78592	1.0783	0.144915	-2.18563	1.06985	0.152173
19.109	-1.77384	0.796787	0.147468	-1.78591	1.0783	0.144905	-2.18573	1.06969	0.152128
19.393	-1.77377	0.79677	0.147378	-1.78583	1.0783	0.144816	-2.18569	1.06969	0.152067
19.67	-1.77382	0.796782	0.14744	-1.78586	1.07828	0.144821	-2.18565	1.06973	0.152072
19.845	-1.77382	0.796779	0.147451	-1.7859	1.07831	0.144895	-2.18574	1.06972	0.152173
19.995	-1.77381	0.796772	0.147443	-1.78589	1.07822	0.144811	-2.18565	1.06982	0.152189
20.146	-1.77379	0.796782	0.147381	-1.78583	1.07829	0.144798	-2.18562	1.06974	0.152044
20.317	-1.77384	0.79678	0.147462	-1.78588	1.07829	0.14489	-2.1857	1.06968	0.152088
20.557	-1.77383	0.796775	0.147466	-1.7859	1.07832	0.144892	-2.18568	1.06983	0.152209
20.729	-1.77378	0.796788	0.147401	-1.78583	1.07825	0.144749	-2.18565	1.06972	0.152058
20.918	-1.77383	0.796787	0.147438	-1.78588	1.07827	0.144834	-2.18564	1.0697	0.152055
21.129	-1.77386	0.796781	0.147493	-1.7859	1.07828	0.144882	-2.18572	1.06971	0.152097
21.283	-1.77381	0.796771	0.147436	-1.78588	1.07826	0.144828	-2.18569	1.06984	0.152208
21.434	-1.77379	0.796787	0.147411	-1.78583	1.07821	0.144712	-2.18564	1.06972	0.15205
21.623	-1.77382	0.796783	0.147425	-1.78588	1.07831	0.14488	-2.18559	1.06983	0.152097
21.849	-1.77385	0.796772	0.147487	-1.7859	1.07829	0.144897	-2.18572	1.06974	0.152169
22.065	-1.77367	0.796699	0.147116	-1.78583	1.07827	0.144754	-2.18566	1.06972	0.152115
22.229	-1.7738	0.796775	0.147403	-1.78586	1.07825	0.144814	-2.18562	1.06966	0.15202
22.432	-1.77384	0.796777	0.147454	-1.78589	1.07829	0.144861	-2.18564	1.06971	0.152048
22.585	-1.77384	0.79677	0.147471	-1.78592	1.07829	0.144935	-2.18636	1.07006	0.153236
22.738	-1.7738	0.79679	0.147401	-1.78584	1.07823	0.144756	-2.18563	1.06984	0.152176
22.9	-1.77381	0.796784	0.147441	-1.78584	1.0783	0.144813	-2.18562	1.06973	0.152058
23.14	-1.77384	0.796775	0.147443	-1.7859	1.07832	0.144887	-2.18563	1.06976	0.152107
23.341	-1.77382	0.796786	0.147463	-1.78587	1.07826	0.144831	-2.18551	1.06986	0.152099
23.524	-1.77382	0.796783	0.147443	-1.78586	1.07826	0.144798	-2.18564	1.06972	0.152058
23.705	-1.77369	0.79671	0.147136	-1.78587	1.07829	0.144854	-2.1856	1.06985	0.152106
23.948	-1.77383	0.796784	0.147449	-1.78588	1.0783	0.144836	-2.18569	1.06975	0.152115
24.227	-1.77381	0.796782	0.147445	-1.78586	1.07824	0.144806	-2.1864	1.06998	0.153166
24.405	-1.77381	0.79679	0.14742	-1.78586	1.07831	0.144851	-2.18563	1.06972	0.15201
24.584	-1.77381	0.796803	0.147458	-1.78587	1.07824	0.144795	-2.18562	1.06987	0.15216
24.761	-1.77383	0.796774	0.147454	-1.78588	1.07826	0.144812	-2.18569	1.06969	0.15213
24.939	-1.77381	0.79679	0.14744	-1.78589	1.07826	0.144827	-2.18651	1.07011	0.153327
25.162	-1.77369	0.796686	0.147138	-1.78587	1.07827	0.144813	-2.18561	1.06975	0.152058
25.349	-1.77382	0.796787	0.14743	-1.78586	1.0783	0.14483	-2.18567	1.06974	0.152098
25.54	-1.77382	0.796782	0.147455	-1.78589	1.0783	0.144874	-2.18569	1.06972	0.152139
25.72	-1.77383	0.796792	0.147474	-1.78591	1.07829	0.144883	-2.18562	1.06985	0.152168
25.909	-1.77385	0.796778	0.147448	-1.78588	1.0783	0.144851	-2.18565	1.06975	0.152048
26.088	-1.7738	0.796778	0.14739	-1.78586	1.07825	0.14483	-2.18566	1.06976	0.152104
26.306	-1.77383	0.796811	0.147454	-1.78585	1.0783	0.144852	-2.18568	1.06971	0.152139
26.507	-1.77383	0.796778	0.147464	-1.78592	1.07829	0.144886	-2.18574	1.06972	0.152102
26.688	-1.77381	0.796802	0.147436	-1.78587	1.07826	0.144808	-2.18566	1.06973	0.152076
26.867	-1.77379	0.796809	0.147431	-1.78586	1.07828	0.144802	-2.18549	1.0699	0.152013
27.043	-1.77384	0.796786	0.14747	-1.7859	1.07831	0.1449	-2.18569	1.06974	0.152143
27.218	-1.77386	0.796803	0.147497	-1.78591	1.07832	0.144879	-2.18572	1.06973	0.152094
27.388	-1.77382	0.796795	0.147427	-1.78588	1.07829	0.144848	-2.18565	1.06976	0.152078
27.576	-1.77378	0.796806	0.147404	-1.78587	1.07827	0.14479	-2.18563	1.06974	0.152058
27.757	-1.77385	0.796797	0.147486	-1.78592	1.07829	0.144855	-2.1857	1.06972	0.152125
27.91	-1.77383	0.796795	0.147424	-1.7859	1.07829	0.144837	-2.18568	1.06974	0.152098
28.058	-1.77381	0.796786	0.147381	-1.78586	1.07832	0.144789	-2.18568	1.06975	0.152038
28.208	-1.77383	0.796826	0.147426	-1.78589	1.07827	0.144822	-2.18567	1.06975	0.152067
28.374	-1.77389	0.796814	0.147494	-1.7859	1.07832	0.144929	-2.18572	1.06974	0.152188
28.564	-1.77382	0.796804	0.147425	-1.78588	1.0783	0.144846	-2.18567	1.06974	0.152088
28.722	-1.77377	0.796784	0.147368	-1.78582	1.07824	0.144755	-2.18555	1.06987	0.152036
28.938	-1.77384	0.796793	0.147489	-1.78589	1.07831	0.144889	-2.18566	1.06974	0.152187
29.243	-1.77387	0.796785	0.147503	-1.78593	1.0783	0.144921	-2.18625	1.06994	0.153063
29.47	-1.77378	0.796801	0.147396	-1.7858	1.07825	0.144724	-2.18562	1.06987	0.152124
29.691	-1.77378	0.796776	0.147391	-1.78578	1.07826	0.144713	-2.18562	1.06974	0.15201
29.879	-1.77385	0.796774	0.147466	-1.78591	1.07826	0.144881	-2.18571	1.06967	0.152135
30.053	-1.77383	0.796789	0.147478	-1.78591	1.07832	0.14493	-2.18653	1.07019	0.153357
30.23	-1.77375	0.796812	0.147373	-1.78581	1.07831	0.144781	-2.18562	1.06983	0.152065
30.416	-1.77383	0.796761	0.147416	-1.7859	1.07826	0.144848	-2.18565	1.06971	0.152049
30.59	-1.77386	0.796805	0.147506	-1.78591	1.07828	0.1449	-2.1857	1.06981	0.152208
30.811	-1.77382	0.796792	0.147466	-1.78592	1.07829	0.14489	-2.18574	1.06971	0.15215
30.993	-1.77378	0.796784	0.14738	-1.78581	1.07824	0.144746	-2.18563	1.06971	0.152021
31.165	-1.77385	0.796785	0.147464	-1.7859	1.07829	0.144876	-2.18565	1.06972	0.152086
31.341	-1.77385	0.796804	0.147487	-1.78591	1.0783	0.144893	-2.18568	1.06974	0.152164
31.516	-1.77378	0.796797	0.147417	-1.78584	1.07826	0.144776	-2.18561	1.06988	0.152166
31.694	-1.77379	0.796782	0.147418	-1.78586	1.07831	0.144839	-2.18559	1.06985	0.152125
31.873	-1.77384	0.796766	0.147477	-1.78589	1.07826	0.144845	-2.18565	1.0697	0.152101
32.131	-1.77382	0.796792	0.147452	-1.78588	1.0783	0.144857	-2.18572	1.06973	0.152183
32.419	-1.77378	0.796784	0.147409	-1.78585	1.07826	0.144846	-2.18545	1.06986	0.152
32.65	-1.77383	0.796812	0.147453	-1.78587	1.07827	0.144827	-2.18563	1.06972	0.152073
32.825	-1.77385	0.796801	0.147498	-1.78589	1.07832	0.144901	-2.18567	1.06973	0.152122
33.025	-1.7738	0.796788	0.147441	-1.78587	1.07828	0.144795	-2.18566	1.06974	0.152093
33.248	-1.77379	0.79679	0.147421	-1.78586	1.07832	0.144849	-2.18562	1.06972	0.152049
33.424	-1.77383	0.796789	0.147476	-1.78588	1.07826	0.144827	-2.18568	1.06973	0.152089
33.598	-1.77383	0.796781	0.147476	-1.78587	1.07829	0.144861	-2.18572	1.06972	0.152142
33.776	-1.77381	0.796776	0.147438	-1.78587	1.07829	0.144799	-2.18566	1.06974	0.152085
33.953	-1.77382	0.796802	0.14744	-1.78584	1.07828	0.144808	-2.18568	1.0697	0.152035
34.13	-1.77384	0.796772	0.147457	-1.78592	1.07827	0.14487	-2.18568	1.06978	0.152134
34.35	-1.77381	0.79678	0.147451	-1.78588	1.07829	0.144842	-2.18575	1.06971	0.152147
34.53	-1.7738	0.796783	0.147411	-1.78586	1.07832	0.144856	-2.18565	1.06972	0.152057
34.706	-1.77384	0.796788	0.147468	-1.78585	1.07829	0.144826	-2.18567	1.06975	0.152067
34.895	-1.77382	0.796786	0.147455	-1.78587	1.0783	0.14487	-2.18567	1.06974	0.15211
35.153	-1.7738	0.796787	0.147439	-1.78584	1.07829	0.144812	-2.18567	1.06985	0.152185
35.313	-1.77385	0.796784	0.147473	-1.78588	1.07831	0.144887	-2.18568	1.06968	0.152068
35.575	-1.77384	0.796787	0.14746	-1.7859	1.07829	0.144866	-2.18568	1.06973	0.15208
35.759	-1.77383	0.796797	0.147454	-1.78591	1.07832	0.144875	-2.1857	1.06975	0.152161
35.911	-1.77383	0.796779	0.14743	-1.78587	1.07826	0.14477	-2.1856	1.06982	0.152089
36.096	-1.77386	0.796801	0.147458	-1.78591	1.0783	0.144857	-2.1857	1.06973	0.152108
36.343	-1.77385	0.796779	0.147447	-1.7859	1.07829	0.144861	-2.18563	1.06973	0.152045
36.558	-1.77382	0.796786	0.147443	-1.78587	1.07827	0.144817	-2.1857	1.06972	0.152151
36.718	-1.77367	0.796675	0.14711	-1.78586	1.07825	0.144836	-2.18567	1.06969	0.152042
36.875	-1.77383	0.796785	0.147456	-1.78589	1.07828	0.144868	-2.18563	1.06973	0.152072
37.067	-1.77381	0.796779	0.147425	-1.78585	1.07829	0.144813	-2.18569	1.06972	0.152083
37.219	-1.77381	0.796786	0.147434	-1.78584	1.07826	0.144758	-2.18571	1.06973	0.152105
37.379	-1.77384	0.796791	0.147465	-1.78589	1.07824	0.144823	-2.18572	1.06969	0.152045
37.555	-1.77384	0.796767	0.14745	-1.7859	1.07826	0.144843	-2.18565	1.06985	0.152128
37.737	-1.7738	0.796796	0.14741	-1.78585	1.07829	0.144769	-2.18549	1.06988	0.151966
37.965	-1.77379	0.796775	0.147393	-1.78586	1.07824	0.144779	-2.18564	1.06974	0.152048
38.144	-1.77385	0.79678	0.147459	-1.7859	1.07827	0.144862	-2.18569	1.06972	0.152085
38.322	-1.77382	0.796785	0.14747	-1.78588	1.07824	0.144798	-2.18569	1.06973	0.152067
38.499	-1.77379	0.796777	0.14739	-1.78582	1.07829	0.144758	-2.18563	1.06972	0.151967
38.676	-1.77385	0.796795	0.147473	-1.78588	1.07831	0.144909	-2.18563	1.06986	0.15215
38.885	-1.77386	0.796783	0.147478	-1.78591	1.07831	0.144885	-2.18571	1.06973	0.152043
39.073	-1.77381	0.796774	0.147415	-1.78582	1.07825	0.144736	-2.18565	1.06975	0.152087
39.262	-1.77378	0.796781	0.147385	-1.78584	1.07828	0.144783	-2.18566	1.06971	0.152051
39.434	-1.77389	0.796793	0.147495	-1.78591	1.07828	0.144877	-2.18568	1.0697	0.152092
39.601	-1.77386	0.796787	0.147464	-1.78591	1.07833	0.144892	-2.18572	1.06971	0.152123
39.777	-1.77381	0.796789	0.147413	-1.78582	1.07826	0.144755	-2.18547	1.06986	0.151972
39.999	-1.77383	0.796812	0.147469	-1.78586	1.07828	0.144802	-2.18562	1.06974	0.152079
40.175	-1.77386	0.796802	0.147506	-1.78592	1.07825	0.144866	-2.18566	1.06984	0.152186
40.368	-1.7738	0.796783	0.147424	-1.78587	1.07828	0.144818	-2.18566	1.06983	0.152143
40.547	-1.77381	0.796778	0.147411	-1.78585	1.07827	0.14477	-2.1857	1.06972	0.152048
40.722	-1.77372	0.796698	0.14717	-1.78591	1.07829	0.144872	-2.1857	1.06972	0.152109
40.895	-1.77385	0.796816	0.147483	-1.78591	1.07829	0.144896	-2.18574	1.06975	0.152139
41.076	-1.77379	0.796795	0.147423	-1.78584	1.07822	0.144718	-2.18566	1.0697	0.152029
41.288	-1.77381	0.796802	0.14743	-1.78587	1.07829	0.144849	-2.18563	1.06972	0.152001
41.465	-1.77386	0.796779	0.147458	-1.78591	1.07826	0.144883	-2.18574	1.06967	0.15215
41.64	-1.77382	0.796786	0.147423	-1.78588	1.07831	0.144875	-2.18569	1.06965	0.15206
41.821	-1.77379	0.796798	0.147398	-1.78584	1.07827	0.14482	-2.18561	1.06973	0.152057
42.008	-1.77384	0.796821	0.147464	-1.78589	1.07829	0.14487	-2.18565	1.06975	0.152085
42.186	-1.77385	0.796781	0.147483	-1.7859	1.07833	0.144934	-2.18571	1.06968	0.152105
42.396	-1.7738	0.796781	0.147449	-1.78586	1.07831	0.144838	-2.18568	1.06974	0.152099
42.575	-1.77382	0.796785	0.14742	-1.78586	1.07828	0.144794	-2.18567	1.06967	0.152062
42.805	-1.77382	0.796795	0.147455	-1.78587	1.0783	0.144806	-2.18563	1.06973	0.152082
43.035	-1.7738	0.796807	0.147432	-1.78584	1.07828	0.14482	-2.1855	1.06987	0.152027
43.211	-1.77382	0.796803	0.147457	-1.78585	1.07832	0.144838	-2.18554	1.06985	0.15204
43.431	-1.77384	0.796787	0.147477	-1.78591	1.07828	0.144879	-2.18571	1.06971	0.15217
43.601	-1.77381	0.796786	0.147429	-1.78586	1.07831	0.144848	-2.18565	1.06971	0.152056
43.785	-1.7738	0.796777	0.147394	-1.78579	1.07826	0.144702	-2.18563	1.0697	0.152031
43.962	-1.77383	0.796783	0.147452	-1.78588	1.0783	0.144843	-2.1856	1.06981	0.152119
44.135	-1.77388	0.796787	0.1475	-1.78592	1.0783	0.144938	-2.18574	1.06973	0.15215
44.308	-1.77382	0.796812	0.147459	-1.78589	1.07832	0.144894	-2.18562	1.06988	0.152143
44.524	-1.7738	0.796782	0.147419	-1.78585	1.07826	0.144789	-2.18566	1.06972	0.152127
44.762	-1.77385	0.796805	0.147497	-1.78592	1.07829	0.144904	-2.18568	1.0698	0.152151
44.97	-1.77385	0.796797	0.147479	-1.78593	1.0783	0.144902	-2.18567	1.06984	0.152155
45.146	-1.77381	0.796797	0.147413	-1.78582	1.07822	0.144702	-2.18566	1.06974	0.152014
45.33	-1.77395	0.796766	0.147721	-1.7859	1.07826	0.145053	-2.1857	1.06981	0.15211
45.571	-1.77346	0.796857	0.148324	-1.78549	1.07837	0.145472	-2.18527	1.06989	0.151854
45.801	-1.77201	0.796916	0.148312	-1.78392	1.07827	0.145356	-2.18384	1.06996	0.151712
46.017	-1.77037	0.797009	0.147649	-1.78216	1.07852	0.144952	-2.18222	1.07005	0.15192
46.289	-1.76885	0.797164	0.147879	-1.78071	1.0786	0.144765	-2.18053	1.06998	0.15299
46.486	-1.76673	0.797291	0.148387	-1.77865	1.07888	0.145153	-2.17851	1.07015	0.153508
46.743	-1.7644	0.797183	0.148062	-1.77663	1.07877	0.145234	-2.17696	1.07013	0.153367
47.035	-1.76189	0.796928	0.148012	-1.77415	1.07888	0.145673	-2.17508	1.07045	0.153278
47.339	-1.7595	0.796868	0.148476	-1.7717	1.07842	0.145926	-2.17143	1.0703	0.152476
47.582	-1.75598	0.796755	0.148552	-1.76779	1.0782	0.145765	-2.1669	1.07101	0.1538
47.817	-1.7532	0.796147	0.147965	-1.76433	1.07795	0.145043	-2.1638	1.07112	0.15383
48.068	-1.74992	0.796023	0.148403	-1.76077	1.07762	0.144815	-2.16014	1.0718	0.15394
48.339	-1.74638	0.795813	0.148787	-1.75727	1.07771	0.145675	-2.15699	1.07161	0.153719
48.559	-1.74279	0.795738	0.148997	-1.75325	1.07761	0.145322	-2.1526	1.07189	0.153441
48.846	-1.73869	0.795668	0.149254	-1.74902	1.0775	0.145129	-2.14843	1.07219	0.153969
49.08	-1.73352	0.795122	0.149333	-1.7432	1.07684	0.145048	-2.14263	1.07188	0.153747
49.32	-1.72916	0.794683	0.149047	-1.73827	1.07656	0.144882	-2.13755	1.07249	0.154102
49.574	-1.72437	0.794282	0.149128	-1.73345	1.076	0.145423	-2.13288	1.07198	0.153914
49.823	-1.71967	0.793832	0.149644	-1.72845	1.07527	0.145662	-2.12807	1.0724	0.153936
50.057	-1.71478	0.793136	0.150026	-1.72327	1.07486	0.146399	-2.12217	1.07233	0.153089
50.331	-1.7084	0.79271	0.150726	-1.71599	1.07459	0.146677	-2.11503	1.0724	0.153385
50.666	-1.70352	0.792065	0.149859	-1.71107	1.07387	0.146002	-2.11033	1.0726	0.153666
50.93	-1.69634	0.79141	0.149966	-1.70394	1.07355	0.147162	-2.10333	1.07214	0.153954
51.147	-1.69051	0.79084	0.150299	-1.69688	1.07264	0.146109	-2.09651	1.07222	0.153468
51.398	-1.68435	0.790369	0.15059	-1.69085	1.07194	0.146882	-2.09042	1.07238	0.153797
51.671	-1.67795	0.789688	0.150406	-1.68353	1.07158	0.146645	-2.0831	1.07191	0.15307
51.994	-1.67092	0.789497	0.150971	-1.67669	1.07115	0.146686	-2.07632	1.07191	0.153322
52.239	-1.66412	0.789034	0.150967	-1.67003	1.07064	0.147586	-2.06905	1.07162	0.15279
52.51	-1.65682	0.787777	0.150088	-1.6626	1.0699	0.147599	-2.06173	1.07169	0.153791
52.791	-1.64783	0.787209	0.150477	-1.65271	1.06947	0.147145	-2.05177	1.07143	0.1532
53.067	-1.64032	0.786349	0.150378	-1.64521	1.0686	0.147852	-2.04403	1.07126	0.15354
53.299	-1.63235	0.785879	0.150271	-1.63625	1.06769	0.14724	-2.03592	1.071	0.153307
53.521	-1.62446	0.784914	0.149888	-1.62784	1.06722	0.147104	-2.02738	1.07099	0.153429
53.746	-1.61456	0.784244	0.150752	-1.61728	1.06636	0.14775	-2.01706	1.07093	0.153645
53.99	-1.60627	0.783309	0.150686	-1.60908	1.06503	0.148154	-2.00823	1.07104	0.153623
54.227	-1.59796	0.782721	0.151516	-1.59976	1.06415	0.147507	-1.99868	1.07114	0.152854
54.433	-1.58896	0.781851	0.151264	-1.59094	1.06376	0.148322	-1.98973	1.07093	0.152877
54.703	-1.58088	0.781393	0.15219	-1.58069	1.06332	0.147751	-1.98058	1.07091	0.153146
54.956	-1.57126	0.779983	0.151407	-1.57137	1.06225	0.147672	-1.97129	1.07116	0.153544
55.105	-1.55978	0.779305	0.15226	-1.5595	1.06126	0.148289	-1.95924	1.07021	0.1533
55.308	-1.55039	0.778399	0.152609	-1.55001	1.06034	0.148815	-1.94947	1.06956	0.152916
55.541	-1.54102	0.777698	0.152731	-1.54026	1.05965	0.14918	-1.94011	1.06952	0.153419
55.717	-1.53107	0.776962	0.152536	-1.52997	1.05884	0.149234	-1.9302	1.06956	0.153928
55.899	-1.52165	0.776633	0.152924	-1.52049	1.05875	0.149797	-1.91953	1.06821	0.152875
56.142	-1.51104	0.775862	0.152656	-1.50986	1.05812	0.149041	-1.9093	1.06841	0.153832
56.463	-1.50068	0.774974	0.152525	-1.49909	1.05723	0.148865	-1.89872	1.06786	0.153722
56.699	-1.48745	0.77457	0.152303	-1.48583	1.05654	0.149239	-1.8852	1.06772	0.153618
57.016	-1.47979	0.774656	0.153082	-1.47772	1.05646	0.149316	-1.87774	1.06775	0.154227
57.228	-1.46631	0.774316	0.153079	-1.46496	1.05622	0.150169	-1.86477	1.06739	0.154498
57.432	-1.4553	0.773731	0.153046	-1.4537	1.056	0.149572	-1.85298	1.06709	0.153912
57.688	-1.4438	0.773538	0.152117	-1.44227	1.05555	0.148832	-1.84206	1.06677	0.154246
57.985	-1.43267	0.773268	0.151992	-1.4311	1.05552	0.14895	-1.83113	1.06645	0.155448
58.189	-1.41849	0.773377	0.152212	-1.41673	1.05528	0.148613	-1.81721	1.06613	0.155031
58.549	-1.40959	0.773293	0.151905	-1.40826	1.05524	0.14851	-1.80862	1.06576	0.154647
58.843	-1.39467	0.7734	0.151916	-1.394	1.05538	0.148248	-1.79352	1.06516	0.154502
59.036	-1.38336	0.773071	0.1518	-1.38214	1.0554	0.148749	-1.7823	1.06546	0.156184
59.229	-1.37121	0.773161	0.152408	-1.37097	1.0554	0.149771	-1.76997	1.06478	0.155848
59.562	-1.35921	0.773163	0.152621	-1.3588	1.05543	0.149102	-1.7581	1.06476	0.155796
59.782	-1.34406	0.773278	0.152733	-1.34435	1.05575	0.150502	-1.74372	1.06442	0.155282
59.999	-1.33218	0.773693	0.153077	-1.33228	1.05586	0.149814	-1.73187	1.06422	0.155245
60.252	-1.31941	0.774126	0.15366	-1.32	1.05626	0.150245	-1.71974	1.06382	0.155247
60.4	-1.30716	0.774282	0.153752	-1.30814	1.05646	0.15081	-1.70748	1.0639	0.155609
60.62	-1.30033	0.774128	0.152997	-1.30146	1.05635	0.150323	-1.70164	1.06398	0.156808
60.779	-1.28786	0.774455	0.153009	-1.28921	1.05641	0.150032	-1.68845	1.06363	0.156039
60.993	-1.26552	0.774529	0.152785	-1.26679	1.0566	0.150149	-1.66744	1.06402	0.15725
61.231	-1.25248	0.775006	0.152308	-1.25469	1.05709	0.150319	-1.65452	1.06399	0.157738
61.313	-1.23947	0.77525	0.152401	-1.24122	1.0569	0.149549	-1.64073	1.06313	0.156445
61.552	-1.2362	0.775223	0.152155	-1.23794	1.05699	0.149649	-1.63726	1.06307	0.156561
61.801	-1.21308	0.775427	0.152457	-1.21526	1.05759	0.150088	-1.61545	1.06335	0.157501
62.088	-1.19974	0.776002	0.152962	-1.20271	1.0581	0.15078	-1.60268	1.06393	0.157477
62.388	-1.18274	0.776573	0.153147	-1.18619	1.05864	0.150219	-1.58602	1.06342	0.15707
62.613	-1.16936	0.77705	0.153415	-1.17273	1.05904	0.150501	-1.57275	1.0633	0.157506
62.83	-1.15579	0.77738	0.1538	-1.15947	1.05947	0.150902	-1.55987	1.06325	0.157862
63.055	-1.14216	0.777627	0.153645	-1.14644	1.05984	0.15137	-1.54613	1.06345	0.157911
63.283	-1.12835	0.777976	0.153546	-1.13275	1.05988	0.150489	-1.53232	1.0632	0.157528
63.453	-1.11448	0.777989	0.153596	-1.11845	1.05978	0.149906	-1.51855	1.06315	0.158041
63.687	-1.1006	0.777875	0.153654	-1.10517	1.05981	0.150379	-1.50484	1.06308	0.159057
63.951	-1.08688	0.777785	0.15399	-1.09107	1.05986	0.151149	-1.49095	1.06298	0.159069
64.131	-1.06936	0.777735	0.153969	-1.07389	1.05985	0.150907	-1.4737	1.06262	0.158703
64.322	-1.05537	0.7772	0.153723	-1.0595	1.0592	0.150531	-1.45991	1.06275	0.158894
64.573	-1.0416	0.776774	0.153662	-1.04555	1.05887	0.150671	-1.44516	1.06233	0.158474
64.834	-1.02688	0.776442	0.152987	-1.03145	1.05856	0.149864	-1.43068	1.06209	0.158835
65.149	-1.009	0.775473	0.152071	-1.01235	1.05733	0.148932	-1.41203	1.06168	0.158897
65.356	-0.994979	0.774159	0.152668	-0.997825	1.0566	0.149795	-1.39723	1.06172	0.159355
65.55	-0.981167	0.773394	0.153586	-0.983635	1.05571	0.150958	-1.38251	1.06124	0.159242
65.82	-0.967137	0.77253	0.153929	-0.969621	1.05475	0.151669	-1.36822	1.06133	0.15868
66.099	-0.952717	0.771563	0.153876	-0.954545	1.05359	0.151774	-1.35309	1.06112	0.157865
66.332	-0.938644	0.769919	0.154003	-0.939609	1.05233	0.151926	-1.33801	1.06067	0.157602
66.567	-0.920944	0.76829	0.154278	-0.92117	1.05057	0.151971	-1.3193	1.06114	0.158672
66.808	-0.906047	0.7666	0.153218	-0.905826	1.04895	0.151824	-1.30348	1.06012	0.157924
67.023	-0.891624	0.764691	0.152875	-0.890399	1.04716	0.15148	-1.28813	1.06019	0.158649
67.263	-0.877784	0.76283	0.153615	-0.874851	1.04509	0.151811	-1.27268	1.05997	0.159018
67.525	-0.863209	0.760881	0.153233	-0.85925	1.04316	0.151907	-1.2571	1.05922	0.158266
67.802	-0.849472	0.759088	0.153655	-0.84351	1.04109	0.151201	-1.24083	1.05885	0.158495
68.028	-0.831252	0.756817	0.154069	-0.823703	1.03875	0.150782	-1.22097	1.05854	0.158507
68.241	-0.81654	0.75498	0.154506	-0.808063	1.03693	0.151011	-1.2055	1.05818	0.159513
68.504	-0.801935	0.752629	0.155171	-0.792394	1.03449	0.152003	-1.18946	1.05725	0.159316
68.673	-0.787319	0.750216	0.155241	-0.776528	1.0323	0.152246	-1.17384	1.05674	0.15872
68.888	-0.772553	0.74822	0.155268	-0.760872	1.03007	0.151997	-1.15807	1.05585	0.158636
69.1	-0.757752	0.746082	0.155181	-0.744942	1.02782	0.151371	-1.14194	1.05472	0.159015
69.391	-0.742553	0.743586	0.155044	-0.728878	1.02516	0.151439	-1.12568	1.05394	0.160094
69.598	-0.724308	0.740507	0.154916	-0.709197	1.02211	0.151714	-1.10556	1.0524	0.160885
69.819	-0.70929	0.737494	0.154576	-0.692853	1.0193	0.151749	-1.0899	1.05112	0.161119
70.053	-0.694275	0.734613	0.154489	-0.677168	1.01617	0.152052	-1.07359	1.04993	0.159878
70.352	-0.679679	0.731827	0.154996	-0.661099	1.01358	0.151901	-1.05751	1.04873	0.159156
70.693	-0.664363	0.729138	0.15465	-0.644905	1.01086	0.150878	-1.041	1.04724	0.159353
70.955	-0.645673	0.725313	0.153389	-0.624226	1.0068	0.151054	-1.0199	1.04553	0.159896
71.144	-0.630438	0.72206	0.154126	-0.607692	1.00345	0.151745	-1.00362	1.04424	0.160501
71.416	-0.615553	0.718919	0.154809	-0.591239	1.00034	0.152133	-0.988264	1.04322	0.161209
71.62	-0.600657	0.716004	0.155462	-0.575054	0.997071	0.152886	-0.970691	1.04198	0.15938
71.897	-0.585475	0.713266	0.155941	-0.558839	0.994092	0.153007	-0.954259	1.04079	0.158459
72.242	-0.570186	0.71045	0.155742	-0.542179	0.991074	0.152555	-0.938038	1.03952	0.159043
72.506	-0.55064	0.706759	0.155552	-0.521708	0.987434	0.152413	-0.917759	1.03716	0.159997
72.711	-0.534935	0.703615	0.155194	-0.505297	0.984386	0.1527	-0.901015	1.03537	0.160588
72.898	-0.51936	0.700636	0.155213	-0.488647	0.981127	0.15278	-0.884578	1.03352	0.160637
73.083	-0.503662	0.697753	0.155075	-0.47237	0.978383	0.153153	-0.868327	1.03114	0.160254
73.327	-0.487661	0.695094	0.154879	-0.455997	0.975428	0.152989	-0.851977	1.02932	0.159635
73.51	-0.46775	0.691812	0.154724	-0.435473	0.972186	0.152827	-0.831513	1.0265	0.160425
73.709	-0.451712	0.689093	0.155599	-0.418975	0.96943	0.153623	-0.814478	1.02451	0.160952
73.94	-0.435845	0.686466	0.156238	-0.402663	0.966937	0.154866	-0.798292	1.02242	0.16111
74.152	-0.419421	0.68412	0.156196	-0.386314	0.964422	0.154761	-0.78189	1.02037	0.160571
74.329	-0.402969	0.681842	0.15644	-0.370214	0.962107	0.155092	-0.765548	1.0183	0.160233
74.585	-0.386907	0.67958	0.156952	-0.353837	0.959724	0.15555	-0.749102	1.01608	0.160799
74.854	-0.370261	0.677584	0.156989	-0.3375	0.95792	0.155645	-0.732831	1.01374	0.161945
75.13	-0.349454	0.67465	0.155936	-0.316707	0.955023	0.155078	-0.712299	1.0107	0.162267
75.421	-0.333466	0.672301	0.156154	-0.300052	0.952591	0.155122	-0.695562	1.00864	0.161739
75.763	-0.316989	0.670812	0.157457	-0.28389	0.95087	0.155301	-0.679563	1.00637	0.16102
75.966	-0.300376	0.668686	0.157383	-0.267417	0.9492	0.154551	-0.663288	1.00427	0.160878
76.134	-0.283082	0.666929	0.156742	-0.250807	0.947394	0.154435	-0.646255	1.00225	0.161126
76.445	-0.266921	0.664531	0.156279	-0.234046	0.94497	0.155023	-0.629744	1.00012	0.162405
76.67	-0.246208	0.6617	0.156838	-0.213337	0.942604	0.155579	-0.609	0.997409	0.162541
76.902	-0.229382	0.66009	0.15753	-0.196799	0.940576	0.155896	-0.592613	0.995507	0.162194
77.108	-0.212737	0.658113	0.157687	-0.180403	0.938943	0.15614	-0.575916	0.993551	0.161497
77.316	-0.196095	0.656222	0.157677	-0.163735	0.937198	0.156245	-0.559479	0.991546	0.161089
77.557	-0.179141	0.654702	0.158011	-0.1472	0.935627	0.156159	-0.543144	0.989273	0.161307
77.697	-0.157779	0.652484	0.157869	-0.126547	0.933425	0.156131	-0.522284	0.986113	0.162504
77.76	-0.149035	0.651736	0.157809	-0.118261	0.932521	0.156158	-0.514217	0.984703	0.162768
77.94	-0.149035	0.651736	0.157809	-0.118261	0.932521	0.156158	-0.514217	0.984703	0.162768
78.203	-0.110655	0.64736	0.156793	-0.0812075	0.92818	0.156892	-0.477316	0.978883	0.162964
78.365	-0.0893401	0.645071	0.156825	-0.0603043	0.926036	0.156618	-0.456466	0.97614	0.16343
78.639	-0.0725982	0.643554	0.158055	-0.043783	0.924302	0.157335	-0.439769	0.974183	0.16376
78.814	-0.0516064	0.641275	0.158844	-0.0229596	0.922531	0.158104	-0.419372	0.971623	0.163148
78.998	-0.0343298	0.640345	0.159157	-0.00626068	0.921104	0.15759	-0.40249	0.970129	0.163268
79.116	-0.0174262	0.638518	0.159072	0.0106057	0.919462	0.157439	-0.385845	0.967986	0.163462
79.293	-0.000264303	0.636904	0.1592	0.0272045	0.917868	0.157933	-0.369008	0.965915	0.164187
79.502	0.0167131	0.635397	0.158963	0.0439964	0.916188	0.157589	-0.352202	0.963923	0.165061
79.737	0.0341228	0.633554	0.158455	0.0610089	0.914469	0.157142	-0.335406	0.962144	0.164692
79.944	0.0508336	0.631477	0.1587	0.0779311	0.91255	0.157458	-0.318525	0.960542	0.164108
80.148	0.0716296	0.62956	0.159642	0.0989345	0.910507	0.157146	-0.297477	0.958277	0.163648
80.4	0.088866	0.627712	0.159712	0.115742	0.908569	0.156858	-0.280434	0.956481	0.163809
80.65	0.105763	0.625346	0.15914	0.133351	0.906168	0.156767	-0.263214	0.954506	0.16421
80.934	0.122361	0.622764	0.159278	0.150675	0.903349	0.157165	-0.245616	0.952522	0.165128
81.271	0.138975	0.619996	0.159667	0.167701	0.900731	0.157623	-0.228292	0.950716	0.165458
81.503	0.159339	0.61664	0.160537	0.189235	0.897054	0.158184	-0.206867	0.948541	0.16455
81.79	0.175954	0.61385	0.160894	0.20652	0.894289	0.158483	-0.18961	0.946609	0.163989
82.064	0.192391	0.61084	0.160977	0.223707	0.89122	0.158382	-0.172175	0.944476	0.164221
82.33	0.208995	0.607308	0.160735	0.240739	0.887418	0.158249	-0.154445	0.942169	0.16491
82.608	0.225297	0.603752	0.160677	0.258391	0.884014	0.15867	-0.136819	0.939487	0.165298
82.922	0.241908	0.599992	0.160699	0.275504	0.880374	0.159082	-0.119378	0.937553	0.165087
83.191	0.262375	0.595195	0.160209	0.297175	0.875548	0.158841	-0.0974669	0.934232	0.164716
83.431	0.278566	0.591899	0.160519	0.314831	0.871569	0.158337	-0.0798661	0.931652	0.164669
83.738	0.294811	0.587801	0.16133	0.331933	0.867428	0.159577	-0.062158	0.929267	0.165259
83.999	0.310941	0.583527	0.161846	0.349614	0.863153	0.159908	-0.0447087	0.926702	0.165631
84.266	0.327292	0.579462	0.161627	0.367054	0.858607	0.159603	-0.0270237	0.924225	0.165429
84.53	0.343312	0.57535	0.161758	0.38446	0.854311	0.159522	-0.00912474	0.921501	0.165464
84.85	0.363427	0.569545	0.16247	0.405968	0.848581	0.160115	0.0129134	0.917941	0.165974
85.113	0.379735	0.565398	0.162391	0.423429	0.844074	0.159753	0.0306287	0.915095	0.166454
85.397	0.395795	0.560769	0.161627	0.440978	0.839344	0.159288	0.0485855	0.912066	0.165884
85.706	0.41194	0.556196	0.161982	0.458292	0.8345	0.159328	0.0661493	0.90936	0.165748
85.969	0.428127	0.55177	0.163042	0.475582	0.829885	0.159519	0.0838595	0.906277	0.16547
86.261	0.444067	0.546985	0.163183	0.492876	0.824871	0.15979	0.101482	0.902988	0.165726
86.517	0.460023	0.541883	0.162839	0.510426	0.819662	0.160428	0.119172	0.899591	0.166111
86.798	0.476114	0.53679	0.162526	0.52778	0.814283	0.160789	0.137008	0.89631	0.166918
87.069	0.496056	0.530525	0.163022	0.549324	0.80733	0.160661	0.159019	0.892051	0.167773
87.315	0.511704	0.525202	0.163277	0.566498	0.801858	0.160526	0.176949	0.888929	0.167456
87.59	0.527571	0.520208	0.163874	0.583949	0.796461	0.160756	0.195043	0.885498	0.166465
87.883	0.543628	0.515172	0.163754	0.601068	0.791151	0.160823	0.212476	0.881603	0.166259
88.172	0.559645	0.509817	0.164258	0.618317	0.785745	0.161331	0.229896	0.877689	0.16628
88.429	0.579653	0.503175	0.164353	0.639863	0.778627	0.161824	0.251843	0.872726	0.166623
88.673	0.595767	0.497748	0.163909	0.657066	0.773037	0.161623	0.269613	0.868518	0.167057
88.914	0.612211	0.492362	0.163291	0.674497	0.767354	0.161201	0.287318	0.864244	0.167127
89.189	0.628137	0.486783	0.163177	0.691483	0.761504	0.161053	0.304835	0.860339	0.167801
89.449	0.643554	0.481233	0.162997	0.708385	0.755525	0.161509	0.321835	0.856614	0.168555
89.759	0.659365	0.476107	0.163061	0.724938	0.75041	0.16158	0.339107	0.851967	0.168086
89.991	0.679049	0.469939	0.163222	0.745736	0.744026	0.161638	0.360018	0.846739	0.168384
90.218	0.693714	0.464822	0.163203	0.760978	0.738785	0.162378	0.37603	0.842766	0.169057
90.396	0.70851	0.460525	0.164157	0.776331	0.734351	0.162702	0.391238	0.838711	0.16948
90.67	0.723909	0.456257	0.164471	0.792188	0.730131	0.162756	0.406768	0.83444	0.168713
91.001	0.738952	0.451746	0.163967	0.807373	0.725381	0.162437	0.422451	0.830645	0.168654
91.227	0.757264	0.446499	0.16412	0.825999	0.720169	0.162376	0.441032	0.825901	0.169275
91.435	0.77194	0.442708	0.164809	0.840501	0.716096	0.162235	0.455753	0.821871	0.169809
91.698	0.78639	0.438382	0.164902	0.855152	0.71192	0.163213	0.470172	0.818085	0.170382
91.926	0.800479	0.434298	0.16478	0.869164	0.707749	0.163352	0.48428	0.813657	0.169269
92.182	0.814876	0.430365	0.165091	0.883189	0.703914	0.163848	0.498457	0.810022	0.169642
92.412	0.828631	0.426699	0.164876	0.897122	0.700029	0.162954	0.512263	0.806534	0.170195
92.624	0.842483	0.422985	0.164631	0.911284	0.696307	0.162629	0.526399	0.802574	0.170949
92.868	0.859835	0.418406	0.164692	0.928223	0.690934	0.162211	0.543803	0.798067	0.171189
93.127	0.873056	0.414685	0.164552	0.941048	0.686953	0.162475	0.557276	0.794809	0.171126
93.396	0.885438	0.410398	0.164614	0.954622	0.683808	0.162669	0.570434	0.791411	0.170563
93.667	0.897881	0.406605	0.164821	0.967751	0.679481	0.162551	0.583179	0.788013	0.169718
93.916	0.911394	0.40341	0.165493	0.980285	0.677449	0.162995	0.595942	0.784402	0.169384
94.207	0.92443	0.4002	0.165476	0.992554	0.673503	0.162744	0.608506	0.78068	0.169763
94.464	0.940447	0.396128	0.165304	1.00871	0.670353	0.163517	0.624082	0.776101	0.170155
94.679	0.952856	0.392977	0.165262	1.02055	0.66712	0.163709	0.636202	0.772454	0.170129
94.89	0.96521	0.389871	0.165195	1.03269	0.663696	0.163234	0.647996	0.768782	0.170426
95.125	0.977507	0.38638	0.1654	1.04471	0.660455	0.163956	0.660028	0.765502	0.170273
95.391	0.989266	0.383372	0.165075	1.05663	0.657728	0.164362	0.671691	0.761987	0.170397
95.582	1.00425	0.379762	0.165036	1.07078	0.653653	0.163971	0.686157	0.757886	0.171164
95.814	1.01622	0.37706	0.16518	1.08268	0.651332	0.164893	0.697622	0.754716	0.17126
96.085	1.02736	0.374099	0.165817	1.09347	0.647653	0.163709	0.708766	0.751947	0.171463
96.352	1.03831	0.371542	0.165841	1.10452	0.645188	0.164112	0.719751	0.749144	0.171594
96.559	1.04962	0.369081	0.16643	1.11553	0.643776	0.164835	0.730455	0.746333	0.171521
96.863	1.06032	0.36655	0.166749	1.12618	0.640448	0.164661	0.740872	0.743424	0.171748
97.054	1.07361	0.363428	0.166373	1.13922	0.638017	0.164932	0.753989	0.739785	0.171869
97.247	1.08418	0.360813	0.166568	1.14958	0.635716	0.164299	0.764076	0.73699	0.172377
97.507	1.09446	0.358654	0.166643	1.15924	0.632938	0.164203	0.77398	0.734259	0.17238
97.677	1.10467	0.356167	0.166535	1.16942	0.631214	0.164542	0.783729	0.731576	0.172241
97.921	1.11416	0.353717	0.166189	1.17911	0.628815	0.164625	0.793333	0.729105	0.171619
98.131	1.12473	0.351558	0.167003	1.18818	0.626882	0.164591	0.802865	0.726526	0.17173
98.35	1.13403	0.349554	0.166994	1.199	0.625752	0.165499	0.811733	0.723948	0.17179
98.575	1.14417	0.347984	0.167419	1.2066	0.622242	0.164633	0.820871	0.721116	0.172447
98.756	1.15503	0.344851	0.167347	1.21815	0.619562	0.164983	0.832278	0.718695	0.172271
98.962	1.16372	0.342902	0.167322	1.22751	0.618182	0.165466	0.840845	0.716512	0.172045
99.102	1.17228	0.340975	0.167767	1.23594	0.616398	0.165609	0.849534	0.714471	0.17207
99.304	1.18112	0.338856	0.167804	1.24432	0.614415	0.165705	0.858295	0.712293	0.172224
99.479	1.1893	0.337153	0.167684	1.25224	0.612044	0.165442	0.866301	0.7102	0.172794
99.804	1.19563	0.335563	0.167561	1.25941	0.610952	0.16632	0.872481	0.708743	0.172972
100.011	1.20789	0.33281	0.167557	1.27013	0.607509	0.16573	0.884526	0.705938	0.173068
100.228	1.21541	0.331607	0.168351	1.27775	0.606123	0.166027	0.892212	0.704317	0.172645
100.474	1.22275	0.329744	0.167982	1.28567	0.605135	0.166009	0.899991	0.702627	0.172688
100.724	1.23035	0.328161	0.16863	1.29282	0.603368	0.165988	0.906658	0.70061	0.17213
100.987	1.23775	0.326476	0.16819	1.29953	0.60185	0.166222	0.913599	0.697807	0.171557
101.249	1.24648	0.324772	0.168435	1.30808	0.599871	0.166594	0.922023	0.695765	0.172298
101.48	1.25364	0.323458	0.168399	1.31498	0.599257	0.16651	0.929234	0.693912	0.172018
101.666	1.26045	0.321879	0.168504	1.322	0.597915	0.166393	0.936078	0.692133	0.1718
101.891	1.26719	0.320491	0.168782	1.32802	0.596161	0.166617	0.942168	0.691522	0.172478
102.207	1.27359	0.319132	0.168828	1.33419	0.594478	0.166294	0.9481	0.689907	0.17282
102.483	1.2814	0.31746	0.168847	1.34192	0.592799	0.167332	0.955895	0.686983	0.17185
102.762	1.28751	0.316324	0.168942	1.34799	0.592543	0.167136	0.961304	0.685004	0.17165
103.032	1.29336	0.315103	0.168762	1.35332	0.590796	0.166786	0.966296	0.683595	0.172003
103.288	1.29958	0.314126	0.169205	1.35864	0.590023	0.166317	0.972198	0.682654	0.172003
103.489	1.30492	0.313129	0.169073	1.36585	0.589884	0.16812	0.977455	0.680875	0.172018
103.7	1.31016	0.312086	0.168655	1.3702	0.588379	0.167146	0.982585	0.679729	0.17174
103.871	1.31584	0.311008	0.169226	1.37487	0.587188	0.166575	0.987478	0.678695	0.17162
104.038	1.32216	0.309809	0.169019	1.38225	0.586109	0.167263	0.994263	0.676713	0.17174
104.189	1.32701	0.308886	0.168832	1.38666	0.585326	0.166642	0.998925	0.675921	0.171972
104.399	1.33257	0.307906	0.168685	1.39203	0.58524	0.16752	1.0034	0.674261	0.171712
104.62	1.33729	0.306892	0.168238	1.39643	0.583505	0.167702	1.00799	0.67374	0.172341
104.863	1.34163	0.30603	0.168369	1.40022	0.582318	0.167371	1.01199	0.672288	0.172712
105.039	1.34716	0.304634	0.168745	1.40526	0.581124	0.16726	1.01695	0.670708	0.172469
105.222	1.35074	0.303853	0.168485	1.40913	0.580212	0.167354	1.02079	0.669868	0.17237
105.399	1.35487	0.303287	0.168712	1.41284	0.579191	0.167678	1.02443	0.669354	0.17228
105.611	1.35836	0.302358	0.168516	1.41616	0.578171	0.167289	1.02822	0.668376	0.172359
105.897	1.36192	0.30184	0.168419	1.42002	0.578287	0.167676	1.03171	0.667659	0.172499
106.235	1.36504	0.301192	0.168611	1.423	0.577619	0.167611	1.03503	0.666913	0.172176
106.385	1.36886	0.300571	0.16882	1.42674	0.576778	0.167544	1.03822	0.666095	0.172274
106.755	1.37111	0.300092	0.168792	1.42954	0.577653	0.168431	1.04046	0.666012	0.172362
107.066	1.37465	0.299451	0.169058	1.43227	0.575747	0.16773	1.04368	0.664833	0.172513
107.327	1.37726	0.299127	0.169186	1.43526	0.575885	0.168452	1.04633	0.66431	0.172441
107.613	1.37969	0.298425	0.168906	1.43715	0.574738	0.167556	1.04866	0.663761	0.172507
107.936	1.38124	0.298035	0.168715	1.43942	0.574888	0.167449	1.05073	0.663436	0.172506
108.174	1.3832	0.297857	0.169459	1.44136	0.574524	0.16782	1.05254	0.66315	0.172391
108.413	1.38546	0.297565	0.169502	1.44329	0.574488	0.167879	1.05423	0.662605	0.171409
108.693	1.38734	0.297385	0.16902	1.44447	0.573623	0.167107	1.05575	0.662236	0.171709
108.956	1.38862	0.297202	0.168883	1.44615	0.574135	0.167395	1.05712	0.661867	0.172575
109.194	1.38937	0.296935	0.169093	1.44686	0.573886	0.167449	1.05815	0.661618	0.173244
109.453	1.38989	0.296641	0.169134	1.44751	0.573469	0.167541	1.05886	0.661559	0.172726
109.756	1.3907	0.296579	0.169272	1.44825	0.573308	0.167851	1.05968	0.661827	0.172011
110.007	1.39146	0.296625	0.169261	1.44871	0.573363	0.167498	1.06015	0.661329	0.171947
110.189	1.39181	0.296826	0.169236	1.44883	0.573519	0.167316	1.06021	0.661249	0.172644
110.342	1.39178	0.29682	0.169291	1.4488	0.573548	0.167223	1.0602	0.661244	0.172957
110.53	1.39137	0.296703	0.169191	1.44864	0.573513	0.167568	1.06	0.661378	0.172601
110.806	1.3907	0.296628	0.169214	1.44821	0.57343	0.16782	1.05961	0.661856	0.172154
111.022	1.39001	0.296859	0.169383	1.4475	0.573595	0.167822	1.0586	0.661632	0.171953
111.265	1.38952	0.297082	0.169327	1.4469	0.573984	0.167644	1.05789	0.661748	0.172234
111.448	1.38893	0.297229	0.169163	1.44635	0.574179	0.167553	1.0573	0.661867	0.172289
111.687	1.38821	0.29728	0.169088	1.44581	0.574281	0.16757	1.0567	0.662032	0.172151
111.896	1.38753	0.297384	0.169265	1.44516	0.574319	0.167684	1.05605	0.662193	0.171875
112.113	1.38696	0.297492	0.169359	1.44394	0.573642	0.167678	1.05559	0.662628	0.171947
112.287	1.38623	0.297675	0.169322	1.44335	0.573994	0.167512	1.05489	0.662737	0.172105
112.448	1.38568	0.297873	0.169235	1.44322	0.574818	0.167779	1.05433	0.662867	0.172204
112.613	1.38507	0.298053	0.169212	1.44268	0.574863	0.167625	1.05352	0.662691	0.171986
112.809	1.38449	0.298171	0.169242	1.44224	0.574922	0.167684	1.05303	0.662874	0.171958
113.002	1.38399	0.298252	0.169239	1.44172	0.574959	0.167759	1.05258	0.663035	0.171942
113.197	1.38353	0.298301	0.169206	1.44127	0.575017	0.167762	1.05218	0.663126	0.171901
113.347	1.38302	0.298287	0.169142	1.44059	0.574596	0.16753	1.05185	0.663241	0.17196
113.503	1.38275	0.298339	0.169146	1.44026	0.574663	0.167441	1.05163	0.663318	0.171962
113.694	1.38247	0.298359	0.169146	1.44	0.574665	0.167486	1.0514	0.663384	0.171864
113.947	1.38224	0.298376	0.169139	1.43976	0.574673	0.167463	1.05119	0.663389	0.171768
114.195	1.38212	0.298433	0.169193	1.43973	0.574784	0.167702	1.05105	0.663423	0.17174
114.368	1.38199	0.298462	0.169154	1.43957	0.574826	0.167552	1.05097	0.663424	0.171699
114.583	1.38193	0.298427	0.169117	1.43958	0.574865	0.167556	1.05093	0.663466	0.171735
114.848	1.38192	0.298447	0.169107	1.43956	0.574848	0.167558	1.05094	0.663468	0.171745
115.029	1.38196	0.298427	0.169126	1.43956	0.574801	0.167572	1.05096	0.663466	0.171747
115.213	1.38202	0.298427	0.169131	1.43955	0.574726	0.167488	1.051	0.66343	0.171704
115.457	1.38212	0.298423	0.169152	1.43965	0.574758	0.16754	1.05108	0.663422	0.171742
115.71	1.38227	0.298424	0.169131	1.43985	0.574795	0.167551	1.05117	0.663401	0.171804
115.865	1.38241	0.298406	0.169114	1.43997	0.574701	0.167448	1.05131	0.663362	0.171844
116.021	1.38254	0.29834	0.169103	1.44011	0.574653	0.167465	1.05144	0.663381	0.171843
116.173	1.3827	0.298349	0.169119	1.4403	0.574645	0.167583	1.05157	0.663346	0.171884
116.319	1.38283	0.298332	0.169111	1.44043	0.574661	0.167542	1.05169	0.663332	0.171921
116.472	1.38301	0.298342	0.169089	1.44052	0.574617	0.167428	1.0518	0.663256	0.171952
116.662	1.38313	0.298314	0.169101	1.44066	0.574587	0.167466	1.05192	0.663234	0.17201
116.813	1.38331	0.298325	0.169142	1.44104	0.575081	0.167701	1.05205	0.663213	0.17197
116.991	1.38341	0.298323	0.169138	1.44115	0.575056	0.167674	1.05211	0.663148	0.17193
117.18	1.3835	0.298282	0.169139	1.44124	0.57504	0.167691	1.05222	0.663166	0.172009
117.391	1.38356	0.298298	0.169118	1.44129	0.575047	0.167662	1.05226	0.663127	0.172031
117.565	1.3836	0.298291	0.169139	1.44134	0.575052	0.167682	1.05228	0.663111	0.172006
117.833	1.38362	0.298276	0.169092	1.44138	0.57505	0.167671	1.0523	0.663124	0.171996
118.049	1.38365	0.29833	0.169107	1.44136	0.575005	0.167654	1.05233	0.663113	0.171981
118.269	1.38361	0.29828	0.169098	1.44136	0.575008	0.167671	1.05231	0.663119	0.171988
118.478	1.3836	0.298299	0.169094	1.44134	0.575061	0.167685	1.05227	0.66311	0.172004
118.633	1.38356	0.298293	0.169113	1.44131	0.575045	0.167655	1.05224	0.663122	0.172002
118.788	1.38351	0.298299	0.169121	1.44129	0.57505	0.167701	1.05222	0.663157	0.171987
118.96	1.38346	0.298321	0.169114	1.44119	0.575043	0.167713	1.05219	0.663177	0.172
119.241	1.38343	0.298328	0.169137	1.44119	0.575076	0.167708	1.05214	0.663179	0.171981
119.442	1.38336	0.298341	0.169124	1.44111	0.575091	0.167715	1.05209	0.663195	0.171971
119.684	1.38333	0.298326	0.169137	1.44102	0.575091	0.167658	1.05204	0.663196	0.171956
119.89	1.38327	0.298346	0.169153	1.44102	0.575094	0.167733	1.05201	0.663212	0.171956
120.1	1.38322	0.298317	0.169109	1.44096	0.575093	0.167702	1.05199	0.663213	0.171954
120.408	1.3832	0.298338	0.169109	1.44092	0.575092	0.167662	1.05194	0.663238	0.171934
120.766	1.3832	0.298353	0.169156	1.44095	0.575118	0.167716	1.05197	0.663234	0.171976
121.011	1.38315	0.298296	0.169074	1.4409	0.575083	0.167668	1.05196	0.663207	0.171948
121.284	1.38321	0.298329	0.169153	1.44091	0.575081	0.167664	1.05195	0.663231	0.171936
121.558	1.3832	0.29832	0.169098	1.44094	0.575085	0.167708	1.05197	0.663241	0.171946
121.772	1.38323	0.298376	0.16912	1.44097	0.575093	0.167674	1.05198	0.66322	0.171948
121.994	1.3832	0.298313	0.169055	1.44067	0.574481	0.167284	1.05193	0.663206	0.171908
122.197	1.38323	0.298318	0.169061	1.44095	0.575085	0.167604	1.05197	0.663213	0.171897
122.394	1.38329	0.298328	0.169102	1.44098	0.575066	0.167649	1.052	0.66321	0.171947
122.638	1.38328	0.298325	0.169082	1.44104	0.575095	0.167676	1.05204	0.663185	0.171951
122.856	1.38331	0.298347	0.169091	1.44099	0.575073	0.167594	1.05203	0.66321	0.171962
123.068	1.38331	0.298328	0.169087	1.44083	0.574572	0.16743	1.05202	0.663188	0.171904
123.403	1.38334	0.298338	0.169123	1.44083	0.574549	0.167399	1.05203	0.663196	0.171951
123.608	1.38334	0.298354	0.169083	1.44099	0.575063	0.167552	1.05207	0.663196	0.171966
123.827	1.38331	0.29831	0.169061	1.44107	0.57508	0.167671	1.05206	0.663195	0.171953
124.009	1.3833	0.298292	0.169083	1.441	0.575053	0.167579	1.05203	0.663188	0.171939
124.172	1.38329	0.298313	0.169083	1.44082	0.574573	0.167466	1.05201	0.663226	0.171937
124.328	1.38328	0.298333	0.169065	1.44105	0.575105	0.167689	1.05201	0.663193	0.171919
124.535	1.38331	0.298333	0.169094	1.44102	0.575088	0.167702	1.05203	0.663201	0.171953
124.751	1.38326	0.298305	0.169076	1.44103	0.575116	0.167702	1.052	0.663201	0.171942
125.009	1.38327	0.298354	0.169112	1.44097	0.575055	0.167655	1.05199	0.663205	0.171918
125.207	1.38328	0.298361	0.169129	1.44079	0.574558	0.167462	1.052	0.663211	0.171924
125.433	1.38329	0.298337	0.169073	1.44102	0.575087	0.167705	1.05201	0.663213	0.171965
125.658	1.38326	0.298327	0.169077	1.44093	0.575069	0.167588	1.05198	0.663215	0.171922
125.905	1.38323	0.298307	0.169058	1.44097	0.575084	0.167654	1.05199	0.663197	0.17191
126.113	1.38326	0.298328	0.169049	1.44098	0.575092	0.167583	1.05201	0.663194	0.171918
126.319	1.38328	0.298333	0.169092	1.44098	0.575104	0.167581	1.052	0.663198	0.171928
126.523	1.38327	0.298325	0.169057	1.44093	0.575039	0.167532	1.05202	0.663173	0.17194
126.738	1.38327	0.298328	0.169063	1.44101	0.575066	0.167661	1.05203	0.663178	0.171914
126.989	1.38327	0.298316	0.169056	1.44102	0.57508	0.167639	1.05203	0.663176	0.171942
127.21	1.38326	0.298284	0.169054	1.44101	0.575074	0.16767	1.05202	0.663207	0.171942
127.38	1.38328	0.298323	0.169078	1.44098	0.575079	0.167581	1.05201	0.663177	0.17192
127.59	1.38328	0.298306	0.169042	1.44101	0.575076	0.167646	1.05199	0.663154	0.171886
127.812	1.38327	0.298306	0.169065	1.44097	0.57505	0.167579	1.052	0.663204	0.171917
128.067	1.3833	0.29834	0.169118	1.441	0.575086	0.167608	1.05199	0.663184	0.171914
128.283	1.38324	0.298298	0.169048	1.44096	0.575069	0.167559	1.052	0.66317	0.171894
128.543	1.38327	0.298314	0.169066	1.44105	0.575108	0.167679	1.05197	0.663184	0.171884
128.78	1.38327	0.298353	0.169099	1.441	0.575087	0.167679	1.05197	0.663203	0.171925
128.98	1.38327	0.298352	0.169094	1.44098	0.575097	0.167664	1.05198	0.663208	0.171931
129.148	1.38324	0.298345	0.169086	1.4409	0.575072	0.167545	1.05194	0.663197	0.171849
129.382	1.38319	0.298366	0.169087	1.44077	0.574577	0.167463	1.05196	0.663205	0.171873
129.599	1.38315	0.298393	0.16912	1.441	0.575078	0.167682	1.05195	0.663209	0.171902
129.852	1.38316	0.298414	0.169132	1.44081	0.574619	0.167487	1.05199	0.663221	0.17189
130.133	1.38313	0.298401	0.16911	1.44074	0.574563	0.16737	1.05196	0.6632	0.171894
130.4	1.38311	0.298448	0.169128	1.44079	0.57458	0.167467	1.05197	0.663209	0.171913
130.681	1.38313	0.298474	0.169156	1.44101	0.575089	0.167656	1.05199	0.663199	0.17193
130.89	1.38313	0.298507	0.169185	1.44079	0.574587	0.167452	1.05201	0.663211	0.171924
131.094	1.38308	0.298542	0.169164	1.44098	0.575114	0.167636	1.052	0.663195	0.171937
131.349	1.38296	0.298663	0.169247	1.44099	0.575099	0.167666	1.05199	0.663202	0.171917
131.555	1.38288	0.298769	0.169332	1.441	0.575109	0.167668	1.05201	0.663211	0.171935
131.9	1.38286	0.298762	0.169291	1.44099	0.575092	0.167632	1.05201	0.663231	0.171958
132.132	1.38331	0.298102	0.169046	1.44095	0.575102	0.167598	1.05197	0.663211	0.171897
132.365	1.38334	0.298118	0.169097	1.44101	0.575118	0.167688	1.052	0.663196	0.171924
132.646	1.38332	0.298103	0.169065	1.44098	0.575081	0.167676	1.05199	0.663206	0.171932
132.908	1.38332	0.298108	0.16905	1.44101	0.575113	0.167675	1.052	0.663225	0.171924
133.13	1.38332	0.298086	0.169045	1.44098	0.575089	0.167661	1.05196	0.66321	0.171929
133.44	1.38328	0.298103	0.169038	1.44096	0.575069	0.167647	1.05196	0.663194	0.171924
133.676	1.38332	0.298094	0.169054	1.44098	0.575099	0.167673	1.05198	0.663197	0.171917
133.91	1.38329	0.298139	0.169069	1.44076	0.574594	0.167438	1.05196	0.663213	0.171901
134.171	1.38326	0.298155	0.16911	1.44096	0.575083	0.167682	1.05196	0.663197	0.171902
134.44	1.38325	0.298122	0.169078	1.44098	0.575102	0.167687	1.052	0.663226	0.17195
134.715	1.38324	0.298114	0.169051	1.44096	0.575094	0.16759	1.05196	0.663193	0.171903
134.962	1.38328	0.298143	0.16908	1.44095	0.575094	0.167601	1.05195	0.663202	0.171898
135.193	1.38325	0.298138	0.169066	1.44097	0.575087	0.167647	1.05197	0.6632	0.171915
135.454	1.38329	0.298143	0.169077	1.44096	0.575088	0.167642	1.05199	0.663193	0.171951
135.728	1.38327	0.298163	0.169098	1.44077	0.574595	0.167431	1.05198	0.66321	0.17194
135.972	1.38324	0.298179	0.169101	1.44079	0.574593	0.167462	1.05197	0.663223	0.171912
136.243	1.38325	0.298188	0.169088	1.441	0.57512	0.167695	1.05198	0.663203	0.171921
136.578	1.38327	0.298152	0.16909	1.44095	0.575104	0.167615	1.05198	0.663219	0.171942
136.794	1.38313	0.298292	0.169233	1.44079	0.574606	0.167478	1.05196	0.663226	0.171899
137.021	1.3839	0.297431	0.168501	1.4408	0.574609	0.167482	1.05195	0.6632	0.171888
137.224	1.38395	0.297371	0.168493	1.4409	0.575071	0.167596	1.05199	0.663207	0.171922
137.431	1.38393	0.297377	0.168488	1.44098	0.575089	0.167658	1.05198	0.663183	0.171945
137.619	1.38387	0.297386	0.168464	1.44095	0.575063	0.167642	1.05195	0.66319	0.171903
137.94	1.38387	0.297356	0.168451	1.44072	0.574555	0.167418	1.05193	0.663167	0.171859
138.193	1.3839	0.297384	0.168473	1.44096	0.575061	0.167642	1.05199	0.663193	0.17191
138.486	1.38391	0.297363	0.168529	1.44094	0.575057	0.167635	1.05196	0.663176	0.171905
138.704	1.38385	0.297375	0.168458	1.44094	0.575079	0.16765	1.05196	0.663182	0.171895
138.862	1.38384	0.297384	0.168489	1.441	0.575102	0.167676	1.05195	0.663172	0.171904
139.069	1.38381	0.297439	0.168545	1.44097	0.575078	0.167662	1.05198	0.663179	0.171944
139.261	1.38379	0.297473	0.168524	1.44096	0.575079	0.167628	1.05195	0.663211	0.171902
139.444	1.3848	0.296471	0.167801	1.44093	0.575056	0.167644	1.05196	0.663209	0.171893
139.594	1.38481	0.296484	0.167783	1.44074	0.574531	0.167376	1.05194	0.663185	0.171894
139.75	1.38481	0.296479	0.167833	1.44099	0.57511	0.167661	1.05197	0.663202	0.171936
139.934	1.38481	0.296497	0.167828	1.44093	0.575072	0.16763	1.05192	0.663185	0.171892
140.089	1.38479	0.296537	0.167827	1.44097	0.575083	0.167612	1.05195	0.663205	0.171867
140.246	1.38484	0.296536	0.167829	1.44077	0.574586	0.167451	1.052	0.663204	0.171928
140.376	1.3848	0.296556	0.167843	1.44075	0.574593	0.167446	1.052	0.66322	0.171939
140.562	1.38481	0.296551	0.167866	1.44077	0.574564	0.167435	1.05195	0.663185	0.171891
140.749	1.38479	0.296528	0.167808	1.44094	0.575049	0.167621	1.05193	0.663206	0.171851
140.905	1.38481	0.296562	0.167829	1.44097	0.575088	0.167636	1.05198	0.663211	0.171935
141.042	1.38479	0.296551	0.167852	1.44099	0.575091	0.167637	1.05198	0.663203	0.171905
141.159	1.38483	0.296511	0.16781	1.44074	0.574567	0.167428	1.05197	0.66321	0.171895
141.219	1.38482	0.296565	0.167813	1.44078	0.574617	0.167477	1.05195	0.663219	0.171895
141.286	1.38487	0.296547	0.1678	1.44076	0.574583	0.16744	1.05197	0.663223	0.1719
141.446	1.38484	0.296514	0.167809	1.44075	0.574572	0.167449	1.052	0.663239	0.171953
141.726	1.38481	0.296529	0.167796	1.44096	0.5751	0.167632	1.05193	0.663213	0.171851
141.917	1.38483	0.2965	0.167782	1.44079	0.574597	0.167469	1.05196	0.663206	0.171902
142.183	1.38483	0.296569	0.167835	1.44098	0.5751	0.167676	1.05199	0.663186	0.171946
142.355	1.38483	0.296524	0.167824	1.44097	0.575078	0.167568	1.05199	0.663197	0.171912
142.507	1.38477	0.296509	0.167816	1.44093	0.575062	0.167629	1.05195	0.663207	0.171888
142.674	1.38478	0.296496	0.167811	1.44076	0.574569	0.167442	1.05197	0.663203	0.171903
142.98	1.38485	0.296488	0.167801	1.44077	0.574582	0.167467	1.05198	0.663181	0.171925
143.224	1.3848	0.296493	0.1678	1.44094	0.575075	0.167589	1.05196	0.66319	0.171885
143.482	1.3848	0.296547	0.167839	1.44091	0.575066	0.167533	1.05197	0.663195	0.171906
143.712	1.38477	0.296531	0.167818	1.44076	0.574568	0.167435	1.05199	0.663207	0.171906
143.96	1.38481	0.2965	0.167832	1.44097	0.575092	0.167641	1.05199	0.663202	0.17188
144.159	1.38479	0.296541	0.167807	1.44075	0.574571	0.16743	1.05198	0.663174	0.171854
144.377	1.38484	0.296562	0.167847	1.441	0.575095	0.167643	1.05197	0.663189	0.171884
144.638	1.38485	0.29651	0.167778	1.44098	0.575098	0.16766	1.05199	0.663198	0.171904
144.871	1.38484	0.296551	0.167876	1.441	0.575107	0.167622	1.05198	0.663179	0.171886
145.075	1.38486	0.29649	0.167775	1.44093	0.575074	0.167561	1.05197	0.663194	0.171882
145.356	1.38482	0.296529	0.167805	1.44077	0.574552	0.167423	1.05196	0.66322	0.171903
145.628	1.38487	0.296516	0.167775	1.441	0.57511	0.167656	1.052	0.6632	0.171893
145.86	1.38479	0.296509	0.167779	1.44096	0.575066	0.167574	1.05199	0.663218	0.171893
146.062	1.38484	0.296517	0.167764	1.44071	0.574475	0.167285	1.05196	0.663211	0.171865
146.281	1.38482	0.296505	0.167786	1.44101	0.575092	0.167659	1.05197	0.663184	0.171838
146.46	1.38485	0.296512	0.167786	1.44072	0.574554	0.16734	1.05197	0.663196	0.171879
146.638	1.38481	0.29649	0.167769	1.44102	0.57508	0.167627	1.05197	0.663182	0.171875
146.815	1.38486	0.296554	0.167808	1.44074	0.574567	0.16743	1.05198	0.663204	0.17191
147.029	1.38482	0.296578	0.167845	1.44075	0.574497	0.167354	1.05198	0.663204	0.171893
147.213	1.38485	0.296542	0.167816	1.44078	0.574574	0.167455	1.052	0.663201	0.171902
147.399	1.38482	0.296487	0.167794	1.44074	0.574512	0.167312	1.05196	0.663201	0.17187
147.605	1.38486	0.296489	0.167807	1.44076	0.574565	0.1674	1.05193	0.663201	0.171871
147.864	1.38483	0.296544	0.167809	1.44098	0.575085	0.167569	1.05199	0.663217	0.171922
148.106	1.38479	0.296528	0.167826	1.44096	0.575248	0.167751	1.05196	0.663191	0.171896
148.361	1.38483	0.296526	0.167809	1.44097	0.574352	0.167141	1.05198	0.663183	0.171885
148.66	1.38482	0.296512	0.167822	1.44109	0.574947	0.167522	1.05196	0.663192	0.171884
148.909	1.38481	0.296509	0.167847	1.44102	0.574943	0.167419	1.05199	0.663185	0.171904
149.137	1.38476	0.296527	0.167842	1.44082	0.575404	0.167535	1.05196	0.663178	0.171898
149.335	1.38475	0.296477	0.167793	1.44138	0.573704	0.166557	1.05196	0.663194	0.171897
149.592	1.38479	0.29655	0.167825	1.44172	0.574365	0.167052	1.05193	0.663185	0.171842
149.831	1.38476	0.296526	0.167819	1.44174	0.574367	0.167055	1.05197	0.663186	0.171898
150.094	1.38479	0.296559	0.16781	1.44149	0.575033	0.167645	1.05197	0.663177	0.171907
150.328	1.38477	0.296516	0.16786	1.44276	0.572281	0.165218	1.05196	0.663185	0.171869
150.555	1.38478	0.29652	0.167814	1.44277	0.573013	0.165639	1.05192	0.663198	0.171847
150.782	1.3848	0.296584	0.167844	1.44281	0.572463	0.16503	1.05198	0.663196	0.171894
151	1.38483	0.296555	0.167803	1.44272	0.572295	0.165286	1.05197	0.663194	0.171907
151.216	1.38475	0.296534	0.167839	1.44275	0.572298	0.165259	1.05195	0.663208	0.171866
151.453	1.38477	0.296549	0.167811	1.44281	0.573073	0.165674	1.05196	0.663192	0.171875
151.771	1.38479	0.296552	0.167838	1.44289	0.571961	0.164933	1.05198	0.663205	0.171916
152.001	1.3848	0.296544	0.167855	1.44272	0.573045	0.165711	1.05196	0.663195	0.171911
152.246	1.38479	0.296553	0.167884	1.4427	0.572331	0.165241	1.05197	0.663197	0.171874
152.476	1.38481	0.296531	0.167802	1.44275	0.573066	0.165701	1.05197	0.663222	0.171896
152.695	1.38481	0.296559	0.167849	1.44163	0.573409	0.166254	1.05196	0.663212	0.171893
152.972	1.38482	0.296481	0.167779	1.44121	0.573952	0.166919	1.05194	0.663184	0.171873
153.193	1.38474	0.296526	0.167847	1.44088	0.574259	0.167262	1.05197	0.66319	0.171885
153.379	1.3848	0.296541	0.167849	1.44112	0.57491	0.167385	1.05198	0.66319	0.171916
153.567	1.38474	0.296596	0.16789	1.44109	0.574913	0.167367	1.05197	0.663199	0.171897
153.773	1.38476	0.29656	0.167841	1.44092	0.574316	0.167304	1.05194	0.663189	0.171854
154.006	1.38477	0.296569	0.167828	1.44073	0.574972	0.1677	1.05196	0.663201	0.171872
154.283	1.38481	0.296526	0.167846	1.44074	0.574949	0.167656	1.05199	0.663201	0.17191
154.483	1.38476	0.296548	0.167851	1.4402	0.574449	0.167444	1.05193	0.663235	0.171903
154.696	1.38473	0.2966	0.167892	1.44026	0.574457	0.167464	1.05244	0.662593	0.171367
154.886	1.38477	0.296554	0.167868	1.44042	0.574996	0.167614	1.05246	0.66262	0.171417
155.069	1.38475	0.296579	0.167874	1.44027	0.574467	0.167492	1.05314	0.661882	0.170657
155.325	1.38472	0.296579	0.167845	1.44023	0.57446	0.167467	1.05309	0.661872	0.170635
155.574	1.38473	0.296544	0.167864	1.44022	0.574431	0.167416	1.05311	0.66187	0.17062
155.81	1.38444	0.296617	0.168057	1.43998	0.574879	0.167582	1.05313	0.661881	0.170669
156.027	1.38441	0.296599	0.168057	1.43982	0.57445	0.167623	1.05313	0.661878	0.170653
156.243	1.38378	0.296943	0.168489	1.43997	0.574845	0.167526	1.0531	0.661862	0.170623
156.454	1.38309	0.297322	0.169015	1.4398	0.574451	0.167578	1.05314	0.66184	0.170611
156.674	1.38306	0.297283	0.169011	1.43995	0.574889	0.167556	1.05312	0.661834	0.170623
156.944	1.38314	0.297281	0.168982	1.43979	0.574412	0.167526	1.05308	0.661886	0.170653
157.137	1.38307	0.297289	0.168998	1.4398	0.57444	0.16755	1.0531	0.661851	0.170618
157.34	1.38438	0.296575	0.168039	1.43999	0.574882	0.167604	1.05313	0.661868	0.170679
157.541	1.38298	0.297757	0.169015	1.43983	0.574915	0.167919	1.05314	0.661869	0.170691
157.726	1.38296	0.297739	0.169017	1.43975	0.574877	0.167908	1.05309	0.661865	0.170627
157.978	1.38286	0.297984	0.168848	1.43956	0.574073	0.167727	1.05311	0.661855	0.170581
158.185	1.38265	0.298125	0.169076	1.43956	0.574429	0.167868	1.05315	0.661875	0.170657
158.452	1.38271	0.29816	0.169156	1.43979	0.574548	0.167972	1.05313	0.661853	0.170615
158.647	1.38265	0.298125	0.169093	1.43852	0.574475	0.16887	1.05311	0.661855	0.170591
158.832	1.38265	0.298163	0.169127	1.43932	0.573722	0.168124	1.05316	0.66183	0.170618
159.081	1.3827	0.298148	0.169137	1.43932	0.573722	0.168124	1.05316	0.661873	0.17067
159.297	1.38267	0.298182	0.169154	1.43932	0.573722	0.168124	1.05313	0.661872	0.1706
159.44	1.38314	0.298332	0.169087	1.43932	0.573722	0.168124	1.0531	0.661891	0.170617
159.737	1.38295	0.298269	0.169107	1.43932	0.573722	0.168124	1.05315	0.661852	0.170628
159.976	1.38333	0.298102	0.16894	1.44299	0.574189	0.166477	1.05316	0.66188	0.170623
160.198	1.38332	0.298095	0.168953	1.44281	0.574597	0.166864	1.0524	0.662566	0.17139
160.429	1.38335	0.298062	0.168896	1.44322	0.57475	0.166882	1.0524	0.662595	0.171374
160.744	1.38399	0.297892	0.168343	1.4425	0.57324	0.165708	1.05242	0.662557	0.171401
160.953	1.38365	0.297549	0.168572	1.4429	0.572954	0.165532	1.05244	0.662564	0.171387
161.186	1.38384	0.297712	0.168493	1.44277	0.572148	0.165077	1.05246	0.663057	0.171279
161.451	1.38355	0.297219	0.168993	1.44289	0.572445	0.165081	1.05244	0.662596	0.171345
161.683	1.38363	0.297065	0.16905	1.44286	0.57294	0.165574	1.0525	0.662574	0.171322
161.865	1.38373	0.297449	0.168936	1.44296	0.57253	0.165331	1.05252	0.662574	0.171275
162.052	1.38373	0.297464	0.168962	1.44325	0.570384	0.163318	1.05235	0.662709	0.171358
162.331	1.38388	0.29716	0.168872	1.44332	0.570303	0.163243	1.05311	0.661864	0.170591
162.551	1.38414	0.296852	0.168706	1.44321	0.570754	0.16358	1.05313	0.661831	0.170613
162.809	1.38421	0.296687	0.168683	1.44325	0.570688	0.163559	1.053	0.661942	0.170792
163.043	1.38411	0.296759	0.168778	1.44326	0.570319	0.163212	1.05222	0.662347	0.171394
163.275	1.38365	0.297213	0.169034	1.44323	0.570643	0.163524	1.05275	0.662031	0.170903
163.551	1.38359	0.297468	0.169069	1.44324	0.570633	0.163432	1.05285	0.662017	0.17091
163.628	1.38359	0.297468	0.169069	1.44324	0.570633	0.163432	1.05285	0.662017	0.17091
164.391	1.38359	0.297468	0.169069	1.44324	0.570633	0.163432	1.05285	0.662017	0.17091
