Time      x1      y1      z1	x2	y2	z2	x3	y3	z3	x4	y4	z4
8.719	6.94034e-310	6.94034e-310	2.122e-314	3.135e-317	1.5316e-322	6.94034e-310	0	0	0
8.769	6.94034e-310	6.94034e-310	2.122e-314	3.135e-317	1.5316e-322	6.94034e-310	0	0	0
8.806	6.94034e-310	6.94034e-310	2.122e-314	3.135e-317	1.5316e-322	6.94034e-310	0	0	0
8.828	6.94034e-310	6.94034e-310	2.122e-314	3.135e-317	1.5316e-322	6.94034e-310	0	0	0
8.855	6.94034e-310	6.94034e-310	2.122e-314	3.135e-317	1.5316e-322	6.94034e-310	0	0	0
8.901	6.94034e-310	6.94034e-310	2.122e-314	3.135e-317	1.5316e-322	6.94034e-310	0	0	0
9.084	6.94034e-310	6.94034e-310	2.122e-314	3.135e-317	1.5316e-322	6.94034e-310	0	0	0
9.107	6.94034e-310	6.94034e-310	2.122e-314	3.135e-317	1.5316e-322	6.94034e-310	0	0	0
9.13	6.94034e-310	6.94034e-310	2.122e-314	3.135e-317	1.5316e-322	6.94034e-310	0	0	0
9.159	6.94034e-310	6.94034e-310	2.122e-314	3.135e-317	1.5316e-322	6.94034e-310	0	0	0
9.213	6.94034e-310	6.94034e-310	2.122e-314	3.135e-317	1.5316e-322	6.94034e-310	0	0	0
9.236	6.94034e-310	6.94034e-310	2.122e-314	3.135e-317	1.5316e-322	6.94034e-310	0	0	0
10.227	6.94034e-310	6.94034e-310	2.122e-314	3.135e-317	1.5316e-322	6.94034e-310	0	0	0
10.337	-1.71469	0.463361	0.146658	-1.72282	0.745151	0.143536	-2.12285	0.742586	0.151207
10.457	-1.7147	0.463323	0.146636	-1.72285	0.745129	0.143661	-2.1228	0.74266	0.151194
10.57	-1.71467	0.463316	0.146598	-1.72282	0.745131	0.143519	-2.12279	0.742525	0.151136
10.734	-1.7147	0.463317	0.146624	-1.72285	0.745162	0.143674	-2.1228	0.742487	0.151142
10.88	-1.71472	0.463305	0.146662	-1.72286	0.745148	0.143621	-2.12276	0.742532	0.151163
11.061	-1.71471	0.463302	0.146618	-1.72286	0.745146	0.143685	-2.12274	0.742583	0.151137
11.277	-1.71468	0.463287	0.146631	-1.72285	0.745165	0.143649	-2.1228	0.742557	0.151203
11.509	-1.71468	0.463291	0.146642	-1.72285	0.745153	0.143564	-2.12278	0.742605	0.151242
11.713	-1.71468	0.463272	0.146675	-1.72284	0.74515	0.143682	-2.12275	0.742669	0.151249
11.95	-1.71465	0.463266	0.146633	-1.72283	0.745161	0.14367	-2.12275	0.742633	0.15125
12.117	-1.71466	0.463259	0.146628	-1.72281	0.745156	0.143538	-2.12276	0.742546	0.151213
12.26	-1.71466	0.463271	0.14665	-1.72287	0.745159	0.143724	-2.12275	0.742632	0.151268
12.371	-1.71466	0.46326	0.146694	-1.72287	0.745163	0.143693	-2.12275	0.742628	0.151242
12.481	-1.71465	0.463274	0.146669	-1.72288	0.74511	0.143602	-2.12277	0.742589	0.151279
12.598	-1.71464	0.463278	0.146679	-1.72283	0.745197	0.143692	-2.12276	0.742633	0.151304
12.731	-1.71465	0.463276	0.146664	-1.72285	0.745183	0.143721	-2.12273	0.742669	0.151314
12.84	-1.71465	0.463284	0.146649	-1.72286	0.745126	0.143599	-2.12271	0.742697	0.151313
12.96	-1.71459	0.463291	0.146504	-1.72285	0.745209	0.143694	-2.12276	0.742644	0.151333
13.07	-1.71467	0.463298	0.14667	-1.72282	0.745114	0.143555	-2.12273	0.742693	0.151354
13.179	-1.71482	0.463296	0.146839	-1.72285	0.745143	0.143646	-2.12271	0.742715	0.151306
13.45	-1.71466	0.463299	0.14663	-1.72282	0.745177	0.143652	-2.12275	0.742678	0.151316
13.584	-1.71466	0.463316	0.146642	-1.72285	0.745176	0.143661	-2.12275	0.742612	0.151306
13.766	-1.7146	0.463233	0.146475	-1.72287	0.745102	0.143582	-2.12275	0.742681	0.151343
13.956	-1.71469	0.46332	0.146636	-1.72287	0.745114	0.14357	-2.12274	0.742716	0.151329
14.118	-1.7147	0.463347	0.146665	-1.72285	0.745119	0.143564	-2.12277	0.742667	0.151336
14.31	-1.7147	0.463371	0.146633	-1.72285	0.745165	0.143605	-2.12278	0.742701	0.151372
14.499	-1.7147	0.463376	0.146668	-1.72281	0.74509	0.143513	-2.12274	0.742685	0.151318
14.668	-1.71471	0.463396	0.146649	-1.72286	0.74517	0.143703	-2.12275	0.742672	0.151329
14.795	-1.71472	0.463395	0.146642	-1.72283	0.745142	0.143602	-2.12281	0.74264	0.151332
14.918	-1.71473	0.463409	0.146674	-1.72285	0.745149	0.143677	-2.12279	0.742674	0.151313
15.026	-1.7149	0.4634	0.146827	-1.72285	0.745103	0.143574	-2.1228	0.742646	0.151291
15.155	-1.71469	0.463419	0.146641	-1.72285	0.74517	0.14358	-2.12283	0.742694	0.151323
15.263	-1.7147	0.463432	0.146656	-1.72287	0.745204	0.143697	-2.1228	0.742693	0.151321
15.378	-1.71469	0.463415	0.146658	-1.72286	0.74514	0.143709	-2.12279	0.742625	0.151265
15.492	-1.71469	0.46343	0.14667	-1.72283	0.745142	0.143652	-2.12281	0.74268	0.151293
15.612	-1.71465	0.46344	0.146649	-1.72282	0.74515	0.143543	-2.12283	0.742603	0.151239
15.72	-1.71467	0.463443	0.146692	-1.72288	0.745132	0.1436	-2.12283	0.742693	0.151251
15.829	-1.71465	0.46346	0.146643	-1.72284	0.745083	0.143607	-2.12283	0.742652	0.151234
15.937	-1.71466	0.46348	0.14666	-1.72279	0.745086	0.143486	-2.12283	0.742669	0.151208
16.065	-1.71464	0.463485	0.146665	-1.72303	0.745258	0.143925	-2.12286	0.742687	0.15125
16.172	-1.71466	0.46344	0.146689	-1.72285	0.745146	0.143682	-2.12286	0.742639	0.151172
16.292	-1.71461	0.463461	0.146635	-1.72283	0.745115	0.143528	-2.12288	0.742645	0.151146
16.399	-1.7146	0.463441	0.146635	-1.72279	0.745188	0.143591	-2.12285	0.742626	0.151151
16.528	-1.71462	0.463453	0.146651	-1.72284	0.745201	0.143681	-2.12289	0.742608	0.151139
16.641	-1.71461	0.463453	0.146637	-1.72282	0.745163	0.143668	-2.12278	0.742714	0.151093
16.824	-1.71459	0.463454	0.146592	-1.72301	0.745256	0.143875	-2.12284	0.742551	0.151043
17.036	-1.7146	0.463455	0.146603	-1.72283	0.745202	0.143648	-2.12287	0.74253	0.151051
17.241	-1.71462	0.463453	0.146651	-1.72283	0.74515	0.143666	-2.12286	0.742532	0.151066
17.386	-1.71462	0.463432	0.146634	-1.72286	0.745143	0.14369	-2.12285	0.742642	0.151101
17.505	-1.71457	0.463442	0.146545	-1.72279	0.745167	0.143436	-2.12284	0.742551	0.151055
17.683	-1.71461	0.463439	0.14663	-1.72284	0.745171	0.143639	-2.12287	0.742534	0.151082
17.855	-1.71461	0.463423	0.146641	-1.72288	0.745153	0.143727	-2.1229	0.742597	0.151095
18.032	-1.71459	0.463431	0.14662	-1.72282	0.745154	0.143604	-2.12286	0.742518	0.151019
18.22	-1.71458	0.463414	0.146573	-1.72282	0.745199	0.143627	-2.12288	0.742665	0.15113
18.457	-1.71464	0.463385	0.146639	-1.72289	0.745133	0.143694	-2.12293	0.742511	0.151067
18.771	-1.71461	0.463409	0.14662	-1.72284	0.745068	0.143532	-2.1229	0.742606	0.151099
19.058	-1.71456	0.463384	0.146593	-1.72302	0.745289	0.143936	-2.12291	0.742649	0.151139
19.19	-1.7146	0.463373	0.146596	-1.72286	0.745197	0.143727	-2.12295	0.74256	0.151143
19.292	-1.71481	0.463375	0.146805	-1.7229	0.745146	0.143762	-2.12286	0.742801	0.151185
19.406	-1.71458	0.463387	0.146583	-1.72279	0.745099	0.143576	-2.12288	0.742579	0.151054
19.504	-1.71454	0.463358	0.146487	-1.72276	0.745161	0.143541	-2.12286	0.742614	0.15107
19.614	-1.7146	0.46335	0.146584	-1.72285	0.745141	0.14371	-2.12291	0.74251	0.151154
19.729	-1.71482	0.463344	0.146787	-1.72289	0.745177	0.143751	-2.12285	0.742676	0.151165
19.828	-1.7146	0.463336	0.146503	-1.72283	0.745102	0.143531	-2.12286	0.742664	0.15117
19.925	-1.71458	0.463335	0.146515	-1.72281	0.745184	0.143633	-2.12286	0.7426	0.15115
20.038	-1.71463	0.463341	0.146583	-1.72283	0.74515	0.143674	-2.12283	0.742678	0.151207
20.23	-1.71463	0.463327	0.146574	-1.72286	0.745128	0.143595	-2.12285	0.742653	0.151174
20.538	-1.71463	0.463298	0.146536	-1.7228	0.745178	0.143641	-2.12285	0.742479	0.151123
20.774	-1.71463	0.463282	0.146544	-1.72284	0.745143	0.143659	-2.12285	0.742568	0.151182
20.92	-1.71464	0.463262	0.146563	-1.72288	0.74512	0.143697	-2.1228	0.742614	0.151168
21.067	-1.71463	0.463275	0.146557	-1.72282	0.74516	0.143653	-2.1228	0.742565	0.15116
21.233	-1.71463	0.463293	0.146537	-1.72281	0.745153	0.143513	-2.12282	0.742611	0.151195
21.406	-1.71464	0.463266	0.146563	-1.72283	0.745117	0.14365	-2.1228	0.742868	0.15135
21.582	-1.71464	0.463222	0.146564	-1.72287	0.745163	0.14375	-2.12278	0.742631	0.151227
21.732	-1.71464	0.463259	0.146536	-1.72283	0.745178	0.143627	-2.12278	0.742573	0.15121
21.85	-1.71464	0.463249	0.146553	-1.72286	0.745118	0.143591	-2.12278	0.742635	0.151264
22.03	-1.71479	0.463225	0.146701	-1.72283	0.745086	0.143528	-2.12273	0.742669	0.151228
22.233	-1.71465	0.463261	0.146582	-1.72283	0.745096	0.143555	-2.12273	0.742523	0.151243
22.404	-1.71464	0.463253	0.146574	-1.72285	0.745217	0.143705	-2.12276	0.742588	0.151279
22.592	-1.71463	0.463229	0.146573	-1.72284	0.745153	0.143701	-2.12276	0.74263	0.151254
22.811	-1.71462	0.463252	0.14655	-1.72281	0.745141	0.143671	-2.12272	0.74259	0.151267
22.991	-1.71468	0.46325	0.146587	-1.72285	0.745106	0.143568	-2.12277	0.742629	0.15131
23.176	-1.71466	0.463277	0.146598	-1.72286	0.745161	0.143674	-2.12274	0.742545	0.151271
23.368	-1.71466	0.463245	0.146613	-1.72281	0.745104	0.143564	-2.12274	0.742618	0.151286
23.547	-1.71465	0.463256	0.14656	-1.72283	0.745145	0.143632	-2.12273	0.742645	0.151299
23.726	-1.71471	0.463293	0.146613	-1.72286	0.745182	0.143703	-2.12275	0.742667	0.151305
23.941	-1.71471	0.463283	0.146626	-1.72286	0.745157	0.143697	-2.12273	0.742655	0.151298
24.116	-1.7147	0.463326	0.146612	-1.72284	0.745086	0.14363	-2.12272	0.742577	0.151229
24.294	-1.71469	0.463306	0.146596	-1.72284	0.745182	0.143668	-2.12274	0.742635	0.151271
24.488	-1.71472	0.463339	0.146619	-1.72285	0.745203	0.143733	-2.12276	0.742527	0.151244
24.669	-1.71471	0.463346	0.146633	-1.72285	0.745162	0.143727	-2.12275	0.74255	0.151212
24.885	-1.7147	0.463317	0.146635	-1.72283	0.745089	0.143636	-2.12273	0.742796	0.151332
25.115	-1.71471	0.463369	0.146656	-1.72282	0.745163	0.143518	-2.12274	0.742587	0.151267
25.413	-1.71472	0.463346	0.146661	-1.72286	0.745152	0.143699	-2.12275	0.742582	0.151224
25.695	-1.71472	0.46336	0.146643	-1.72284	0.745106	0.143565	-2.12271	0.742624	0.15123
25.973	-1.71469	0.463366	0.146613	-1.72285	0.745142	0.143591	-2.12274	0.742587	0.151212
26.24	-1.7147	0.463402	0.146652	-1.72282	0.745197	0.143625	-2.12278	0.742536	0.151185
26.519	-1.7147	0.463403	0.14667	-1.72282	0.745153	0.143647	-2.12277	0.742543	0.151179
26.7	-1.71468	0.463395	0.146666	-1.72285	0.745184	0.143716	-2.12281	0.74269	0.151231
26.862	-1.71469	0.463407	0.146672	-1.72283	0.745196	0.14368	-2.12281	0.742634	0.151213
27.042	-1.71468	0.463434	0.146679	-1.72285	0.745133	0.143567	-2.12281	0.742609	0.151167
27.239	-1.71467	0.463407	0.146664	-1.72282	0.745125	0.143671	-2.12281	0.742668	0.151167
27.418	-1.71466	0.463433	0.146658	-1.72281	0.745088	0.143543	-2.12283	0.742645	0.151203
27.665	-1.71464	0.463439	0.146652	-1.72281	0.745148	0.143503	-2.12284	0.742638	0.151217
27.931	-1.71467	0.463452	0.146683	-1.72285	0.745149	0.143687	-2.12285	0.742626	0.151163
28.118	-1.71467	0.463422	0.146688	-1.72283	0.745078	0.143555	-2.12283	0.742555	0.151135
28.297	-1.71466	0.463459	0.146708	-1.72285	0.745198	0.143709	-2.12283	0.742666	0.151198
28.494	-1.71466	0.463439	0.146657	-1.72282	0.745153	0.143626	-2.12288	0.74263	0.151158
28.676	-1.71482	0.463451	0.146857	-1.72286	0.74516	0.143681	-2.12286	0.74258	0.15111
28.858	-1.71466	0.463464	0.146708	-1.72286	0.745173	0.143679	-2.12285	0.742701	0.15116
29.078	-1.71465	0.463464	0.146647	-1.72281	0.745141	0.143618	-2.12289	0.742677	0.151196
29.261	-1.71465	0.463445	0.146692	-1.72287	0.745142	0.143627	-2.12286	0.742596	0.151147
29.441	-1.71464	0.463447	0.146656	-1.72286	0.745095	0.143538	-2.12287	0.742631	0.151142
29.637	-1.71466	0.463468	0.146685	-1.72281	0.745152	0.143633	-2.12289	0.742604	0.151135
29.818	-1.71464	0.463465	0.14667	-1.72304	0.745231	0.143926	-2.12287	0.74265	0.151183
30.035	-1.71466	0.463467	0.14667	-1.72285	0.745166	0.143706	-2.12289	0.742638	0.151151
30.181	-1.71464	0.463459	0.146647	-1.72284	0.745137	0.143562	-2.12287	0.74262	0.151148
30.4	-1.71462	0.463452	0.146651	-1.72281	0.745178	0.143595	-2.12285	0.742687	0.15116
30.581	-1.71462	0.463441	0.146645	-1.72281	0.745173	0.143618	-2.12283	0.742665	0.151176
30.774	-1.71454	0.463405	0.146437	-1.72283	0.745123	0.14356	-2.12284	0.742675	0.151148
30.955	-1.71452	0.463368	0.146442	-1.72284	0.745196	0.143669	-2.12285	0.742654	0.151169
31.175	-1.71461	0.463445	0.146637	-1.72279	0.745216	0.143629	-2.12287	0.742593	0.151183
31.354	-1.71464	0.463432	0.146677	-1.72285	0.745152	0.143729	-2.12283	0.742643	0.151181
31.534	-1.71461	0.463417	0.14663	-1.72285	0.745158	0.143713	-2.12281	0.742592	0.151167
31.714	-1.71461	0.463405	0.146579	-1.7228	0.745107	0.143481	-2.12285	0.742578	0.1512
31.909	-1.71464	0.463419	0.146608	-1.72283	0.745131	0.143554	-2.12284	0.742601	0.151167
32.109	-1.71463	0.463411	0.146622	-1.72286	0.745164	0.143655	-2.12282	0.742664	0.151191
32.39	-1.71465	0.463425	0.146608	-1.72283	0.745155	0.143644	-2.12286	0.742665	0.151155
32.582	-1.71463	0.463403	0.146617	-1.7228	0.745196	0.14364	-2.12286	0.742611	0.15119
32.859	-1.71464	0.46338	0.146648	-1.72285	0.745124	0.143575	-2.12282	0.742689	0.151192
33.098	-1.71463	0.463398	0.146617	-1.72282	0.74513	0.14368	-2.1228	0.742662	0.151205
33.316	-1.71464	0.463388	0.146592	-1.72278	0.745144	0.143473	-2.12281	0.742679	0.151222
33.562	-1.71464	0.463374	0.146624	-1.72283	0.745185	0.143677	-2.12285	0.742644	0.151253
33.743	-1.71465	0.463373	0.146666	-1.72282	0.745071	0.143541	-2.1228	0.742688	0.151239
33.963	-1.71463	0.463362	0.146583	-1.72283	0.745185	0.143724	-2.12281	0.742595	0.151189
34.147	-1.71462	0.463357	0.146582	-1.72279	0.745181	0.143577	-2.1228	0.74257	0.151188
34.326	-1.71466	0.463354	0.146611	-1.72281	0.745118	0.143639	-2.12279	0.742613	0.151249
34.525	-1.71464	0.463357	0.146608	-1.72282	0.745134	0.143652	-2.12272	0.742671	0.151214
34.706	-1.71464	0.463333	0.146567	-1.72284	0.745191	0.14369	-2.12278	0.742516	0.151203
34.924	-1.71464	0.463343	0.146578	-1.72282	0.745202	0.143667	-2.12278	0.742549	0.151206
35.103	-1.71464	0.463328	0.146567	-1.72282	0.745145	0.143695	-2.12275	0.742527	0.151149
35.282	-1.71461	0.463323	0.146577	-1.7228	0.745177	0.14364	-2.12275	0.742556	0.151168
35.478	-1.71466	0.463353	0.146574	-1.72283	0.745167	0.143552	-2.12277	0.742537	0.151182
35.678	-1.71468	0.463337	0.146601	-1.72287	0.745125	0.143602	-2.12279	0.742636	0.151244
35.895	-1.71481	0.463322	0.146711	-1.72284	0.74515	0.143665	-2.12275	0.742625	0.151198
36.082	-1.71463	0.463347	0.146524	-1.7228	0.745123	0.143485	-2.12279	0.742602	0.151208
36.258	-1.71464	0.46332	0.146541	-1.72282	0.745184	0.143623	-2.12282	0.742582	0.151224
36.435	-1.71464	0.463317	0.146546	-1.72284	0.745141	0.143679	-2.12276	0.742825	0.151345
36.614	-1.71481	0.463313	0.146742	-1.72285	0.745122	0.143669	-2.12274	0.742714	0.151211
36.802	-1.71462	0.463336	0.146585	-1.72281	0.745139	0.143535	-2.12278	0.74252	0.1512
36.985	-1.71464	0.463339	0.146603	-1.72282	0.745141	0.143683	-2.12279	0.742544	0.151201
37.21	-1.71462	0.463333	0.146574	-1.72282	0.745162	0.143662	-2.12276	0.742651	0.151222
37.387	-1.71464	0.463353	0.146595	-1.72284	0.745173	0.143699	-2.12276	0.742608	0.151222
37.562	-1.71467	0.463347	0.146602	-1.72284	0.745242	0.143583	-2.12283	0.742526	0.151192
37.749	-1.71464	0.463335	0.146601	-1.72284	0.745181	0.143625	-2.12277	0.742573	0.151159
37.941	-1.71462	0.463328	0.146561	-1.72281	0.745199	0.143587	-2.12275	0.74259	0.151151
38.131	-1.71463	0.463331	0.146598	-1.72283	0.745205	0.143541	-2.12279	0.742553	0.15116
38.299	-1.71466	0.463339	0.146609	-1.72288	0.745262	0.143711	-2.1228	0.742614	0.1512
38.465	-1.71462	0.463333	0.146597	-1.72282	0.745141	0.143537	-2.12278	0.742577	0.151159
38.632	-1.71461	0.463329	0.146612	-1.72282	0.745208	0.143669	-2.1228	0.742526	0.151153
38.841	-1.71465	0.463355	0.146602	-1.72285	0.745217	0.143636	-2.12281	0.742508	0.151148
39.027	-1.71464	0.46332	0.146597	-1.72286	0.745144	0.143639	-2.1228	0.742577	0.151153
39.193	-1.71461	0.463359	0.146566	-1.72281	0.745132	0.143522	-2.12275	0.742697	0.151127
39.394	-1.71465	0.463322	0.146629	-1.72287	0.745216	0.143709	-2.12284	0.742504	0.151146
39.583	-1.71467	0.463373	0.14664	-1.72288	0.745226	0.143708	-2.12283	0.742542	0.151166
39.791	-1.71463	0.463354	0.14659	-1.72281	0.745122	0.143592	-2.12274	0.742743	0.151159
39.986	-1.71463	0.463327	0.14658	-1.72282	0.745151	0.143531	-2.1228	0.742548	0.151139
40.183	-1.71468	0.463357	0.146641	-1.72288	0.745236	0.143733	-2.12281	0.742567	0.151209
40.362	-1.71468	0.463355	0.146629	-1.72284	0.745222	0.143687	-2.12281	0.742572	0.151211
40.54	-1.71466	0.463356	0.146617	-1.72281	0.745107	0.14365	-2.12279	0.742625	0.151161
40.765	-1.71465	0.463356	0.146595	-1.72281	0.745182	0.143655	-2.12284	0.742463	0.151109
40.943	-1.71467	0.463329	0.146615	-1.72286	0.745164	0.143646	-2.12288	0.742609	0.15121
41.121	-1.71464	0.463344	0.146599	-1.72282	0.745065	0.143521	-2.12283	0.742584	0.151137
41.324	-1.71464	0.463315	0.146592	-1.72281	0.745141	0.143691	-2.12281	0.742648	0.151151
41.509	-1.71465	0.463332	0.14656	-1.72285	0.745179	0.143685	-2.12286	0.742542	0.151149
41.774	-1.71466	0.463326	0.146589	-1.72286	0.745168	0.143718	-2.12282	0.742576	0.151168
41.948	-1.71463	0.463319	0.146601	-1.72286	0.745147	0.143686	-2.12275	0.742715	0.151167
42.123	-1.71466	0.463322	0.146575	-1.72287	0.745128	0.143698	-2.12279	0.742562	0.151157
42.295	-1.71466	0.463332	0.14658	-1.72285	0.745136	0.143494	-2.12279	0.742521	0.15115
42.482	-1.71464	0.463304	0.146561	-1.72286	0.745128	0.143662	-2.12277	0.742542	0.151122
42.655	-1.71466	0.463318	0.146584	-1.72287	0.745077	0.143601	-2.12276	0.742568	0.151129
42.843	-1.71468	0.463349	0.146607	-1.72286	0.74517	0.143683	-2.12279	0.742477	0.151121
43.059	-1.71468	0.463335	0.146596	-1.72285	0.745135	0.143651	-2.12284	0.742561	0.151196
43.233	-1.71464	0.463312	0.146559	-1.72283	0.745081	0.143527	-2.12274	0.742819	0.151204
43.406	-1.71465	0.463341	0.146565	-1.72279	0.745077	0.143482	-2.12277	0.742656	0.151178
43.636	-1.71468	0.463352	0.146613	-1.72279	0.745159	0.143495	-2.12282	0.742577	0.151189
43.882	-1.71468	0.463352	0.146615	-1.72282	0.745096	0.143548	-2.1228	0.742655	0.15122
44.164	-1.71466	0.463348	0.14661	-1.72282	0.7451	0.143643	-2.12275	0.742804	0.151266
44.405	-1.71465	0.463341	0.146566	-1.72279	0.745135	0.143478	-2.12281	0.742648	0.151222
44.638	-1.71468	0.463371	0.146623	-1.72281	0.745152	0.143608	-2.12285	0.742582	0.151187
44.817	-1.71467	0.463352	0.146598	-1.72284	0.745094	0.143635	-2.1228	0.742669	0.151229
45.007	-1.71468	0.463372	0.146613	-1.72281	0.745153	0.143629	-2.1228	0.742634	0.151233
45.18	-1.71467	0.463369	0.146603	-1.72283	0.745153	0.143585	-2.12281	0.742628	0.151257
45.39	-1.7147	0.463364	0.146629	-1.72286	0.745078	0.143533	-2.12281	0.742641	0.151277
45.562	-1.71468	0.463373	0.146594	-1.72281	0.745096	0.143603	-2.12276	0.742818	0.151294
45.731	-1.71467	0.463381	0.146571	-1.72282	0.745166	0.143618	-2.12279	0.742622	0.151215
45.835	-1.71468	0.463387	0.146626	-1.72285	0.74517	0.143665	-2.12281	0.742597	0.151277
45.986	-1.71469	0.46338	0.14664	-1.72286	0.745133	0.143681	-2.12281	0.742603	0.151257
46.158	-1.71465	0.463374	0.14658	-1.72284	0.745111	0.143656	-2.12272	0.74269	0.151229
46.367	-1.7146	0.463385	0.146556	-1.72278	0.74519	0.143587	-2.12279	0.742636	0.151242
46.575	-1.71466	0.463412	0.146661	-1.72284	0.745082	0.143556	-2.1228	0.742645	0.151252
46.772	-1.71464	0.463387	0.146618	-1.72282	0.745165	0.143704	-2.12276	0.742638	0.151232
46.91	-1.71464	0.463425	0.146629	-1.7228	0.745148	0.14363	-2.12277	0.74263	0.151208
47.137	-1.71463	0.4634	0.146618	-1.72278	0.745182	0.143567	-2.12279	0.74265	0.151244
47.308	-1.71466	0.463398	0.146651	-1.72283	0.74511	0.143601	-2.12278	0.742679	0.151231
47.48	-1.7146	0.463387	0.146601	-1.7228	0.745135	0.143619	-2.12275	0.742666	0.151201
47.693	-1.71463	0.463406	0.146609	-1.72284	0.745173	0.143678	-2.12279	0.742648	0.151227
47.864	-1.71464	0.463426	0.146663	-1.72282	0.745149	0.143671	-2.12281	0.742622	0.151247
48.034	-1.71464	0.463419	0.14665	-1.72284	0.745123	0.143664	-2.12277	0.742653	0.15123
48.222	-1.7146	0.46344	0.146634	-1.72275	0.745125	0.143556	-2.12277	0.74266	0.151228
48.394	-1.71461	0.463432	0.146629	-1.72282	0.745201	0.143633	-2.1228	0.742684	0.151246
48.605	-1.71464	0.463429	0.146671	-1.72284	0.745172	0.143697	-2.12278	0.742684	0.151245
48.775	-1.71463	0.463441	0.146667	-1.72282	0.745081	0.143518	-2.12275	0.742894	0.15129
48.93	-1.71461	0.463439	0.14666	-1.7228	0.745212	0.143617	-2.12281	0.742625	0.151211
49.044	-1.71464	0.46343	0.146708	-1.72283	0.745187	0.143663	-2.12281	0.742677	0.151218
49.168	-1.71458	0.463418	0.146617	-1.72282	0.745126	0.143644	-2.12278	0.742675	0.151198
49.329	-1.71459	0.463422	0.146625	-1.72279	0.745163	0.143617	-2.12276	0.742662	0.151182
49.538	-1.71462	0.463449	0.14665	-1.72279	0.745228	0.143637	-2.12282	0.742589	0.151178
49.706	-1.71464	0.463432	0.146704	-1.72286	0.745147	0.143757	-2.12279	0.742594	0.151176
49.875	-1.71458	0.46343	0.146646	-1.72279	0.745088	0.143524	-2.12273	0.742708	0.151146
50.043	-1.71459	0.463416	0.146622	-1.7228	0.745192	0.143643	-2.1228	0.742535	0.151135
50.23	-1.71463	0.463441	0.146691	-1.72282	0.745182	0.143679	-2.12283	0.742557	0.151153
50.405	-1.71463	0.463427	0.146661	-1.72284	0.745123	0.143706	-2.12285	0.742474	0.151121
50.659	-1.71458	0.463408	0.146605	-1.72276	0.745132	0.143614	-2.12276	0.742685	0.151078
50.887	-1.71461	0.463411	0.146629	-1.72278	0.745174	0.143637	-2.12282	0.742526	0.151121
51.117	-1.71462	0.463409	0.146634	-1.72282	0.745184	0.14367	-2.12283	0.742566	0.151162
51.333	-1.71461	0.463405	0.146613	-1.72283	0.745108	0.143633	-2.12278	0.742672	0.151187
51.522	-1.71457	0.463387	0.146553	-1.72279	0.74517	0.143636	-2.12278	0.7426	0.151136
51.708	-1.7146	0.463383	0.146577	-1.72278	0.745171	0.143614	-2.12282	0.742667	0.151187
51.888	-1.71461	0.463366	0.146585	-1.72285	0.745152	0.143692	-2.1228	0.742575	0.151109
52.101	-1.71463	0.463422	0.146611	-1.72283	0.745083	0.143553	-2.1228	0.742629	0.151143
52.282	-1.71458	0.463393	0.146536	-1.72281	0.745148	0.143582	-2.12285	0.742615	0.151178
52.461	-1.7146	0.463377	0.146546	-1.7228	0.74516	0.143647	-2.12285	0.742576	0.151096
52.616	-1.71461	0.463381	0.146598	-1.72281	0.74511	0.143666	-2.12281	0.742695	0.151184
52.833	-1.71457	0.463351	0.146561	-1.72282	0.745076	0.143541	-2.12282	0.742694	0.151197
53.052	-1.71459	0.463339	0.14656	-1.72282	0.745168	0.1436	-2.12283	0.742635	0.151156
53.225	-1.71462	0.463345	0.146594	-1.72283	0.745114	0.14354	-2.12282	0.742641	0.151176
53.373	-1.71461	0.463338	0.146565	-1.72283	0.74514	0.143647	-2.1228	0.74284	0.15125
53.536	-1.71459	0.463345	0.146574	-1.72282	0.745171	0.143644	-2.12284	0.742693	0.151195
53.671	-1.71461	0.463344	0.146557	-1.72282	0.745179	0.143646	-2.12288	0.742646	0.151213
53.833	-1.71462	0.463338	0.146593	-1.72284	0.745092	0.143572	-2.12282	0.742571	0.151151
54.05	-1.71463	0.463332	0.146599	-1.72287	0.745142	0.143696	-2.12284	0.742652	0.151237
54.228	-1.71459	0.463303	0.146529	-1.72277	0.74511	0.143496	-2.1228	0.742635	0.15116
54.352	-1.71463	0.463323	0.146544	-1.72281	0.745153	0.143635	-2.12278	0.742593	0.151162
54.486	-1.71465	0.4633	0.146592	-1.72283	0.745133	0.143656	-2.12276	0.742772	0.15126
54.606	-1.71467	0.463319	0.146617	-1.72286	0.745142	0.143684	-2.1228	0.742559	0.151197
54.809	-1.71462	0.463329	0.146561	-1.72281	0.745176	0.143643	-2.1228	0.742614	0.151168
55.036	-1.71465	0.463322	0.146565	-1.72282	0.7451	0.143636	-2.12278	0.742556	0.151199
55.213	-1.71465	0.463288	0.146596	-1.72282	0.745165	0.143693	-2.12277	0.742544	0.151204
55.365	-1.71463	0.46329	0.146571	-1.72282	0.745205	0.14369	-2.12279	0.742558	0.151204
55.518	-1.71461	0.46332	0.146573	-1.72277	0.745156	0.143594	-2.12275	0.742676	0.151208
55.686	-1.71463	0.463293	0.146598	-1.72281	0.745127	0.143647	-2.12277	0.742636	0.151254
55.84	-1.71463	0.463301	0.146595	-1.7228	0.745129	0.143614	-2.1228	0.742614	0.15126
55.994	-1.71462	0.463284	0.146559	-1.72284	0.745211	0.14371	-2.12278	0.742575	0.151242
56.176	-1.7146	0.463273	0.146541	-1.72281	0.745163	0.143662	-2.12273	0.742641	0.151229
56.329	-1.71462	0.463291	0.14659	-1.72283	0.745137	0.143709	-2.12271	0.742682	0.15123
56.484	-1.71462	0.463287	0.146584	-1.7228	0.745166	0.143651	-2.12276	0.742555	0.15122
56.647	-1.71464	0.463297	0.1466	-1.72282	0.745142	0.143659	-2.12274	0.742618	0.151228
56.799	-1.71463	0.463296	0.146594	-1.72279	0.74514	0.143676	-2.12273	0.742647	0.151208
56.951	-1.71459	0.463324	0.146549	-1.7228	0.745128	0.143651	-2.12271	0.742607	0.151208
57.135	-1.71463	0.463296	0.146536	-1.7228	0.745159	0.143614	-2.12274	0.742537	0.151209
57.287	-1.71463	0.463328	0.146604	-1.72281	0.745149	0.143663	-2.12273	0.742593	0.151214
57.439	-1.71461	0.463313	0.146551	-1.72279	0.745141	0.143637	-2.12268	0.742568	0.151185
57.512	-1.7146	0.46333	0.146549	-1.72277	0.745174	0.143611	-2.12272	0.74256	0.151196
57.542	-1.71461	0.463328	0.146554	-1.72279	0.745166	0.143643	-2.12275	0.742544	0.151188
57.628	-1.71461	0.463328	0.146554	-1.72279	0.745166	0.143643	-2.12275	0.742544	0.151188
57.812	-1.71461	0.46336	0.146576	-1.72279	0.745109	0.143517	-2.12271	0.742575	0.15116
57.933	-1.7146	0.463365	0.14658	-1.72275	0.745193	0.143582	-2.12272	0.74257	0.151173
57.994	-1.71461	0.463349	0.146586	-1.7228	0.745198	0.14368	-2.12277	0.742643	0.151235
58.159	-1.71461	0.463356	0.146566	-1.72281	0.745148	0.143641	-2.12272	0.742577	0.151155
58.315	-1.71458	0.463394	0.146562	-1.72281	0.745194	0.143648	-2.1228	0.742625	0.151202
58.498	-1.71462	0.46339	0.146605	-1.72282	0.745199	0.143578	-2.12279	0.742617	0.151217
58.653	-1.71461	0.463394	0.146588	-1.72283	0.745163	0.143703	-2.12275	0.742726	0.151216
58.81	-1.71457	0.463378	0.146592	-1.72279	0.745148	0.143667	-2.12278	0.742665	0.151181
58.96	-1.71461	0.463425	0.146621	-1.72283	0.745208	0.143666	-2.12278	0.742636	0.151186
59.129	-1.71461	0.463427	0.146624	-1.72282	0.745156	0.143673	-2.1228	0.742634	0.151217
59.28	-1.7146	0.463421	0.146625	-1.72282	0.745141	0.143668	-2.12278	0.742646	0.151182
59.429	-1.71457	0.463407	0.146603	-1.72282	0.745182	0.143685	-2.12278	0.742612	0.151173
59.581	-1.71461	0.463434	0.146646	-1.72279	0.745199	0.14362	-2.12284	0.742625	0.151164
59.764	-1.71459	0.463428	0.146621	-1.72281	0.745124	0.143635	-2.12281	0.74266	0.151186
59.915	-1.71459	0.463424	0.14666	-1.72281	0.74513	0.143646	-2.12276	0.742824	0.151225
60.076	-1.71459	0.463444	0.146616	-1.72278	0.745142	0.143513	-2.12283	0.74258	0.151186
60.197	-1.71459	0.463446	0.14665	-1.7228	0.745128	0.143635	-2.12282	0.742658	0.151182
60.378	-1.71459	0.463461	0.146651	-1.72281	0.745126	0.14365	-2.12281	0.742668	0.151178
60.594	-1.71458	0.463463	0.146678	-1.72282	0.745115	0.143546	-2.12282	0.742613	0.151133
60.753	-1.71459	0.463453	0.146654	-1.72305	0.745301	0.143979	-2.12282	0.742612	0.151168
60.936	-1.71461	0.463463	0.14667	-1.72281	0.745169	0.143692	-2.12282	0.742673	0.151193
61.163	-1.7146	0.463464	0.146631	-1.72279	0.745161	0.143656	-2.12283	0.742619	0.151173
61.318	-1.71457	0.463439	0.146629	-1.7228	0.745145	0.143637	-2.12286	0.742596	0.151181
61.472	-1.71458	0.463447	0.146616	-1.72283	0.745163	0.143532	-2.12285	0.7426	0.151099
61.654	-1.71459	0.463437	0.146635	-1.72281	0.745137	0.143697	-2.12284	0.742647	0.15115
61.806	-1.7146	0.463456	0.14663	-1.72281	0.74514	0.143651	-2.12286	0.742609	0.15117
61.957	-1.7146	0.463448	0.14664	-1.7228	0.745172	0.143549	-2.12284	0.742655	0.15115
62.122	-1.71459	0.463435	0.146626	-1.72281	0.745129	0.143501	-2.12283	0.742653	0.151139
62.272	-1.71458	0.463458	0.146621	-1.72279	0.745117	0.143634	-2.1228	0.742662	0.151135
62.42	-1.71459	0.463443	0.146632	-1.72278	0.745213	0.143649	-2.12285	0.742579	0.151139
62.637	-1.71459	0.463454	0.146644	-1.72282	0.745187	0.143669	-2.12286	0.742622	0.151175
62.816	-1.7146	0.463424	0.146606	-1.72282	0.745148	0.143684	-2.12282	0.742617	0.151122
62.994	-1.71458	0.463428	0.146611	-1.72279	0.745118	0.143593	-2.12281	0.742597	0.151109
63.186	-1.71459	0.46344	0.146622	-1.72279	0.745176	0.143527	-2.12285	0.742595	0.151131
63.364	-1.71459	0.463436	0.146616	-1.72279	0.745137	0.143533	-2.12282	0.742616	0.151128
63.551	-1.71457	0.46338	0.146573	-1.7228	0.745144	0.143643	-2.12272	0.742686	0.15106
63.759	-1.71461	0.463419	0.146626	-1.72277	0.74512	0.143581	-2.12281	0.74249	0.151053
63.944	-1.7146	0.463406	0.146594	-1.7228	0.74518	0.1436	-2.1228	0.742585	0.151149
64.097	-1.71461	0.463393	0.146586	-1.7228	0.74514	0.143636	-2.12275	0.742604	0.15113
64.268	-1.71459	0.463386	0.146587	-1.72279	0.745116	0.143621	-2.12275	0.742563	0.15113
64.43	-1.71471	0.463355	0.146823	-1.72289	0.745114	0.143836	-2.12284	0.742574	0.151107
64.653	-1.71423	0.463415	0.147069	-1.72257	0.745275	0.144279	-2.12252	0.742736	0.150809
64.87	-1.7127	0.463531	0.147412	-1.72133	0.745434	0.144462	-2.12062	0.742458	0.149813
65.079	-1.71056	0.463804	0.146904	-1.71925	0.745556	0.144091	-2.11856	0.742981	0.150613
65.254	-1.70887	0.46374	0.147429	-1.71741	0.745475	0.143619	-2.11666	0.742477	0.15107
65.437	-1.70668	0.463612	0.14738	-1.71578	0.745575	0.144417	-2.11471	0.742559	0.151688
65.59	-1.70441	0.463064	0.147097	-1.71324	0.745179	0.144037	-2.11278	0.742612	0.151455
65.744	-1.702	0.462571	0.14719	-1.71053	0.744673	0.144275	-2.11025	0.742357	0.151369
65.929	-1.69956	0.462027	0.147413	-1.70728	0.744011	0.144209	-2.10742	0.742462	0.151226
66.09	-1.69603	0.461376	0.147468	-1.70341	0.743487	0.144266	-2.10277	0.742371	0.151347
66.241	-1.69312	0.460753	0.147126	-1.69968	0.742506	0.143282	-2.09939	0.742842	0.151989
66.407	-1.68964	0.460012	0.146649	-1.69614	0.741981	0.143619	-2.09551	0.742919	0.151882
66.558	-1.68635	0.459667	0.147586	-1.69293	0.741822	0.144968	-2.09163	0.742416	0.151305
66.709	-1.68271	0.45917	0.147435	-1.68854	0.74107	0.144672	-2.08763	0.742422	0.151387
66.89	-1.67876	0.458226	0.147454	-1.68329	0.73997	0.143794	-2.08328	0.742642	0.151684
67.039	-1.67337	0.456964	0.147805	-1.67748	0.738964	0.143954	-2.0777	0.742381	0.1519
67.19	-1.66954	0.456077	0.148392	-1.67296	0.737788	0.144182	-2.07268	0.742522	0.151533
67.354	-1.66518	0.455028	0.14856	-1.66775	0.73669	0.144209	-2.06707	0.742384	0.151434
67.505	-1.66032	0.453244	0.14822	-1.66187	0.735686	0.14434	-2.06177	0.742471	0.15126
67.624	-1.65581	0.452285	0.149182	-1.65634	0.734242	0.144679	-2.05653	0.741679	0.151195
67.805	-1.65237	0.451295	0.149608	-1.65259	0.732702	0.14503	-2.05205	0.741625	0.151414
67.996	-1.6459	0.448471	0.148851	-1.64476	0.73029	0.144157	-2.04481	0.74161	0.151887
68.147	-1.63959	0.446235	0.149337	-1.6368	0.728111	0.144533	-2.03659	0.741026	0.151443
68.312	-1.6343	0.444141	0.149483	-1.6307	0.726547	0.145538	-2.02959	0.740481	0.151137
68.462	-1.62909	0.441932	0.149512	-1.62381	0.723818	0.145027	-2.02281	0.740225	0.150854
68.613	-1.62386	0.439546	0.149775	-1.61631	0.721142	0.144613	-2.01582	0.74013	0.150989
68.793	-1.61788	0.436269	0.149939	-1.60923	0.718049	0.145032	-2.00834	0.739655	0.150539
68.943	-1.61053	0.432937	0.150163	-1.60011	0.714644	0.145128	-1.99939	0.738908	0.150694
69.093	-1.60506	0.43005	0.150465	-1.5928	0.71163	0.145963	-1.9917	0.739125	0.150796
69.256	-1.59943	0.42671	0.150639	-1.58431	0.708006	0.145097	-1.98346	0.738304	0.150549
69.408	-1.59359	0.422944	0.150746	-1.57646	0.704714	0.145087	-1.97534	0.738117	0.150585
69.588	-1.58803	0.419636	0.151493	-1.56893	0.701175	0.145809	-1.96674	0.737244	0.150142
69.738	-1.58046	0.414436	0.150841	-1.55864	0.695785	0.145505	-1.9557	0.736359	0.150111
69.883	-1.57457	0.410568	0.151095	-1.54977	0.691413	0.145217	-1.94727	0.73571	0.150109
70.044	-1.56824	0.406366	0.151176	-1.54136	0.687067	0.14523	-1.93851	0.734432	0.150268
70.201	-1.56259	0.402091	0.15126	-1.53267	0.682473	0.145469	-1.92948	0.733395	0.150081
70.371	-1.55656	0.397247	0.151331	-1.52407	0.677144	0.145022	-1.92041	0.732559	0.150293
70.561	-1.55047	0.392449	0.151444	-1.51586	0.672639	0.146044	-1.91114	0.731344	0.150814
70.752	-1.54277	0.386087	0.150916	-1.50473	0.665985	0.146169	-1.89893	0.729007	0.150383
70.922	-1.5369	0.381064	0.151589	-1.49564	0.660088	0.146291	-1.88944	0.727249	0.150166
71.118	-1.53092	0.375274	0.151162	-1.4863	0.654029	0.145885	-1.87938	0.725806	0.150437
71.336	-1.52498	0.369946	0.151571	-1.47721	0.647791	0.146199	-1.86934	0.724687	0.150696
71.515	-1.5194	0.3643	0.15231	-1.46794	0.641515	0.146324	-1.85958	0.722928	0.150677
71.692	-1.51376	0.358731	0.152943	-1.45911	0.635159	0.146806	-1.84924	0.721113	0.150675
71.863	-1.50774	0.352152	0.152922	-1.44934	0.628247	0.146765	-1.83855	0.719135	0.150362
72.068	-1.50169	0.345692	0.152807	-1.44013	0.620985	0.146969	-1.82814	0.716994	0.150922
72.247	-1.49484	0.338061	0.153179	-1.42829	0.611822	0.146479	-1.81499	0.714261	0.15112
72.425	-1.48915	0.331322	0.153273	-1.4191	0.604664	0.14701	-1.80437	0.712097	0.151403
72.594	-1.48368	0.324654	0.15385	-1.40985	0.596879	0.147016	-1.79398	0.709639	0.151427
72.794	-1.47798	0.317906	0.154195	-1.4009	0.589107	0.147047	-1.78303	0.706726	0.150872
72.969	-1.47119	0.309108	0.154388	-1.38955	0.578977	0.14697	-1.76988	0.702779	0.151786
73.119	-1.46542	0.301888	0.153956	-1.3803	0.57025	0.146366	-1.75851	0.699449	0.151694
73.294	-1.46013	0.294834	0.154484	-1.37183	0.562158	0.147224	-1.74801	0.695835	0.151873
73.466	-1.45423	0.287112	0.153738	-1.3624	0.553519	0.146551	-1.73731	0.692186	0.151884
73.621	-1.44873	0.279463	0.153895	-1.35383	0.544754	0.146656	-1.7262	0.687959	0.152087
73.815	-1.44351	0.271822	0.153993	-1.34464	0.535537	0.147311	-1.716	0.683574	0.152258
73.983	-1.43736	0.262018	0.154181	-1.33433	0.524391	0.148331	-1.70225	0.677846	0.152853
74.146	-1.43202	0.253811	0.153683	-1.32482	0.514043	0.146921	-1.69127	0.673412	0.153638
74.329	-1.42634	0.244785	0.153566	-1.3161	0.504274	0.146583	-1.68079	0.668787	0.152879
74.511	-1.42115	0.236672	0.153237	-1.30745	0.494656	0.146525	-1.66984	0.66326	0.152302
74.75	-1.41596	0.227959	0.153211	-1.29869	0.484542	0.147006	-1.65845	0.658399	0.152776
75.07	-1.41094	0.219355	0.152726	-1.28997	0.473849	0.146827	-1.64784	0.652772	0.153592
75.296	-1.4051	0.208087	0.152593	-1.27942	0.460432	0.146781	-1.63381	0.645975	0.153863
75.511	-1.39998	0.19864	0.152336	-1.27074	0.449323	0.146118	-1.62254	0.640781	0.15366
75.691	-1.39544	0.189679	0.152265	-1.26224	0.438165	0.145579	-1.61082	0.63441	0.153017
75.877	-1.39061	0.180265	0.151924	-1.25379	0.426796	0.145283	-1.59936	0.627917	0.153145
76.061	-1.386	0.170599	0.151536	-1.24591	0.41574	0.146352	-1.58789	0.621856	0.154038
76.24	-1.38143	0.161177	0.151798	-1.23822	0.404129	0.146911	-1.57621	0.615213	0.154389
76.411	-1.37693	0.151359	0.151709	-1.22901	0.391565	0.145727	-1.56463	0.608192	0.153471
76.625	-1.37259	0.141605	0.151734	-1.22126	0.379857	0.14643	-1.55427	0.601314	0.154053
76.81	-1.36702	0.129269	0.151368	-1.21178	0.364491	0.146672	-1.54	0.591879	0.153577
76.994	-1.36263	0.118884	0.150902	-1.20392	0.352379	0.146753	-1.52948	0.584174	0.154697
77.176	-1.35808	0.109093	0.150696	-1.19599	0.340087	0.146455	-1.51825	0.576492	0.154792
77.396	-1.35369	0.0990837	0.151538	-1.18844	0.327701	0.146653	-1.50744	0.568943	0.15451
77.581	-1.34822	0.0866537	0.151607	-1.17891	0.312271	0.145971	-1.49337	0.559261	0.154458
77.767	-1.34357	0.0765025	0.151234	-1.17119	0.299791	0.146365	-1.48219	0.550661	0.154355
77.982	-1.33901	0.0661717	0.150749	-1.16383	0.287212	0.146429	-1.47115	0.542515	0.154572
78.168	-1.33454	0.0559322	0.150469	-1.15683	0.274765	0.146788	-1.46011	0.533584	0.154695
78.356	-1.32982	0.0456314	0.150143	-1.14877	0.262036	0.145658	-1.44978	0.525094	0.155238
78.569	-1.32442	0.0354265	0.149756	-1.1412	0.249908	0.145566	-1.43872	0.516382	0.154326
78.744	-1.31822	0.0225754	0.149966	-1.13184	0.234392	0.145616	-1.42546	0.504491	0.15501
78.95	-1.3131	0.0123019	0.149938	-1.12533	0.222708	0.146807	-1.41525	0.495857	0.155266
79.136	-1.30771	0.0022079	0.150228	-1.11766	0.210595	0.146754	-1.40496	0.486622	0.155443
79.331	-1.30212	-0.00821176	0.15057	-1.10927	0.197983	0.145708	-1.39454	0.477398	0.155065
79.518	-1.29648	-0.018229	0.150545	-1.10155	0.186219	0.145661	-1.38411	0.468095	0.155112
79.733	-1.29017	-0.0285873	0.149783	-1.09395	0.174091	0.145458	-1.37403	0.458804	0.155292
79.911	-1.2827	-0.0411553	0.150317	-1.08419	0.159714	0.145571	-1.36116	0.446937	0.15528
80.088	-1.2762	-0.0510021	0.15028	-1.07639	0.14821	0.145247	-1.35121	0.437671	0.15556
80.265	-1.26935	-0.0610174	0.150212	-1.06835	0.136698	0.144865	-1.34114	0.427854	0.155383
80.373	-1.26302	-0.0711682	0.149585	-1.06032	0.125291	0.145075	-1.33228	0.418964	0.155638
80.517	-1.25945	-0.0760503	0.149825	-1.05607	0.119693	0.144571	-1.32649	0.413509	0.15467
80.695	-1.24838	-0.0913138	0.149763	-1.04432	0.103136	0.144552	-1.31247	0.398706	0.154263
80.91	-1.24031	-0.101767	0.148884	-1.03615	0.0927561	0.144944	-1.30365	0.388823	0.154668
81.086	-1.23079	-0.114441	0.148887	-1.0252	0.0789785	0.144876	-1.29224	0.375937	0.154727
81.275	-1.22281	-0.124877	0.148306	-1.01696	0.0680791	0.145153	-1.28354	0.3657	0.155053
81.459	-1.21448	-0.135048	0.147739	-1.00839	0.0576968	0.145524	-1.27456	0.355586	0.155394
81.647	-1.2056	-0.145371	0.147417	-0.999744	0.0475828	0.145171	-1.26549	0.345413	0.15533
81.864	-1.19662	-0.155259	0.147529	-0.990356	0.0376769	0.145075	-1.25638	0.335401	0.155466
82.04	-1.18498	-0.167671	0.147791	-0.978933	0.0250141	0.14518	-1.2454	0.323168	0.155622
82.219	-1.1754	-0.177544	0.147826	-0.969593	0.0155983	0.145337	-1.23625	0.313014	0.155264
82.397	-1.16526	-0.187496	0.148152	-0.960778	0.00671416	0.146121	-1.22706	0.302924	0.15452
82.583	-1.15512	-0.197378	0.147892	-0.949981	-0.00312776	0.14475	-1.21806	0.293223	0.154703
82.805	-1.14467	-0.20731	0.147777	-0.940358	-0.0123983	0.145008	-1.20926	0.282816	0.154809
82.982	-1.13117	-0.21927	0.147735	-0.92773	-0.024196	0.144708	-1.19773	0.270422	0.155505
83.161	-1.12026	-0.229486	0.147141	-0.918239	-0.0330008	0.144759	-1.18877	0.260739	0.155473
83.301	-1.11007	-0.238654	0.147062	-0.907955	-0.0419248	0.14465	-1.17916	0.250449	0.155078
83.514	-1.10118	-0.246223	0.146846	-0.900144	-0.0485566	0.14447	-1.17249	0.243159	0.155427
83.7	-1.08647	-0.257536	0.146482	-0.887735	-0.0591042	0.144776	-1.16098	0.230292	0.155162
83.87	-1.07474	-0.267185	0.146146	-0.876282	-0.0678038	0.144296	-1.15207	0.220305	0.155654
84.057	-1.06265	-0.276319	0.146898	-0.865644	-0.0755622	0.145143	-1.1433	0.210161	0.155877
84.211	-1.04725	-0.287894	0.14695	-0.8517	-0.0848768	0.145051	-1.13255	0.19858	0.156077
84.335	-1.0342	-0.296518	0.147326	-0.840586	-0.0922854	0.144707	-1.12294	0.189176	0.155469
84.515	-1.02406	-0.30298	0.147337	-0.832275	-0.0971882	0.145336	-1.11625	0.182128	0.155553
84.674	-1.00732	-0.313187	0.147092	-0.817826	-0.105932	0.144712	-1.10442	0.170748	0.155851
84.83	-0.993646	-0.321211	0.147282	-0.806139	-0.112451	0.144611	-1.09567	0.161782	0.156152
84.978	-0.979702	-0.329977	0.146943	-0.793676	-0.118842	0.14435	-1.08574	0.152365	0.155576
85.158	-0.965767	-0.337783	0.1462	-0.781394	-0.124467	0.144618	-1.07672	0.143372	0.155385
85.28	-0.947797	-0.346948	0.146911	-0.766131	-0.13122	0.144716	-1.06509	0.132506	0.15454
85.46	-0.936333	-0.35226	0.146623	-0.75676	-0.135133	0.144518	-1.05802	0.126052	0.154177
85.618	-0.917344	-0.3616	0.145768	-0.741675	-0.141657	0.144681	-1.04585	0.114832	0.154074
85.828	-0.902626	-0.369263	0.145256	-0.730089	-0.146137	0.145571	-1.03678	0.105697	0.154538
86.082	-0.886738	-0.375768	0.145498	-0.716547	-0.151558	0.145383	-1.02775	0.0973585	0.155671
86.289	-0.866904	-0.383789	0.145809	-0.701368	-0.156285	0.146441	-1.01555	0.0867208	0.154585
86.44	-0.850817	-0.38995	0.146258	-0.688836	-0.160006	0.146878	-1.0068	0.078697	0.15454
86.59	-0.834788	-0.395867	0.146453	-0.675994	-0.163309	0.147607	-0.996193	0.0708169	0.15368
86.756	-0.818279	-0.400644	0.147136	-0.661572	-0.166385	0.14749	-0.986923	0.0627702	0.153696
86.913	-0.801621	-0.405384	0.146977	-0.648078	-0.169262	0.14716	-0.976993	0.0553145	0.15368
87.095	-0.783671	-0.410666	0.145753	-0.63443	-0.171908	0.146778	-0.966312	0.0481212	0.154005
87.246	-0.762987	-0.416123	0.146232	-0.618441	-0.174074	0.147118	-0.955286	0.038914	0.15462
87.396	-0.746334	-0.419369	0.147071	-0.604968	-0.175787	0.147441	-0.944278	0.0317154	0.154425
87.547	-0.727817	-0.424059	0.145668	-0.591465	-0.177309	0.147774	-0.933844	0.0243451	0.153544
87.705	-0.710104	-0.427414	0.146632	-0.578176	-0.178326	0.147971	-0.923256	0.0177559	0.154067
87.884	-0.692879	-0.429828	0.147857	-0.564133	-0.178889	0.14849	-0.913181	0.0110635	0.15345
88.104	-0.674107	-0.432771	0.147912	-0.550376	-0.179313	0.148438	-0.902888	0.00459441	0.153581
88.283	-0.651114	-0.435681	0.148321	-0.53341	-0.179394	0.14841	-0.889452	-0.00315132	0.15406
88.461	-0.633143	-0.437358	0.147959	-0.519628	-0.179291	0.148962	-0.878695	-0.00943421	0.154267
88.637	-0.616239	-0.438341	0.148392	-0.505829	-0.178746	0.148883	-0.868643	-0.014805	0.155024
88.823	-0.595784	-0.439872	0.148152	-0.492257	-0.177628	0.149194	-0.857745	-0.021186	0.154592
89.006	-0.57826	-0.439982	0.148374	-0.478406	-0.176081	0.149163	-0.846757	-0.0266669	0.154584
89.189	-0.559211	-0.44016	0.147788	-0.464947	-0.174616	0.149125	-0.836413	-0.0319611	0.154286
89.406	-0.539768	-0.440603	0.147397	-0.451242	-0.172608	0.149473	-0.824957	-0.0377308	0.153672
89.584	-0.516043	-0.440007	0.147815	-0.434204	-0.169912	0.149526	-0.811912	-0.0443366	0.154327
89.765	-0.497917	-0.438649	0.148086	-0.420607	-0.167261	0.149432	-0.800895	-0.0493343	0.154574
89.955	-0.479677	-0.437034	0.148398	-0.407224	-0.164346	0.149337	-0.789036	-0.0540292	0.154212
90.142	-0.460532	-0.435144	0.148545	-0.393602	-0.160788	0.149261	-0.778399	-0.0582942	0.154521
90.317	-0.441469	-0.432683	0.14896	-0.380436	-0.157143	0.149188	-0.767	-0.0627777	0.154198
90.469	-0.417622	-0.429071	0.148731	-0.363832	-0.152046	0.149284	-0.752391	-0.067995	0.153779
90.627	-0.398603	-0.425679	0.148454	-0.350554	-0.147907	0.148607	-0.740601	-0.0719024	0.153742
90.776	-0.379639	-0.422187	0.148019	-0.337384	-0.143293	0.148836	-0.730163	-0.0747772	0.15525
90.939	-0.360763	-0.418182	0.148006	-0.32444	-0.13838	0.148954	-0.717578	-0.0790283	0.155257
91.096	-0.342125	-0.413813	0.148627	-0.311695	-0.133402	0.149795	-0.7061	-0.0825972	0.155029
91.277	-0.323441	-0.40876	0.148956	-0.299211	-0.12782	0.150421	-0.694463	-0.0851972	0.154987
91.428	-0.300378	-0.401729	0.149879	-0.283772	-0.12018	0.150641	-0.6801	-0.0878035	0.155066
91.577	-0.281265	-0.394807	0.151021	-0.271344	-0.113731	0.14998	-0.66922	-0.0896884	0.155422
91.699	-0.262576	-0.387963	0.150776	-0.258993	-0.106844	0.149624	-0.656906	-0.0910371	0.156059
91.887	-0.249548	-0.383259	0.150539	-0.249897	-0.101675	0.149206	-0.646796	-0.0923375	0.155913
92.073	-0.227331	-0.374664	0.150309	-0.234539	-0.0930375	0.149395	-0.631523	-0.0929583	0.15654
92.224	-0.205504	-0.365427	0.150561	-0.219508	-0.0838202	0.149639	-0.617725	-0.0943162	0.156419
92.393	-0.188101	-0.357747	0.150641	-0.207533	-0.0761597	0.150168	-0.604841	-0.0949337	0.155582
92.574	-0.171067	-0.349847	0.150159	-0.196102	-0.0688668	0.150037	-0.593848	-0.0953073	0.155842
92.754	-0.153645	-0.341025	0.150804	-0.18495	-0.0606671	0.150457	-0.580422	-0.0954961	0.155252
92.942	-0.136851	-0.33204	0.151507	-0.17354	-0.0524773	0.150896	-0.568815	-0.0956569	0.155608
93.128	-0.119508	-0.322613	0.151299	-0.162611	-0.0440882	0.15115	-0.557286	-0.0957127	0.15619
93.306	-0.102775	-0.312906	0.151921	-0.151367	-0.035329	0.151807	-0.544329	-0.0953182	0.156078
93.491	-0.0859202	-0.302668	0.152268	-0.141101	-0.026167	0.152429	-0.532589	-0.0949836	0.156323
93.711	-0.0698588	-0.292171	0.152429	-0.13082	-0.0168655	0.152449	-0.520907	-0.0940493	0.156136
93.893	-0.049428	-0.278587	0.152456	-0.117859	-0.00492294	0.152475	-0.507226	-0.0926096	0.157102
94.038	-0.033284	-0.267801	0.151457	-0.107569	0.00452311	0.152423	-0.49515	-0.0913132	0.157579
94.188	-0.0177259	-0.256545	0.15168	-0.0970681	0.0138259	0.153065	-0.482594	-0.0895481	0.157755
94.328	-0.00624353	-0.248026	0.152277	-0.0899458	0.0213143	0.152295	-0.473584	-0.0878811	0.15801
94.481	0.0169257	-0.230298	0.153668	-0.0753756	0.0362338	0.152359	-0.45564	-0.0843732	0.157131
94.643	0.0314758	-0.218431	0.154522	-0.065558	0.0464066	0.152548	-0.443575	-0.0812988	0.156435
94.794	0.0463946	-0.206618	0.154239	-0.0555446	0.0564066	0.152498	-0.431036	-0.0783203	0.15668
94.951	0.0606428	-0.194656	0.154272	-0.0457597	0.0664917	0.15222	-0.418756	-0.0749006	0.156844
95.102	0.0753337	-0.182818	0.154316	-0.0354179	0.0765449	0.152	-0.406075	-0.0708861	0.157275
95.28	0.0897168	-0.170961	0.155082	-0.0252788	0.0865491	0.152109	-0.393795	-0.0672042	0.157549
95.429	0.107068	-0.156953	0.155147	-0.012642	0.09869	0.152541	-0.377865	-0.0615357	0.157732
95.576	0.121089	-0.145424	0.155289	-0.00193258	0.108602	0.152924	-0.365235	-0.0566893	0.157688
95.723	0.134641	-0.134517	0.15504	0.00881934	0.117839	0.153072	-0.352566	-0.0515909	0.157487
95.877	0.14845	-0.123703	0.155249	0.0192149	0.127338	0.153157	-0.340003	-0.0461658	0.156947
96.059	0.161629	-0.113165	0.155136	0.0304204	0.136673	0.152406	-0.32686	-0.0404733	0.157385
96.307	0.175051	-0.102752	0.155664	0.0410761	0.145883	0.152539	-0.314089	-0.0346925	0.157509
96.508	0.191625	-0.090167	0.155652	0.0552821	0.156891	0.152655	-0.298575	-0.0274116	0.157791
96.659	0.204318	-0.0807214	0.155719	0.0661049	0.165015	0.152615	-0.286916	-0.0215971	0.158341
96.819	0.216237	-0.0718247	0.155532	0.0762602	0.173436	0.152738	-0.274883	-0.0157035	0.158618
96.978	0.227912	-0.0622291	0.1566	0.0865143	0.181746	0.152924	-0.263425	-0.00994976	0.158113
97.133	0.24007	-0.0527365	0.156683	0.0967181	0.190452	0.152851	-0.25189	-0.00418486	0.157502
97.28	0.251918	-0.0432238	0.156	0.10676	0.198444	0.152615	-0.240325	0.00162888	0.158423
97.457	0.263222	-0.0344485	0.155907	0.117109	0.206742	0.153341	-0.228884	0.00760009	0.158733
97.604	0.277159	-0.0232963	0.155813	0.128914	0.216346	0.153855	-0.215431	0.0148773	0.159321
97.75	0.288457	-0.0143261	0.156497	0.138001	0.224608	0.153496	-0.204542	0.0206069	0.159255
97.904	0.299039	-0.00528341	0.157023	0.147242	0.232563	0.153459	-0.194334	0.0266849	0.159154
98.06	0.309419	0.0035746	0.157483	0.156086	0.240525	0.15391	-0.184152	0.0326107	0.158982
98.238	0.31959	0.0121375	0.157985	0.165136	0.248398	0.154288	-0.174175	0.0385658	0.159431
98.383	0.332114	0.0230731	0.15796	0.175792	0.258048	0.154287	-0.161693	0.0454498	0.159396
98.529	0.342181	0.0315839	0.157524	0.184588	0.265611	0.154059	-0.151642	0.0511196	0.15962
98.675	0.352126	0.0400322	0.157437	0.192928	0.27314	0.15433	-0.141883	0.0567052	0.160426
98.828	0.361512	0.0482836	0.157483	0.201368	0.280433	0.153929	-0.132509	0.0622355	0.160508
98.977	0.370963	0.0564874	0.157727	0.209361	0.287855	0.153952	-0.123086	0.0680068	0.160684
99.153	0.380017	0.0646393	0.157915	0.217459	0.295336	0.153615	-0.113896	0.0735418	0.160751
99.298	0.391016	0.0745894	0.158196	0.227015	0.304159	0.153769	-0.102831	0.0809604	0.160678
99.443	0.39971	0.0826687	0.158005	0.234808	0.311621	0.153745	-0.094505	0.0866318	0.160978
99.589	0.408087	0.0903611	0.157775	0.242178	0.318557	0.153943	-0.085827	0.0920165	0.160797
99.739	0.416429	0.0978609	0.157625	0.249605	0.325388	0.154099	-0.077411	0.0976928	0.16095
99.889	0.424756	0.105237	0.157628	0.25674	0.332026	0.154045	-0.0693906	0.103283	0.160841
100.065	0.432542	0.112474	0.157989	0.263751	0.338622	0.154428	-0.0611808	0.108469	0.160566
100.212	0.442649	0.121699	0.158182	0.272496	0.346909	0.154841	-0.0516725	0.114993	0.160855
100.358	0.449799	0.128653	0.158468	0.278934	0.353244	0.155605	-0.0438682	0.120072	0.161054
100.518	0.457485	0.135861	0.158597	0.285482	0.35959	0.155626	-0.0363544	0.124896	0.16112
100.697	0.464566	0.142853	0.15853	0.29168	0.365694	0.155562	-0.0294084	0.129661	0.161183
100.887	0.471996	0.150208	0.158809	0.297798	0.371974	0.155489	-0.0221322	0.134404	0.161041
101.071	0.478998	0.156679	0.158823	0.3039	0.378264	0.15537	-0.0148398	0.139525	0.161512
101.282	0.485183	0.16331	0.158959	0.309697	0.384152	0.155707	-0.00800482	0.14418	0.161446
101.455	0.493472	0.171462	0.159043	0.317534	0.392168	0.155956	2.62829e-07	0.150037	0.161269
101.629	0.499846	0.177933	0.159441	0.322492	0.397567	0.156011	0.00649934	0.154989	0.161383
101.81	0.505929	0.184269	0.159388	0.328389	0.403758	0.15616	0.0125539	0.159711	0.161319
101.986	0.511979	0.190585	0.159545	0.333388	0.409252	0.15593	0.0185101	0.164262	0.161222
102.045	0.517324	0.196337	0.159457	0.338483	0.414782	0.155955	0.0245561	0.168711	0.161137
102.258	0.519128	0.198093	0.159499	0.339803	0.416025	0.155933	0.0259062	0.169814	0.161134
102.481	0.53057	0.20976	0.159382	0.349819	0.426655	0.156065	0.0376531	0.178513	0.161338
102.768	0.535418	0.2148	0.15916	0.354663	0.431677	0.156172	0.0427622	0.182827	0.16131
103.007	0.541192	0.220687	0.159128	0.35995	0.437056	0.156181	0.0480163	0.186942	0.16149
103.219	0.546225	0.22588	0.158908	0.364505	0.441878	0.156122	0.0539455	0.191268	0.161545
103.496	0.551345	0.231109	0.15917	0.369049	0.44665	0.156322	0.058494	0.195023	0.161825
103.643	0.55686	0.237517	0.159469	0.3743	0.452672	0.156439	0.0644533	0.199641	0.161545
103.861	0.560856	0.241598	0.159658	0.377298	0.456057	0.156657	0.0682352	0.202757	0.161526
104.041	0.566563	0.248077	0.160477	0.382168	0.461431	0.157145	0.0736474	0.207054	0.161865
104.227	0.570832	0.252816	0.16073	0.385771	0.465711	0.157367	0.0778121	0.210685	0.161913
104.411	0.574957	0.257349	0.160708	0.389446	0.469835	0.157419	0.0822364	0.214386	0.161807
104.628	0.578993	0.261574	0.161078	0.392928	0.473852	0.157866	0.0860527	0.217685	0.161625
104.806	0.583646	0.266997	0.161278	0.397087	0.478617	0.157665	0.0911245	0.221532	0.161855
104.983	0.587407	0.271194	0.161201	0.400403	0.482415	0.157658	0.0948746	0.224797	0.16174
105.163	0.591032	0.275084	0.161347	0.403428	0.48611	0.157922	0.0986191	0.228118	0.161766
105.35	0.594346	0.279112	0.161637	0.406516	0.48953	0.157786	0.102038	0.230261	0.161646
105.536	0.59791	0.282793	0.161593	0.4094	0.492994	0.157792	0.105088	0.233223	0.162016
105.715	0.60116	0.286319	0.16127	0.412424	0.496282	0.157631	0.108977	0.235922	0.162179
105.934	0.604106	0.289949	0.161419	0.41491	0.499344	0.157897	0.111903	0.238983	0.162396
106.113	0.607853	0.293998	0.161828	0.41819	0.502865	0.157965	0.115517	0.241839	0.162094
106.295	0.610796	0.296873	0.161614	0.420626	0.505898	0.158055	0.118284	0.243988	0.16218
106.443	0.613221	0.300083	0.161492	0.422955	0.5085	0.158028	0.121032	0.246682	0.162405
106.633	0.615685	0.302814	0.161231	0.425081	0.511119	0.158231	0.123459	0.248533	0.162252
106.857	0.617935	0.305608	0.161391	0.42725	0.513458	0.158148	0.125995	0.250732	0.162588
107.039	0.620827	0.308689	0.16147	0.429822	0.516236	0.157968	0.129202	0.252827	0.162419
107.206	0.622666	0.311125	0.161705	0.431686	0.518566	0.158253	0.131158	0.254373	0.162147
107.391	0.62472	0.313428	0.161557	0.433342	0.520806	0.158451	0.13347	0.256627	0.162231
107.575	0.626394	0.315493	0.161324	0.434851	0.522747	0.158157	0.135069	0.257794	0.162589
107.753	0.627848	0.317263	0.161734	0.436018	0.524315	0.158372	0.136574	0.25907	0.162717
107.963	0.629554	0.319232	0.161888	0.437405	0.525943	0.158378	0.138405	0.260836	0.162591
108.136	0.631653	0.321352	0.161325	0.439199	0.52791	0.157923	0.140019	0.261866	0.162418
108.306	0.632685	0.32264	0.161181	0.440237	0.528986	0.157728	0.141509	0.263197	0.163204
108.476	0.63336	0.323404	0.161473	0.440857	0.52975	0.158078	0.142352	0.264127	0.163507
108.651	0.634042	0.32427	0.161887	0.441541	0.530665	0.158478	0.142942	0.264644	0.162956
108.824	0.634808	0.325263	0.161717	0.442163	0.53161	0.158293	0.143543	0.265164	0.162075
109.032	0.635373	0.326106	0.161634	0.442539	0.532285	0.158301	0.144163	0.265545	0.162356
109.235	0.635981	0.327116	0.161995	0.442969	0.533051	0.158462	0.145044	0.266444	0.163408
109.455	0.636553	0.327674	0.161611	0.443486	0.533471	0.158132	0.14592	0.267057	0.163421
109.729	0.636975	0.328027	0.161495	0.443988	0.533786	0.158038	0.146102	0.267322	0.163243
109.935	0.63718	0.328132	0.161704	0.444217	0.533922	0.15828	0.146242	0.267172	0.162692
110.119	0.637108	0.32814	0.161731	0.444221	0.533961	0.158285	0.146436	0.267367	0.16276
110.266	0.637013	0.328138	0.161641	0.44403	0.533912	0.158127	0.14632	0.267254	0.162794
110.413	0.636694	0.327878	0.161664	0.443646	0.533667	0.158084	0.146058	0.267407	0.163234
110.591	0.636367	0.327475	0.161783	0.44337	0.533363	0.158286	0.145426	0.266446	0.162667
110.737	0.635939	0.326867	0.161696	0.443003	0.532918	0.158313	0.144919	0.266021	0.162523
110.886	0.635587	0.326389	0.16163	0.442697	0.532484	0.158296	0.144473	0.265721	0.162643
111.035	0.635172	0.325914	0.161667	0.442332	0.53211	0.158399	0.144059	0.265412	0.162756
111.181	0.634754	0.325439	0.161659	0.441922	0.531673	0.158335	0.143617	0.265027	0.162713
111.359	0.63431	0.325026	0.161669	0.441505	0.531231	0.158249	0.14321	0.264754	0.162621
111.503	0.633787	0.324378	0.16171	0.441061	0.530553	0.15823	0.142708	0.264416	0.162591
111.647	0.633314	0.323865	0.1617	0.440695	0.530035	0.158196	0.142291	0.264037	0.162587
111.797	0.632831	0.323295	0.161649	0.440278	0.529535	0.158113	0.141972	0.263764	0.162558
111.952	0.632373	0.322727	0.161634	0.439873	0.529069	0.158129	0.141174	0.263178	0.162554
112.102	0.63191	0.322179	0.161657	0.439448	0.528644	0.158191	0.140574	0.262594	0.162418
112.278	0.631461	0.321682	0.161678	0.439007	0.528224	0.158253	0.139867	0.262236	0.162318
112.422	0.630863	0.321041	0.161665	0.438491	0.527652	0.158379	0.139319	0.261781	0.162285
112.566	0.630382	0.320573	0.161648	0.438072	0.527178	0.158335	0.138971	0.2615	0.162283
112.713	0.629924	0.320115	0.161697	0.437624	0.526716	0.158335	0.138597	0.261242	0.162345
112.861	0.629436	0.319639	0.161716	0.437232	0.526281	0.158303	0.138342	0.261017	0.1623
113.003	0.628991	0.319161	0.161743	0.436836	0.525821	0.158298	0.137929	0.260645	0.16231
113.189	0.628582	0.318768	0.161741	0.43647	0.525417	0.158312	0.137304	0.260032	0.162279
113.361	0.628134	0.318291	0.161778	0.436075	0.525009	0.158323	0.136819	0.25958	0.162215
113.504	0.627782	0.317893	0.161784	0.435828	0.524733	0.158316	0.136487	0.259261	0.162177
113.655	0.627475	0.317529	0.1618	0.435588	0.524449	0.15831	0.136218	0.259009	0.162154
113.848	0.62721	0.317205	0.161753	0.435409	0.524222	0.158384	0.135944	0.25873	0.16208
114.019	0.626978	0.316958	0.161759	0.435221	0.523942	0.158401	0.135728	0.258543	0.162013
114.204	0.626792	0.316725	0.16176	0.435052	0.523725	0.158402	0.135541	0.258368	0.161977
114.423	0.626608	0.316538	0.161763	0.434876	0.52357	0.158433	0.135365	0.25825	0.161965
114.568	0.626469	0.31637	0.161825	0.434724	0.523426	0.158422	0.135416	0.258304	0.162319
114.741	0.626379	0.31627	0.161805	0.434642	0.523307	0.158401	0.135288	0.258235	0.162277
114.937	0.626345	0.316207	0.161783	0.434568	0.523239	0.158452	0.13521	0.258189	0.162275
115.11	0.626289	0.31618	0.161833	0.434506	0.523193	0.158439	0.135113	0.258132	0.162198
115.322	0.626283	0.31616	0.161793	0.434515	0.523197	0.158442	0.135092	0.258104	0.162196
115.497	0.626306	0.316181	0.161794	0.43451	0.523202	0.15841	0.135148	0.258145	0.162238
115.725	0.626352	0.316229	0.161792	0.434574	0.52326	0.158425	0.135211	0.258165	0.162211
115.989	0.626379	0.316293	0.161799	0.434609	0.523296	0.158366	0.135104	0.258033	0.161922
116.197	0.626416	0.316331	0.161751	0.434621	0.523364	0.158393	0.135182	0.258087	0.161941
116.374	0.626493	0.316387	0.161759	0.434695	0.523426	0.158362	0.135231	0.258129	0.161951
116.56	0.626533	0.316448	0.161762	0.434753	0.52346	0.158359	0.135302	0.25817	0.161977
116.731	0.626567	0.316515	0.161697	0.434814	0.523554	0.158384	0.135337	0.258225	0.161962
116.875	0.626638	0.316561	0.161699	0.434841	0.523604	0.158347	0.135405	0.258246	0.161986
116.998	0.626664	0.31663	0.161719	0.434903	0.523645	0.158369	0.135431	0.258254	0.161974
117.21	0.626694	0.316644	0.161682	0.434904	0.523663	0.158354	0.135475	0.258305	0.161973
117.373	0.626718	0.316678	0.161693	0.434933	0.523697	0.158347	0.135513	0.258319	0.162006
117.592	0.626747	0.316708	0.16171	0.434955	0.523685	0.158325	0.135493	0.258332	0.161976
117.766	0.626751	0.31671	0.161699	0.434955	0.52371	0.158347	0.13552	0.25833	0.16196
117.911	0.626712	0.316676	0.16167	0.434957	0.523712	0.158352	0.135489	0.258312	0.161984
118.06	0.626706	0.316677	0.16169	0.434946	0.523685	0.158362	0.135483	0.25832	0.161971
118.251	0.626674	0.316655	0.161704	0.434924	0.523658	0.158356	0.135461	0.258282	0.161967
118.423	0.626669	0.316624	0.16169	0.434896	0.523626	0.15833	0.135445	0.258274	0.161965
118.634	0.626647	0.31659	0.161669	0.434849	0.523564	0.158292	0.135383	0.258252	0.16193
118.806	0.626624	0.316535	0.161679	0.434848	0.52357	0.158331	0.135382	0.258206	0.16193
118.983	0.62659	0.316526	0.16167	0.434826	0.523523	0.158327	0.135381	0.258224	0.161942
119.158	0.626572	0.316484	0.161675	0.434797	0.523527	0.158359	0.135377	0.258208	0.161951
119.347	0.626557	0.316494	0.161682	0.434769	0.52352	0.158365	0.135353	0.258196	0.161945
119.527	0.62657	0.316465	0.16171	0.434773	0.52351	0.158353	0.135312	0.258181	0.161923
119.687	0.626552	0.316476	0.161684	0.434773	0.523527	0.158354	0.135317	0.258201	0.161944
119.855	0.626547	0.316462	0.161712	0.434759	0.523504	0.158345	0.135338	0.258195	0.161952
120.029	0.62653	0.316472	0.161669	0.434772	0.523519	0.158367	0.135333	0.258194	0.161941
120.203	0.626572	0.316498	0.161699	0.43477	0.523525	0.158342	0.135356	0.258203	0.161957
120.373	0.626567	0.316498	0.161713	0.434765	0.523513	0.158349	0.135359	0.258204	0.161933
120.582	0.626567	0.316481	0.161683	0.434806	0.523526	0.158352	0.135371	0.25821	0.16195
120.755	0.626589	0.316509	0.161687	0.434801	0.523551	0.158354	0.135356	0.258221	0.161958
120.929	0.626602	0.31653	0.16168	0.434808	0.523548	0.158354	0.135391	0.258212	0.161971
121.104	0.62658	0.316533	0.161698	0.434787	0.523546	0.158344	0.135387	0.258227	0.161928
121.277	0.626572	0.316494	0.161701	0.434804	0.523537	0.158311	0.135357	0.258231	0.161938
121.495	0.626565	0.316487	0.16171	0.434793	0.523547	0.158342	0.135346	0.258197	0.161947
121.667	0.626577	0.316502	0.1617	0.434804	0.523537	0.158324	0.135351	0.258212	0.161926
121.852	0.626563	0.316498	0.1617	0.434803	0.523534	0.158373	0.135519	0.258378	0.162282
122.021	0.626563	0.316478	0.161684	0.4348	0.523521	0.158344	0.135349	0.258181	0.161928
122.199	0.626552	0.316492	0.161715	0.434789	0.523502	0.158351	0.135354	0.258192	0.161931
122.374	0.626584	0.316475	0.161681	0.434797	0.523493	0.158328	0.135521	0.258351	0.162289
122.581	0.626548	0.316477	0.161698	0.434772	0.523504	0.158332	0.135519	0.258342	0.162281
122.756	0.626568	0.316488	0.161665	0.434804	0.523492	0.158327	0.135352	0.258186	0.161932
122.968	0.626562	0.316491	0.161683	0.434814	0.523492	0.15835	0.135346	0.25818	0.161925
123.144	0.626564	0.316479	0.161694	0.434818	0.523497	0.158339	0.13535	0.258185	0.161934
123.32	0.626581	0.316473	0.161703	0.434805	0.5235	0.158321	0.135342	0.258192	0.161942
123.497	0.626583	0.316498	0.161674	0.434824	0.523511	0.158338	0.135348	0.258178	0.161919
123.684	0.62657	0.316488	0.161645	0.43482	0.523519	0.15835	0.135511	0.258359	0.162287
123.887	0.626593	0.3165	0.161678	0.434832	0.523482	0.158326	0.135524	0.258363	0.16226
124.026	0.626567	0.316483	0.161715	0.434826	0.523498	0.158325	0.135527	0.25835	0.162296
124.243	0.626577	0.316465	0.161701	0.434805	0.523504	0.158365	0.135349	0.258166	0.161931
124.418	0.626579	0.316476	0.161661	0.434815	0.523491	0.158328	0.135497	0.258356	0.16226
124.599	0.626561	0.316442	0.161689	0.434821	0.52348	0.158301	0.135499	0.258335	0.16226
124.795	0.626581	0.316456	0.161705	0.43481	0.523476	0.158309	0.135498	0.25835	0.162275
125.007	0.626582	0.316491	0.161698	0.434813	0.523488	0.158349	0.135467	0.258352	0.162231
125.182	0.626584	0.316461	0.1617	0.434813	0.523481	0.158301	0.135467	0.258341	0.162224
125.358	0.62659	0.316489	0.161685	0.434815	0.523459	0.158315	0.135461	0.258351	0.162211
125.532	0.62657	0.316461	0.1617	0.4348	0.523486	0.158325	0.135332	0.258203	0.161901
125.708	0.626552	0.316477	0.161695	0.434802	0.52349	0.158336	0.135481	0.258355	0.162237
125.902	0.626575	0.316474	0.161667	0.43482	0.523477	0.158323	0.135449	0.258353	0.162213
126.106	0.626584	0.316478	0.161681	0.434793	0.52347	0.158308	0.135441	0.258358	0.162221
126.284	0.626571	0.316497	0.161681	0.434797	0.523489	0.158318	0.135437	0.258341	0.162193
126.46	0.626562	0.316473	0.161715	0.434791	0.523461	0.158321	0.135447	0.258341	0.162235
126.637	0.62657	0.316469	0.161671	0.434807	0.523473	0.158323	0.135462	0.258329	0.162236
126.818	0.626544	0.316473	0.161703	0.434794	0.523454	0.158332	0.135439	0.258357	0.162202
127.001	0.626552	0.316467	0.161649	0.434798	0.523461	0.158325	0.135478	0.258344	0.162233
127.174	0.626571	0.316496	0.161688	0.434797	0.523455	0.158303	0.135439	0.25833	0.162186
127.274	0.626559	0.316448	0.1617	0.434811	0.523469	0.158321	0.135476	0.258335	0.162235
127.375	0.626557	0.316472	0.161681	0.434796	0.523458	0.158317	0.135435	0.258333	0.162211
127.551	0.626565	0.316456	0.161684	0.434795	0.523456	0.158308	0.135474	0.258346	0.162229
127.729	0.626573	0.316453	0.161696	0.434799	0.523462	0.158314	0.135328	0.258161	0.161909
127.933	0.626572	0.316452	0.161692	0.434806	0.523473	0.158326	0.135299	0.258178	0.161899
128.161	0.626546	0.316474	0.161693	0.434797	0.52347	0.158307	0.135331	0.258156	0.161899
128.343	0.626565	0.316469	0.16166	0.434807	0.523473	0.158317	0.135462	0.258341	0.162244
128.52	0.626553	0.316464	0.161698	0.434785	0.523461	0.158325	0.135306	0.258175	0.16192
128.696	0.626566	0.316458	0.161698	0.434799	0.5235	0.158335	0.135498	0.258339	0.162264
128.875	0.626551	0.316467	0.161663	0.434782	0.523483	0.15832	0.135472	0.258351	0.162259
129.074	0.626545	0.316464	0.161657	0.434802	0.523476	0.158314	0.135301	0.258163	0.161889
129.293	0.626544	0.316454	0.161662	0.434778	0.52347	0.158341	0.135484	0.258327	0.162222
129.482	0.626544	0.31647	0.161656	0.43477	0.523476	0.158328	0.135305	0.258149	0.161911
129.66	0.626541	0.316454	0.161683	0.434791	0.523483	0.158321	0.135453	0.258328	0.162234
129.835	0.626549	0.316454	0.161663	0.434773	0.52347	0.158321	0.135305	0.258166	0.161913
130.012	0.626523	0.316437	0.161662	0.434772	0.523488	0.158325	0.1353	0.258166	0.161912
130.175	0.626523	0.316467	0.161665	0.434771	0.523463	0.158316	0.135298	0.258166	0.16192
130.357	0.626535	0.316446	0.161694	0.434775	0.523467	0.158319	0.135289	0.258149	0.161922
130.508	0.626542	0.31646	0.161673	0.434761	0.52348	0.158319	0.135316	0.258171	0.161917
130.658	0.626521	0.316463	0.161671	0.434744	0.523467	0.158322	0.135475	0.258345	0.162266
130.815	0.626541	0.316459	0.161641	0.434766	0.523481	0.158326	0.135484	0.258325	0.162255
130.966	0.626531	0.316465	0.161697	0.434742	0.523467	0.158328	0.135305	0.258165	0.161907
131.13	0.62653	0.316457	0.16166	0.434755	0.523471	0.158336	0.135289	0.258151	0.161927
131.28	0.626537	0.316455	0.161661	0.434741	0.523452	0.158312	0.13529	0.258165	0.161898
131.46	0.626539	0.31644	0.161694	0.434751	0.523451	0.158316	0.13532	0.258171	0.161927
131.614	0.626521	0.316453	0.161683	0.434749	0.523469	0.158331	0.135308	0.258176	0.161943
131.764	0.626534	0.316435	0.161686	0.434744	0.523482	0.158344	0.135292	0.25817	0.161934
131.913	0.626514	0.316452	0.161679	0.434757	0.523478	0.158345	0.135293	0.258158	0.16193
132.078	0.626528	0.316443	0.161702	0.434742	0.523449	0.15833	0.135289	0.258151	0.161931
132.259	0.626538	0.31646	0.161669	0.434739	0.523481	0.158337	0.135262	0.258129	0.161901
132.409	0.626529	0.316459	0.161654	0.434755	0.523457	0.158308	0.135263	0.25816	0.161911
132.56	0.626517	0.316469	0.161657	0.434737	0.523477	0.158321	0.135443	0.258324	0.162267
132.71	0.626506	0.316464	0.161674	0.434733	0.523465	0.158314	0.135287	0.258166	0.161936
132.874	0.62651	0.31645	0.161672	0.43474	0.523464	0.158331	0.135267	0.258165	0.161942
133.094	0.626523	0.31646	0.16167	0.434733	0.523487	0.158346	0.135283	0.258169	0.161911
133.277	0.626507	0.316433	0.161684	0.434747	0.523455	0.158328	0.135465	0.258344	0.162267
133.426	0.626516	0.316441	0.161661	0.434727	0.523472	0.158344	0.135287	0.25817	0.161917
133.576	0.626502	0.316439	0.161687	0.434732	0.523471	0.158331	0.135301	0.258145	0.161917
133.726	0.626512	0.316462	0.161679	0.434749	0.523461	0.158305	0.135296	0.25815	0.161917
133.876	0.626512	0.31646	0.161682	0.434731	0.523465	0.158335	0.135324	0.258125	0.161913
134.035	0.62652	0.316445	0.161685	0.434749	0.523455	0.158338	0.135336	0.25817	0.161925
134.244	0.626543	0.316426	0.161692	0.434742	0.523466	0.158332	0.135298	0.258141	0.161905
134.442	0.626532	0.316455	0.16166	0.434745	0.523475	0.158323	0.13531	0.258153	0.161917
134.645	0.626538	0.316447	0.161677	0.434746	0.52346	0.158322	0.135303	0.258167	0.161919
134.845	0.626514	0.316433	0.161662	0.434726	0.523445	0.158318	0.135287	0.25814	0.16192
135.044	0.626552	0.31646	0.161683	0.434747	0.523454	0.158302	0.135291	0.258131	0.161903
135.212	0.626536	0.316443	0.161693	0.43476	0.523462	0.158334	0.135289	0.258163	0.161909
135.363	0.626533	0.316432	0.161697	0.434754	0.523466	0.158322	0.135292	0.258139	0.161896
135.544	0.626525	0.316441	0.161678	0.434742	0.523447	0.15832	0.135316	0.258149	0.161903
135.693	0.626522	0.31642	0.161672	0.434741	0.523457	0.158312	0.135308	0.258148	0.161908
135.842	0.626535	0.316443	0.16168	0.434756	0.523457	0.158335	0.135315	0.258159	0.16191
135.991	0.626512	0.316416	0.161682	0.434759	0.523461	0.158326	0.135289	0.25816	0.161907
136.152	0.626535	0.316462	0.161668	0.434731	0.523452	0.158315	0.135279	0.258138	0.161909
136.332	0.626544	0.316444	0.161661	0.434735	0.523448	0.158298	0.135454	0.258323	0.162248
136.558	0.626515	0.316439	0.161699	0.434741	0.523446	0.158332	0.135269	0.258124	0.161884
136.727	0.626541	0.316455	0.161686	0.434752	0.523465	0.158309	0.135459	0.258307	0.162209
136.879	0.626531	0.316452	0.161646	0.434744	0.523456	0.158301	0.135478	0.258302	0.16223
137.032	0.626548	0.316456	0.161686	0.434768	0.523434	0.158298	0.135442	0.258335	0.162192
137.198	0.626522	0.316434	0.161703	0.434771	0.52346	0.15832	0.135277	0.258146	0.161871
137.379	0.626526	0.316417	0.161671	0.434769	0.52345	0.158282	0.135447	0.258311	0.162205
137.53	0.626541	0.316426	0.161679	0.434749	0.523442	0.158318	0.135401	0.258296	0.162155
137.681	0.626543	0.31643	0.161672	0.434756	0.52344	0.158292	0.135442	0.258308	0.162188
137.83	0.626545	0.316439	0.16165	0.434754	0.523443	0.158304	0.135478	0.258324	0.162245
137.98	0.626545	0.316443	0.161666	0.434758	0.523449	0.158292	0.135312	0.258134	0.161907
138.137	0.626535	0.31642	0.161669	0.434776	0.523442	0.158306	0.13544	0.258295	0.162213
138.269	0.626538	0.316431	0.161661	0.434756	0.52345	0.158325	0.135475	0.258297	0.162232
138.303	0.626538	0.316431	0.161661	0.434756	0.52345	0.158325	0.135475	0.258297	0.162232
138.351	0.626538	0.316431	0.161661	0.434756	0.52345	0.158325	0.135475	0.258297	0.162232
138.378	0.626538	0.316431	0.161661	0.434756	0.52345	0.158325	0.135475	0.258297	0.162232
138.398	0.626538	0.316431	0.161661	0.434756	0.52345	0.158325	0.135475	0.258297	0.162232
139.323	0.626538	0.316431	0.161661	0.434756	0.52345	0.158325	0.135475	0.258297	0.162232
