Time      x1      y1      z1	x2	y2	z2	x3	y3	z3	x4	y4	z4
11.235	6.92735e-310	6.92735e-310	2.122e-314	3.135e-317	1.5316e-322	6.92735e-310	0	0	0
11.293	6.92735e-310	6.92735e-310	2.122e-314	3.135e-317	1.5316e-322	6.92735e-310	0	0	0
11.329	6.92735e-310	6.92735e-310	2.122e-314	3.135e-317	1.5316e-322	6.92735e-310	0	0	0
11.404	6.92735e-310	6.92735e-310	2.122e-314	3.135e-317	1.5316e-322	6.92735e-310	0	0	0
11.459	6.92735e-310	6.92735e-310	2.122e-314	3.135e-317	1.5316e-322	6.92735e-310	0	0	0
11.484	6.92735e-310	6.92735e-310	2.122e-314	3.135e-317	1.5316e-322	6.92735e-310	0	0	0
11.546	6.92735e-310	6.92735e-310	2.122e-314	3.135e-317	1.5316e-322	6.92735e-310	0	0	0
11.582	6.92735e-310	6.92735e-310	2.122e-314	3.135e-317	1.5316e-322	6.92735e-310	0	0	0
11.645	6.92735e-310	6.92735e-310	2.122e-314	3.135e-317	1.5316e-322	6.92735e-310	0	0	0
11.84	6.92735e-310	6.92735e-310	2.122e-314	3.135e-317	1.5316e-322	6.92735e-310	0	0	0
11.895	6.92735e-310	6.92735e-310	2.122e-314	3.135e-317	1.5316e-322	6.92735e-310	0	0	0
11.919	6.92735e-310	6.92735e-310	2.122e-314	3.135e-317	1.5316e-322	6.92735e-310	0	0	0
11.96	6.92735e-310	6.92735e-310	2.122e-314	3.135e-317	1.5316e-322	6.92735e-310	0	0	0
11.978	6.92735e-310	6.92735e-310	2.122e-314	3.135e-317	1.5316e-322	6.92735e-310	0	0	0
12	6.92735e-310	6.92735e-310	2.122e-314	3.135e-317	1.5316e-322	6.92735e-310	0	0	0
13.006	6.92735e-310	6.92735e-310	2.122e-314	3.135e-317	1.5316e-322	6.92735e-310	0	0	0
13.249	-1.81817	0.845626	0.148255	-1.81926	1.12789	0.146008	-2.22009	1.13425	0.15068
13.528	-1.8182	0.845639	0.148278	-1.81918	1.12789	0.145841	-2.2201	1.1342	0.150605
13.771	-1.81817	0.845692	0.148253	-1.81929	1.12791	0.146062	-2.22041	1.13441	0.151066
14.002	-1.81818	0.845706	0.148282	-1.81935	1.12789	0.146165	-2.22059	1.13373	0.150274
14.268	-1.81819	0.845699	0.148252	-1.81907	1.12796	0.145795	-2.22011	1.13426	0.150679
14.536	-1.81821	0.845745	0.148239	-1.81906	1.12795	0.145757	-2.22009	1.13421	0.150635
14.819	-1.8182	0.845707	0.148186	-1.81925	1.12791	0.146024	-2.21989	1.13439	0.150735
15.12	-1.81823	0.845702	0.148146	-1.81931	1.12789	0.146068	-2.22018	1.13402	0.150554
15.366	-1.81826	0.845739	0.148122	-1.81909	1.12795	0.145793	-2.22021	1.13419	0.150787
15.632	-1.81819	0.845772	0.148008	-1.81933	1.12786	0.146093	-2.22064	1.13353	0.150206
15.842	-1.81813	0.846315	0.148328	-1.81926	1.12788	0.145978	-2.22017	1.13402	0.150549
16.157	-1.8183	0.846525	0.148613	-1.81916	1.1279	0.145847	-2.22067	1.13351	0.150178
16.427	-1.8183	0.846428	0.148534	-1.81911	1.12794	0.145893	-2.22025	1.13405	0.150656
16.701	-1.81827	0.846409	0.148446	-1.8193	1.1279	0.146158	-2.21991	1.13442	0.150991
16.927	-1.81828	0.846397	0.14839	-1.81929	1.12784	0.145972	-2.21988	1.13451	0.15092
17.185	-1.8183	0.846375	0.148416	-1.8191	1.12797	0.145873	-2.22047	1.13363	0.150273
17.466	-1.81829	0.846347	0.148376	-1.81908	1.12799	0.145831	-2.21994	1.13442	0.150863
17.71	-1.81826	0.846342	0.148316	-1.81933	1.12786	0.146062	-2.21992	1.13443	0.15095
17.956	-1.81828	0.846326	0.148296	-1.81916	1.12805	0.146064	-2.22056	1.13361	0.150209
18.171	-1.81833	0.846294	0.148343	-1.81913	1.12809	0.146038	-2.21997	1.13443	0.150942
18.389	-1.81831	0.846289	0.148318	-1.81941	1.12798	0.146247	-2.22058	1.13364	0.150343
18.674	-1.81826	0.846223	0.148231	-1.81927	1.12793	0.146124	-2.22059	1.13359	0.150369
18.842	-1.81835	0.846249	0.148301	-1.81924	1.12805	0.146068	-2.22057	1.13354	0.150148
19.141	-1.81831	0.846202	0.148232	-1.81941	1.12825	0.146466	-2.22061	1.13359	0.150325
19.342	-1.81828	0.846195	0.148217	-1.81959	1.12801	0.146484	-2.22001	1.13441	0.151031
19.607	-1.81831	0.846186	0.148231	-1.81953	1.12807	0.146466	-2.21997	1.13437	0.150901
19.855	-1.81831	0.846157	0.14821	-1.81938	1.1282	0.146363	-2.21998	1.13438	0.150962
20.115	-1.81826	0.846152	0.14814	-1.81955	1.12803	0.146505	-2.22066	1.13351	0.150335
20.35	-1.81825	0.84611	0.148104	-1.81953	1.12803	0.146477	-2.21991	1.1344	0.151057
20.657	-1.81828	0.846077	0.148116	-1.81937	1.12816	0.146347	-2.21999	1.13434	0.15095
20.907	-1.81827	0.846069	0.148101	-1.81946	1.12808	0.14639	-2.22	1.13431	0.150961
21.179	-1.81823	0.846069	0.148092	-1.8195	1.12801	0.146427	-2.22001	1.1343	0.150905
21.434	-1.81828	0.846035	0.148101	-1.81939	1.12816	0.146361	-2.22048	1.13374	0.150456
21.623	-1.81826	0.846007	0.148125	-1.81938	1.12816	0.146373	-2.22004	1.13434	0.150961
21.872	-1.81825	0.846022	0.14808	-1.8195	1.128	0.14644	-2.22001	1.13438	0.151045
22.187	-1.81816	0.845923	0.147962	-1.81949	1.12802	0.146415	-2.21998	1.13429	0.150931
22.455	-1.81823	0.846002	0.148103	-1.81947	1.12808	0.14636	-2.22001	1.1344	0.151067
22.757	-1.81824	0.846001	0.148143	-1.81938	1.12815	0.146355	-2.22006	1.13415	0.150871
23.026	-1.81815	0.845896	0.148022	-1.81956	1.12794	0.146437	-2.22056	1.13373	0.15058
23.314	-1.81818	0.845864	0.14803	-1.81949	1.12801	0.146358	-2.22001	1.13438	0.151035
23.5	-1.8182	0.845908	0.148106	-1.81945	1.12815	0.146432	-2.22013	1.1343	0.150969
23.738	-1.81816	0.84591	0.148127	-1.81937	1.12813	0.146322	-2.22	1.13436	0.151109
23.899	-1.81811	0.845863	0.148109	-1.81954	1.12794	0.146415	-2.22002	1.13431	0.150856
24.094	-1.81813	0.845911	0.14816	-1.81936	1.12815	0.1463	-2.22046	1.13379	0.150567
24.39	-1.8182	0.845931	0.14827	-1.81939	1.12819	0.14637	-2.22051	1.13381	0.150519
24.635	-1.81812	0.845848	0.148208	-1.8194	1.12816	0.146388	-2.22049	1.13381	0.150663
24.858	-1.81812	0.845909	0.148222	-1.81947	1.12805	0.146443	-2.2205	1.13386	0.150561
25.091	-1.81814	0.845903	0.148269	-1.81936	1.12818	0.146332	-2.22048	1.13385	0.150561
25.365	-1.81824	0.845776	0.148078	-1.81939	1.12814	0.146346	-2.22004	1.13438	0.151061
25.612	-1.81821	0.845797	0.148074	-1.81951	1.12801	0.146431	-2.22002	1.13446	0.151117
25.904	-1.81812	0.845872	0.148317	-1.81934	1.12817	0.146304	-2.22046	1.13383	0.150595
26.166	-1.81814	0.845909	0.148367	-1.81936	1.12815	0.146326	-2.22002	1.13435	0.150942
26.384	-1.8182	0.845971	0.148514	-1.81939	1.12813	0.146362	-2.21994	1.13447	0.151131
26.635	-1.81817	0.845992	0.14851	-1.81951	1.12802	0.146451	-2.2204	1.13396	0.150729
26.88	-1.81821	0.846003	0.148569	-1.81936	1.12814	0.146323	-2.22031	1.13398	0.150733
27.176	-1.8182	0.846008	0.148575	-1.81939	1.12818	0.146366	-2.22034	1.13399	0.15069
27.491	-1.81817	0.846024	0.148577	-1.8195	1.12811	0.146513	-2.2206	1.13366	0.150488
27.754	-1.81819	0.846046	0.148557	-1.81947	1.12803	0.146381	-2.21996	1.13441	0.151029
28.023	-1.81822	0.846068	0.148632	-1.81948	1.12811	0.146413	-2.21998	1.13443	0.150982
28.29	-1.81821	0.846065	0.148638	-1.81942	1.12822	0.146444	-2.21993	1.13444	0.151085
28.551	-1.81818	0.846068	0.148605	-1.81955	1.12808	0.146478	-2.22	1.13442	0.151022
28.783	-1.8182	0.846084	0.148597	-1.81942	1.12826	0.146447	-2.21996	1.13441	0.150968
28.994	-1.81821	0.846118	0.148611	-1.81955	1.12811	0.146506	-2.21998	1.13439	0.150993
29.28	-1.81824	0.846044	0.148374	-1.81957	1.12807	0.146603	-2.21992	1.13446	0.151056
29.523	-1.81818	0.846138	0.148527	-1.81941	1.1281	0.146407	-2.21994	1.1344	0.151066
29.773	-1.81823	0.846164	0.148544	-1.81944	1.12825	0.146487	-2.21997	1.13432	0.150862
30.054	-1.81822	0.846161	0.148565	-1.81945	1.12827	0.146526	-2.21993	1.13445	0.151038
30.281	-1.81817	0.846182	0.14846	-1.81945	1.12804	0.146272	-2.21991	1.13443	0.151027
30.476	-1.81818	0.846204	0.148473	-1.81948	1.12791	0.146227	-2.21989	1.13436	0.150879
30.762	-1.81824	0.846231	0.148528	-1.81928	1.12806	0.14607	-2.22002	1.13416	0.150787
30.995	-1.81822	0.846231	0.148491	-1.81944	1.12793	0.146233	-2.21996	1.13441	0.150966
31.255	-1.81818	0.846261	0.148439	-1.81929	1.12794	0.14597	-2.21987	1.13443	0.15097
31.507	-1.81823	0.846263	0.148431	-1.81905	1.12797	0.145721	-2.2199	1.13441	0.150842
31.757	-1.81825	0.846267	0.148487	-1.81916	1.12794	0.145943	-2.2205	1.13364	0.150294
32.078	-1.81823	0.84628	0.148444	-1.81928	1.12787	0.146024	-2.2199	1.13443	0.15099
32.385	-1.81823	0.846329	0.148397	-1.81904	1.12795	0.145727	-2.21985	1.13439	0.150829
32.598	-1.81827	0.846314	0.148459	-1.81908	1.12796	0.145787	-2.22046	1.13356	0.150128
32.83	-1.81828	0.846333	0.148424	-1.81914	1.12796	0.145898	-2.22057	1.13355	0.150243
33.107	-1.81825	0.84631	0.148383	-1.81934	1.12781	0.146076	-2.22052	1.13362	0.150293
33.387	-1.81826	0.846309	0.148363	-1.81965	1.12827	0.146801	-2.2205	1.13353	0.150077
33.64	-1.81829	0.846347	0.148433	-1.8192	1.12787	0.145957	-2.21992	1.13443	0.150948
33.901	-1.81827	0.846334	0.148397	-1.81931	1.12792	0.146063	-2.22053	1.13365	0.15033
34.198	-1.81824	0.84632	0.148336	-1.81921	1.12784	0.145846	-2.21986	1.13443	0.150863
34.505	-1.81829	0.846331	0.148354	-1.81949	1.12795	0.146308	-2.22043	1.1336	0.150132
34.739	-1.81828	0.846344	0.148386	-1.81909	1.12791	0.14585	-2.21987	1.13441	0.15089
34.974	-1.81826	0.84634	0.14837	-1.81929	1.12796	0.146103	-2.21988	1.13447	0.150983
35.243	-1.81826	0.846354	0.148361	-1.81908	1.12807	0.145941	-2.22057	1.13464	0.151615
35.594	-1.81828	0.846371	0.148395	-1.81968	1.12841	0.146909	-2.22056	1.13469	0.151665
35.856	-1.81826	0.846358	0.148362	-1.81934	1.12801	0.146264	-2.22056	1.13468	0.151648
36.149	-1.81826	0.846368	0.148379	-1.81916	1.12807	0.146161	-2.22052	1.13474	0.151705
36.435	-1.81826	0.846356	0.148301	-1.81897	1.12802	0.145683	-2.22053	1.13466	0.151645
36.744	-1.81825	0.846308	0.148337	-1.81929	1.12802	0.1462	-2.22054	1.13472	0.151692
37.038	-1.81821	0.846247	0.148294	-1.81932	1.12801	0.146229	-2.21988	1.13451	0.151027
37.311	-1.81827	0.84636	0.148408	-1.81919	1.12802	0.146134	-2.21986	1.13443	0.150927
37.562	-1.81821	0.8463	0.148278	-1.81906	1.12813	0.145926	-2.22049	1.13363	0.150087
37.861	-1.81826	0.846317	0.148394	-1.81933	1.128	0.146242	-2.21993	1.13442	0.151015
38.146	-1.81827	0.846311	0.148401	-1.81938	1.12795	0.14627	-2.22059	1.1336	0.150292
38.428	-1.81826	0.846308	0.148414	-1.81912	1.1281	0.146006	-2.21991	1.13446	0.150919
38.799	-1.81825	0.846304	0.148391	-1.81919	1.12806	0.146051	-2.21992	1.13449	0.150979
39.091	-1.81824	0.84628	0.148431	-1.81956	1.12801	0.146472	-2.2206	1.1337	0.150455
39.321	-1.81826	0.846247	0.148424	-1.81941	1.12825	0.146457	-2.22057	1.13357	0.150274
39.511	-1.81825	0.846261	0.148479	-1.81939	1.12824	0.146423	-2.21996	1.13441	0.150976
39.704	-1.81823	0.846191	0.148426	-1.81953	1.12807	0.146483	-2.21996	1.13442	0.151024
39.88	-1.81823	0.846193	0.148446	-1.81944	1.12824	0.146525	-2.21994	1.13447	0.151055
40.147	-1.81822	0.846164	0.148465	-1.81946	1.12819	0.146457	-2.21996	1.13435	0.150867
40.406	-1.81824	0.846116	0.148446	-1.81948	1.12827	0.146572	-2.22067	1.13331	0.150112
40.608	-1.81819	0.846027	0.148396	-1.8196	1.12805	0.14658	-2.21998	1.13436	0.151012
40.91	-1.81824	0.846105	0.148511	-1.81946	1.12824	0.146533	-2.21997	1.13443	0.151064
41.16	-1.81815	0.846023	0.148368	-1.81944	1.12829	0.146506	-2.21984	1.1345	0.151109
41.365	-1.81819	0.846044	0.148477	-1.81949	1.12823	0.146596	-2.21992	1.13445	0.151062
41.72	-1.81814	0.846034	0.148416	-1.81958	1.12806	0.146575	-2.21986	1.13451	0.151062
41.974	-1.81815	0.845969	0.14844	-1.81944	1.12826	0.146501	-2.22	1.13446	0.151086
42.226	-1.81817	0.845985	0.148444	-1.81944	1.12826	0.146546	-2.21998	1.13442	0.151132
42.495	-1.81819	0.846015	0.148529	-1.81952	1.12808	0.146511	-2.22045	1.13387	0.150654
42.769	-1.81812	0.845956	0.148404	-1.81956	1.12795	0.146498	-2.21992	1.13448	0.151045
42.994	-1.81812	0.845852	0.148361	-1.81944	1.12827	0.146525	-2.22001	1.13438	0.150993
43.277	-1.8182	0.845988	0.148545	-1.81952	1.12824	0.146592	-2.22003	1.13437	0.150977
43.598	-1.81816	0.845965	0.148459	-1.81958	1.12807	0.146584	-2.22007	1.1344	0.151
43.826	-1.81818	0.84599	0.148543	-1.81943	1.12827	0.146507	-2.22006	1.13436	0.15095
44.044	-1.81819	0.845957	0.148561	-1.81943	1.12825	0.146496	-2.22049	1.13377	0.150506
44.291	-1.81815	0.845961	0.148535	-1.81957	1.12809	0.146552	-2.22004	1.13437	0.150949
44.525	-1.81814	0.845963	0.148533	-1.81955	1.12812	0.146548	-2.22004	1.13436	0.150952
44.878	-1.81821	0.845951	0.148559	-1.81952	1.12821	0.146575	-2.22049	1.13383	0.1506
45.164	-1.81819	0.845913	0.148511	-1.81942	1.12823	0.146442	-2.22044	1.13379	0.150541
45.405	-1.81818	0.845943	0.148518	-1.81955	1.1281	0.146563	-2.22003	1.13441	0.151088
45.661	-1.81817	0.845972	0.148489	-1.81941	1.12827	0.146454	-2.22008	1.13415	0.150815
45.933	-1.81819	0.845958	0.148473	-1.81938	1.12824	0.146411	-2.22	1.13432	0.150938
46.22	-1.81818	0.845963	0.148469	-1.81952	1.12805	0.14645	-2.22001	1.13438	0.151019
46.517	-1.81818	0.845965	0.148459	-1.81953	1.12808	0.146448	-2.22001	1.13441	0.15107
46.754	-1.81822	0.845986	0.148451	-1.81935	1.12819	0.146349	-2.22002	1.13434	0.150907
46.939	-1.81821	0.845979	0.14843	-1.81937	1.12819	0.146355	-2.22001	1.13439	0.151025
47.152	-1.81821	0.84602	0.148422	-1.81952	1.12811	0.146495	-2.22	1.13444	0.151046
47.443	-1.81821	0.846037	0.148403	-1.81939	1.12818	0.146385	-2.2204	1.13384	0.150663
47.676	-1.81823	0.846031	0.14836	-1.81943	1.12813	0.146406	-2.22002	1.13438	0.150987
47.907	-1.81823	0.846053	0.148355	-1.81946	1.12813	0.146446	-2.22045	1.13387	0.150566
48.096	-1.81824	0.846074	0.148336	-1.8195	1.12802	0.146417	-2.21986	1.13457	0.151113
48.351	-1.81829	0.8461	0.148335	-1.81938	1.12816	0.146348	-2.22026	1.134	0.150638
48.588	-1.81829	0.846134	0.148298	-1.81936	1.12819	0.146337	-2.21995	1.13438	0.151011
48.8	-1.81828	0.846123	0.148301	-1.81947	1.12812	0.146512	-2.21995	1.13446	0.151101
49.031	-1.81828	0.846147	0.148231	-1.8196	1.12797	0.14646	-2.2199	1.13451	0.151094
49.219	-1.81833	0.846176	0.148299	-1.81937	1.12814	0.146311	-2.22055	1.13367	0.150367
49.434	-1.8183	0.846191	0.148303	-1.81934	1.12816	0.146312	-2.21992	1.13442	0.151025
49.611	-1.81828	0.846183	0.14827	-1.81954	1.12802	0.146488	-2.21995	1.13441	0.151043
49.81	-1.81832	0.846223	0.148313	-1.81936	1.12819	0.146341	-2.21998	1.13439	0.150951
49.974	-1.81835	0.846227	0.148333	-1.81938	1.12817	0.14631	-2.21995	1.13441	0.15102
50.207	-1.81829	0.846217	0.148261	-1.8195	1.12802	0.146424	-2.21994	1.13447	0.151062
50.51	-1.81827	0.846247	0.148253	-1.81948	1.12802	0.146403	-2.22056	1.13368	0.150413
50.779	-1.81832	0.846256	0.148321	-1.81935	1.12817	0.146288	-2.22066	1.13334	0.15003
50.959	-1.81832	0.846275	0.148314	-1.81916	1.12803	0.146016	-2.22051	1.13371	0.150429
51.155	-1.8183	0.846278	0.148282	-1.81932	1.128	0.146176	-2.21991	1.13443	0.150967
51.409	-1.8183	0.846291	0.148317	-1.81927	1.12796	0.146096	-2.21985	1.13455	0.151014
51.721	-1.81833	0.846322	0.148369	-1.8192	1.12799	0.146009	-2.22052	1.13365	0.150265
51.925	-1.81829	0.846298	0.148318	-1.81931	1.128	0.146147	-2.21998	1.13425	0.150861
52.224	-1.81826	0.846308	0.148304	-1.81933	1.12798	0.146211	-2.21987	1.13452	0.150954
52.44	-1.81832	0.846341	0.148363	-1.81919	1.12806	0.14603	-2.22059	1.13428	0.151341
52.677	-1.81832	0.846329	0.148376	-1.81915	1.12804	0.146018	-2.22054	1.13474	0.151741
52.911	-1.81826	0.846343	0.148334	-1.81931	1.12797	0.146182	-2.22047	1.1337	0.150407
53.182	-1.81828	0.846344	0.148326	-1.8193	1.128	0.146116	-2.21986	1.1345	0.150872
53.515	-1.81832	0.846367	0.148407	-1.81914	1.12811	0.146124	-2.22041	1.13373	0.150276
53.706	-1.81826	0.846296	0.148301	-1.81937	1.12798	0.146261	-2.21989	1.13449	0.150945
54.029	-1.81821	0.846224	0.148245	-1.81928	1.12799	0.146247	-2.22049	1.13373	0.150364
54.282	-1.81824	0.846358	0.148375	-1.81911	1.12813	0.146027	-2.21988	1.13444	0.15093
54.504	-1.81824	0.84632	0.148319	-1.81912	1.12812	0.146032	-2.22047	1.13359	0.150167
54.722	-1.81826	0.846346	0.148374	-1.81937	1.128	0.146255	-2.21992	1.13442	0.150878
55.04	-1.81824	0.846353	0.148364	-1.81931	1.12803	0.146228	-2.2205	1.13361	0.150224
55.335	-1.81827	0.846349	0.148406	-1.81914	1.12815	0.146126	-2.22057	1.13466	0.151582
55.596	-1.81825	0.846333	0.148427	-1.81934	1.12802	0.146197	-2.22051	1.13366	0.150288
55.845	-1.81825	0.84631	0.148422	-1.81934	1.12799	0.146224	-2.21992	1.1344	0.150977
56.099	-1.81824	0.846332	0.148467	-1.81929	1.12798	0.146063	-2.2205	1.13364	0.150193
56.407	-1.81824	0.846285	0.148429	-1.81905	1.12797	0.145729	-2.21991	1.1344	0.150901
56.616	-1.81819	0.846267	0.148448	-1.81929	1.12797	0.146103	-2.21992	1.13443	0.150943
56.825	-1.81821	0.846269	0.148465	-1.81928	1.12784	0.145997	-2.22056	1.13364	0.150337
57.022	-1.81822	0.846274	0.148528	-1.81916	1.12798	0.145913	-2.21985	1.13446	0.150928
57.257	-1.81821	0.846232	0.148514	-1.81927	1.12807	0.146054	-2.22056	1.13363	0.150304
57.487	-1.81819	0.846209	0.148536	-1.81945	1.12802	0.146248	-2.22063	1.13354	0.150296
57.75	-1.8182	0.846221	0.148589	-1.81927	1.12809	0.146079	-2.22069	1.13331	0.15004
57.992	-1.81817	0.846193	0.148549	-1.81922	1.12813	0.146015	-2.21993	1.13432	0.150843
58.203	-1.81816	0.846184	0.14857	-1.81947	1.12795	0.146265	-2.21989	1.13445	0.151068
58.404	-1.81817	0.846184	0.148596	-1.81935	1.12802	0.146182	-2.22058	1.13367	0.150404
58.603	-1.81819	0.846163	0.148586	-1.81933	1.12814	0.146174	-2.21992	1.13442	0.150975
58.812	-1.81816	0.846142	0.148586	-1.81924	1.12802	0.145996	-2.2199	1.1344	0.151032
59.133	-1.81818	0.846116	0.148614	-1.81948	1.12792	0.146298	-2.22057	1.13368	0.150467
59.375	-1.81816	0.846118	0.148602	-1.81939	1.12812	0.146374	-2.22055	1.13359	0.150286
59.608	-1.81815	0.846102	0.148602	-1.81924	1.12817	0.146054	-2.21996	1.13438	0.150941
59.873	-1.81816	0.846082	0.148588	-1.81949	1.12802	0.146312	-2.21996	1.13447	0.151082
60.142	-1.81818	0.846057	0.14858	-1.81942	1.12813	0.146369	-2.22	1.13439	0.150966
60.399	-1.81817	0.846051	0.148564	-1.81933	1.12825	0.146225	-2.22004	1.13415	0.150814
60.627	-1.81818	0.846021	0.148563	-1.81941	1.12813	0.146394	-2.22022	1.13401	0.150698
60.849	-1.81816	0.846019	0.148532	-1.81943	1.12824	0.146459	-2.21987	1.13452	0.151067
61.027	-1.81817	0.846012	0.148503	-1.81946	1.12826	0.14652	-2.22039	1.13397	0.150676
61.233	-1.81816	0.845993	0.148465	-1.81948	1.12808	0.14648	-2.22038	1.13381	0.150546
61.473	-1.81814	0.846003	0.148451	-1.81945	1.12825	0.14653	-2.22045	1.13383	0.150528
61.655	-1.81813	0.845982	0.14841	-1.81953	1.12807	0.146519	-2.22048	1.13379	0.150614
61.872	-1.8182	0.84602	0.148546	-1.81945	1.12826	0.146509	-2.22003	1.13439	0.151058
62.135	-1.81815	0.845969	0.148392	-1.81953	1.12817	0.146502	-2.22001	1.1344	0.150957
62.38	-1.81815	0.845974	0.148403	-1.81957	1.12806	0.146544	-2.22004	1.13437	0.151004
62.582	-1.8182	0.846015	0.148533	-1.81948	1.12826	0.146591	-2.22001	1.13439	0.151011
62.852	-1.81821	0.846025	0.148532	-1.81941	1.12829	0.146434	-2.22	1.13436	0.15097
63.11	-1.81818	0.846053	0.148472	-1.81943	1.12828	0.146454	-2.22052	1.13376	0.150428
63.317	-1.81818	0.846031	0.148437	-1.81958	1.12802	0.146485	-2.22003	1.13435	0.151016
63.566	-1.81821	0.846034	0.148472	-1.81942	1.12825	0.14647	-2.22048	1.13384	0.150592
63.823	-1.81823	0.846032	0.148473	-1.81944	1.12829	0.146524	-2.22046	1.13375	0.150483
64.029	-1.81817	0.846036	0.148407	-1.81949	1.12807	0.146431	-2.22049	1.13383	0.150558
64.273	-1.81818	0.846033	0.148358	-1.81939	1.12822	0.146406	-2.21999	1.13444	0.150993
64.465	-1.81835	0.846021	0.148568	-1.8195	1.12823	0.146542	-2.22055	1.13381	0.150498
64.713	-1.81796	0.846065	0.149591	-1.81932	1.12837	0.147408	-2.22044	1.13367	0.150014
64.922	-1.8153	0.846253	0.149894	-1.81699	1.12863	0.147011	-2.21776	1.13401	0.149707
65.092	-1.81346	0.846111	0.148829	-1.81512	1.12819	0.146545	-2.21624	1.13338	0.149981
65.24	-1.81116	0.845612	0.148119	-1.81211	1.12794	0.145819	-2.21313	1.13387	0.151282
65.43	-1.80873	0.845748	0.148577	-1.80978	1.1277	0.145801	-2.2104	1.13391	0.15211
65.608	-1.80617	0.8456	0.148258	-1.80725	1.12755	0.146102	-2.20678	1.13448	0.152801
65.786	-1.80311	0.845548	0.148415	-1.80387	1.12724	0.14577	-2.20384	1.13437	0.151956
66.011	-1.80004	0.845204	0.149246	-1.8004	1.12709	0.146127	-2.20056	1.13407	0.151862
66.192	-1.79537	0.844791	0.148837	-1.796	1.12671	0.146413	-2.19607	1.13361	0.152492
66.371	-1.79179	0.844653	0.149139	-1.79159	1.12617	0.145882	-2.19152	1.13412	0.152774
66.556	-1.78765	0.844278	0.14914	-1.78709	1.12563	0.145456	-2.18682	1.13416	0.153117
66.735	-1.78322	0.843522	0.148742	-1.78287	1.1253	0.146642	-2.18279	1.1337	0.153368
66.955	-1.7785	0.842972	0.149023	-1.77827	1.12468	0.146916	-2.17875	1.13416	0.154426
67.138	-1.77223	0.84202	0.148747	-1.77147	1.12416	0.146739	-2.17176	1.13383	0.153416
67.316	-1.76697	0.841355	0.148857	-1.76567	1.12298	0.145566	-2.16633	1.13394	0.154003
67.49	-1.7614	0.840588	0.148577	-1.76001	1.12268	0.145577	-2.15981	1.13364	0.153705
67.676	-1.75594	0.839913	0.148927	-1.75484	1.12209	0.146454	-2.15369	1.13323	0.153772
67.84	-1.75035	0.839557	0.148952	-1.74834	1.12157	0.146581	-2.14712	1.13341	0.15402
68.009	-1.74437	0.838815	0.149209	-1.74192	1.12088	0.146648	-2.14052	1.13344	0.153895
68.24	-1.7381	0.837973	0.149239	-1.7351	1.11979	0.145778	-2.13424	1.13303	0.153763
68.42	-1.72996	0.837682	0.149885	-1.72629	1.1192	0.145657	-2.12551	1.13264	0.153485
68.596	-1.72263	0.83653	0.149355	-1.71906	1.11839	0.145685	-2.11868	1.13304	0.154458
68.781	-1.7156	0.836111	0.149593	-1.71216	1.11793	0.146183	-2.11139	1.13274	0.154935
68.961	-1.70824	0.834741	0.149271	-1.70472	1.11702	0.146502	-2.10368	1.13158	0.154067
69.177	-1.70094	0.834014	0.149666	-1.6969	1.11618	0.146748	-2.09527	1.1311	0.153583
69.362	-1.69081	0.833076	0.149868	-1.68598	1.11484	0.145639	-2.08506	1.13092	0.154106
69.484	-1.68308	0.832017	0.150168	-1.67751	1.11385	0.145579	-2.07739	1.12982	0.153324
69.599	-1.67509	0.831088	0.150417	-1.66942	1.11291	0.146348	-2.06864	1.12976	0.154194
69.724	-1.66651	0.829759	0.149919	-1.66033	1.11193	0.146125	-2.05957	1.12964	0.153919
69.835	-1.65818	0.829007	0.150442	-1.65209	1.11053	0.146796	-2.05035	1.12927	0.153912
69.965	-1.64958	0.828362	0.150591	-1.64285	1.10979	0.147912	-2.0415	1.12944	0.15463
70.181	-1.64086	0.826449	0.150101	-1.633	1.10826	0.146819	-2.03217	1.12921	0.154413
70.36	-1.62988	0.824878	0.150185	-1.62074	1.10686	0.146602	-2.01996	1.12916	0.154835
70.54	-1.62131	0.823794	0.150844	-1.61131	1.10536	0.14727	-2.01041	1.12909	0.15457
70.726	-1.61185	0.822273	0.150832	-1.60153	1.10432	0.147547	-2.00016	1.12875	0.154009
70.901	-1.60323	0.820813	0.151589	-1.59162	1.10283	0.1482	-1.99061	1.12858	0.154638
71.117	-1.59358	0.819739	0.151922	-1.581	1.10121	0.147569	-1.98029	1.12811	0.15456
71.248	-1.5813	0.817567	0.151614	-1.5681	1.09954	0.147747	-1.96711	1.12726	0.153946
71.358	-1.57157	0.816464	0.15226	-1.55779	1.0982	0.148163	-1.95681	1.12596	0.153813
71.469	-1.56142	0.815007	0.152444	-1.54755	1.09638	0.148861	-1.94608	1.12571	0.153691
71.586	-1.55122	0.813617	0.152873	-1.53657	1.09537	0.148881	-1.93545	1.12465	0.153324
71.697	-1.54047	0.812344	0.152545	-1.52591	1.09374	0.148865	-1.92464	1.12383	0.153099
71.913	-1.53012	0.811086	0.153087	-1.51537	1.09259	0.149571	-1.91386	1.12303	0.153812
72.097	-1.51631	0.809492	0.15248	-1.50077	1.09128	0.1489	-1.89939	1.12192	0.153919
72.276	-1.50473	0.808264	0.152196	-1.4892	1.09014	0.148567	-1.88813	1.12067	0.153826
72.452	-1.49377	0.807364	0.152381	-1.47756	1.08917	0.148544	-1.8769	1.12008	0.154097
72.607	-1.48212	0.806682	0.15301	-1.46709	1.08813	0.150122	-1.86507	1.11923	0.153506
72.783	-1.47059	0.805737	0.153463	-1.45501	1.0873	0.149964	-1.85397	1.11843	0.153474
72.999	-1.45894	0.805034	0.153566	-1.44337	1.0864	0.149792	-1.84239	1.1173	0.153612
73.185	-1.44412	0.803747	0.152976	-1.42823	1.08546	0.14967	-1.82758	1.11584	0.154028
73.361	-1.4318	0.803101	0.152291	-1.41617	1.08463	0.149452	-1.81548	1.11499	0.155532
73.482	-1.41942	0.802056	0.151486	-1.40398	1.08326	0.149266	-1.80334	1.11404	0.156166
73.601	-1.40674	0.801376	0.151784	-1.39179	1.08292	0.14962	-1.79098	1.11312	0.156293
73.721	-1.39488	0.800142	0.152081	-1.37955	1.08226	0.150151	-1.77915	1.11215	0.156762
73.914	-1.382	0.799814	0.152447	-1.36737	1.08153	0.150494	-1.76643	1.11174	0.156022
74.145	-1.36961	0.799298	0.152533	-1.35466	1.08102	0.150127	-1.75404	1.11097	0.156086
74.323	-1.35348	0.798807	0.152443	-1.33868	1.08038	0.14922	-1.73809	1.1101	0.156284
74.501	-1.34043	0.798137	0.1521	-1.32624	1.08004	0.149047	-1.72517	1.10928	0.156367
74.709	-1.32733	0.797704	0.152132	-1.31338	1.07941	0.149237	-1.71251	1.10834	0.156801
74.908	-1.31439	0.797081	0.152719	-1.3002	1.07879	0.149303	-1.69972	1.10741	0.156961
75.119	-1.30117	0.79668	0.153176	-1.28745	1.07849	0.150107	-1.68673	1.10681	0.156862
75.322	-1.2849	0.796222	0.15342	-1.27103	1.07772	0.150078	-1.67032	1.10583	0.156847
75.487	-1.27106	0.795566	0.152778	-1.25802	1.07742	0.149982	-1.65721	1.10508	0.156872
75.688	-1.25759	0.795297	0.152348	-1.24472	1.07687	0.149949	-1.64373	1.10506	0.158464
75.908	-1.24391	0.794773	0.152138	-1.23132	1.07649	0.15053	-1.62998	1.10413	0.15861
76.154	-1.23042	0.794217	0.152516	-1.21746	1.07619	0.150276	-1.6168	1.10381	0.158829
76.378	-1.21684	0.793605	0.152773	-1.20384	1.07549	0.150107	-1.60362	1.10321	0.158625
76.569	-1.19935	0.793707	0.153245	-1.1869	1.07534	0.149968	-1.58626	1.10252	0.157705
76.757	-1.18525	0.793536	0.153526	-1.17361	1.07535	0.150262	-1.57318	1.10163	0.158262
76.939	-1.17111	0.793553	0.153764	-1.15975	1.07516	0.150484	-1.55927	1.10046	0.158064
77.131	-1.15674	0.793152	0.153587	-1.14576	1.07507	0.150477	-1.54546	1.09981	0.158141
77.315	-1.14237	0.792891	0.153588	-1.13192	1.0747	0.1501	-1.53147	1.09875	0.158611
77.523	-1.128	0.792478	0.153201	-1.11838	1.07452	0.151175	-1.51765	1.09793	0.158825
77.713	-1.10967	0.791954	0.153371	-1.1004	1.07375	0.150291	-1.49997	1.09664	0.158787
77.895	-1.09556	0.791562	0.153948	-1.08658	1.07352	0.151447	-1.48538	1.09577	0.158234
78.075	-1.08075	0.791269	0.154542	-1.07192	1.07307	0.151164	-1.47124	1.09474	0.158241
78.267	-1.06599	0.790445	0.153867	-1.05754	1.0725	0.15131	-1.45714	1.09411	0.158429
78.48	-1.05128	0.790127	0.152876	-1.04314	1.072	0.151331	-1.44258	1.09309	0.15926
78.72	-1.03622	0.788999	0.152886	-1.02852	1.07112	0.151268	-1.42746	1.0921	0.159766
78.957	-1.02234	0.788019	0.153646	-1.01333	1.07004	0.151274	-1.41229	1.09099	0.159924
79.137	-1.00344	0.786948	0.153121	-0.995505	1.06874	0.151892	-1.39393	1.09009	0.159634
79.322	-0.988504	0.785798	0.153225	-0.980543	1.06761	0.151883	-1.37891	1.08957	0.159051
79.509	-0.973908	0.784512	0.153334	-0.965392	1.06662	0.151916	-1.36394	1.089	0.158544
79.694	-0.958994	0.783356	0.153292	-0.950169	1.06536	0.151436	-1.34817	1.088	0.158716
79.914	-0.944062	0.782058	0.153103	-0.935434	1.06409	0.151496	-1.33274	1.08727	0.159031
80.115	-0.925101	0.779859	0.152643	-0.916084	1.062	0.150998	-1.31293	1.08618	0.159079
80.296	-0.910499	0.778262	0.153022	-0.900386	1.06027	0.151539	-1.29761	1.08566	0.15884
80.476	-0.895643	0.776223	0.153223	-0.884785	1.05824	0.151706	-1.2822	1.08467	0.158225
80.664	-0.881298	0.773873	0.153734	-0.86907	1.05624	0.151693	-1.26587	1.084	0.158809
80.849	-0.867207	0.772136	0.154316	-0.852989	1.05372	0.151465	-1.24989	1.08304	0.159321
81.074	-0.852209	0.769544	0.153872	-0.836833	1.05105	0.151122	-1.23376	1.08259	0.159896
81.262	-0.833774	0.76608	0.15412	-0.816888	1.0479	0.151497	-1.21321	1.0811	0.159792
81.44	-0.81923	0.763389	0.154781	-0.800883	1.04479	0.151434	-1.19739	1.08044	0.159362
81.619	-0.8046	0.760673	0.155601	-0.78462	1.04204	0.151707	-1.18132	1.07939	0.159108
81.804	-0.789812	0.757768	0.155704	-0.768641	1.03923	0.151715	-1.1647	1.07829	0.158518
81.986	-0.774522	0.755061	0.155483	-0.75235	1.03617	0.15147	-1.14838	1.07673	0.159188
82.198	-0.759171	0.751916	0.154735	-0.736165	1.03304	0.151108	-1.13185	1.07515	0.159898
82.384	-0.740528	0.748009	0.154652	-0.715774	1.02913	0.151212	-1.11111	1.07296	0.159437
82.562	-0.72549	0.744938	0.155462	-0.69951	1.02577	0.151871	-1.09453	1.07116	0.158986
82.803	-0.710457	0.741204	0.155494	-0.683643	1.02221	0.152174	-1.07871	1.06907	0.159355
83.037	-0.695106	0.737745	0.154827	-0.667164	1.01836	0.152094	-1.06233	1.06678	0.159301
83.214	-0.679765	0.734002	0.154303	-0.650838	1.0147	0.152313	-1.04522	1.0645	0.159894
83.396	-0.664505	0.730109	0.154025	-0.633977	1.0109	0.152432	-1.02819	1.06251	0.160395
83.622	-0.649835	0.72633	0.153744	-0.617525	1.0068	0.15204	-1.01136	1.06055	0.160372
83.805	-0.630511	0.721854	0.154418	-0.596585	1.00226	0.151922	-0.990561	1.05826	0.159612
83.993	-0.615277	0.718012	0.154739	-0.580177	0.99817	0.152189	-0.974048	1.05615	0.159042
84.179	-0.600024	0.714483	0.15525	-0.563595	0.9944	0.152255	-0.957114	1.05447	0.159014
84.357	-0.584796	0.71036	0.154763	-0.546856	0.990262	0.151997	-0.94059	1.05231	0.159595
84.572	-0.569232	0.706327	0.154967	-0.530102	0.985943	0.152153	-0.923394	1.05017	0.159896
84.757	-0.550267	0.701266	0.155641	-0.509115	0.980556	0.152474	-0.902794	1.04757	0.160727
84.937	-0.53497	0.697034	0.155708	-0.492249	0.976081	0.152817	-0.885642	1.0449	0.160391
85.117	-0.519402	0.692596	0.155512	-0.475443	0.971455	0.152789	-0.868517	1.04249	0.160462
85.324	-0.503947	0.688472	0.155514	-0.458467	0.966926	0.152663	-0.851147	1.04033	0.160344
85.541	-0.488704	0.684218	0.15524	-0.441665	0.962468	0.152268	-0.833766	1.03777	0.16099
85.719	-0.469107	0.678444	0.155368	-0.420777	0.956307	0.152709	-0.812101	1.03443	0.160755
85.919	-0.453865	0.674111	0.156065	-0.40368	0.952051	0.153622	-0.795313	1.0312	0.16025
86.097	-0.438122	0.669756	0.156833	-0.387249	0.947477	0.153857	-0.778534	1.0282	0.159873
86.277	-0.422104	0.665707	0.157102	-0.370573	0.943252	0.15407	-0.761654	1.02479	0.160107
86.454	-0.406093	0.661384	0.156855	-0.354133	0.938779	0.154449	-0.744855	1.02118	0.160334
86.651	-0.389765	0.657175	0.156804	-0.337443	0.93458	0.155095	-0.727997	1.01766	0.161105
86.871	-0.373403	0.653066	0.156301	-0.320909	0.930361	0.155027	-0.711235	1.01432	0.161267
87.059	-0.352704	0.648301	0.156398	-0.299808	0.925383	0.154549	-0.690291	1.00932	0.161352
87.237	-0.336642	0.644339	0.157057	-0.283337	0.921236	0.155681	-0.673583	1.00571	0.161518
87.425	-0.320376	0.640252	0.156985	-0.266644	0.91746	0.156096	-0.656898	1.0019	0.16168
87.613	-0.303739	0.636744	0.156517	-0.249751	0.913656	0.155543	-0.639952	0.998654	0.161578
87.813	-0.286942	0.632931	0.155631	-0.232947	0.91006	0.154968	-0.622936	0.995174	0.161544
87.986	-0.270057	0.629413	0.156007	-0.216039	0.906487	0.15445	-0.606002	0.99164	0.161902
88.21	-0.253232	0.625878	0.15641	-0.199039	0.90303	0.154702	-0.58934	0.988238	0.162083
88.39	-0.232053	0.621563	0.156532	-0.177975	0.898732	0.154948	-0.568414	0.983829	0.161456
88.57	-0.215305	0.618186	0.156873	-0.161313	0.895341	0.15554	-0.551592	0.980501	0.161503
88.754	-0.198322	0.614869	0.157647	-0.144743	0.892042	0.15627	-0.534981	0.976692	0.161761
88.935	-0.180991	0.611671	0.157841	-0.127944	0.889006	0.156497	-0.518184	0.972767	0.162318
89.158	-0.163725	0.608356	0.157406	-0.11069	0.885698	0.156111	-0.501385	0.969302	0.163189
89.345	-0.142106	0.604287	0.156656	-0.0896883	0.881634	0.155815	-0.480546	0.964441	0.163503
89.524	-0.124935	0.60099	0.156241	-0.0727847	0.878498	0.155796	-0.463627	0.960827	0.164037
89.703	-0.108053	0.597912	0.15691	-0.0557867	0.875229	0.155752	-0.446624	0.957397	0.163594
89.879	-0.0907744	0.594674	0.157534	-0.039147	0.872471	0.156374	-0.429852	0.953995	0.163118
90.061	-0.0732038	0.591996	0.15839	-0.0224322	0.869615	0.156506	-0.41328	0.950846	0.162645
90.282	-0.0558254	0.589205	0.158792	-0.00565787	0.867092	0.156939	-0.396636	0.946922	0.162347
90.469	-0.0343526	0.585243	0.158382	0.0157635	0.86354	0.156737	-0.375236	0.942739	0.163588
90.649	-0.0165854	0.582422	0.158493	0.0328663	0.860699	0.157456	-0.358422	0.939302	0.163591
90.83	0.00065777	0.579645	0.158546	0.0499229	0.857698	0.157193	-0.341579	0.935726	0.163696
91.017	0.0186311	0.576743	0.158664	0.0669205	0.854986	0.15707	-0.324652	0.932154	0.163505
91.212	0.0361029	0.573532	0.158655	0.0839613	0.852193	0.157541	-0.307651	0.92876	0.163743
91.432	0.0529145	0.570621	0.158885	0.101021	0.848931	0.158229	-0.290821	0.925237	0.164234
91.61	0.0751944	0.566793	0.158172	0.122492	0.845284	0.157573	-0.269236	0.920942	0.164594
91.76	0.0926363	0.563991	0.157714	0.139806	0.842388	0.156919	-0.252177	0.917701	0.164582
91.942	0.110643	0.561236	0.158086	0.157137	0.839704	0.156932	-0.234911	0.914566	0.164568
92.133	0.127978	0.558324	0.158686	0.174221	0.836467	0.157034	-0.21748	0.911301	0.164363
92.309	0.145313	0.55544	0.159075	0.191643	0.83366	0.156934	-0.200417	0.90831	0.1639
92.486	0.162752	0.552256	0.159261	0.20911	0.830441	0.15707	-0.183313	0.905251	0.163928
92.711	0.179982	0.549447	0.16011	0.226403	0.827467	0.158308	-0.165995	0.901774	0.164434
92.856	0.201757	0.545156	0.160656	0.247816	0.823584	0.158767	-0.144271	0.897748	0.164935
92.961	0.214699	0.542489	0.160165	0.260934	0.82085	0.158536	-0.131279	0.895637	0.164974
93.147	0.236431	0.538001	0.160235	0.283107	0.816361	0.157711	-0.109044	0.891791	0.165233
93.364	0.2535	0.534271	0.159621	0.300868	0.812665	0.157741	-0.0913659	0.888603	0.165355
93.43	0.274383	0.52958	0.160564	0.32254	0.807526	0.158243	-0.0691355	0.884578	0.164748
93.542	0.278563	0.528539	0.160625	0.326941	0.806416	0.158229	-0.0645986	0.883862	0.164544
93.723	0.30824	0.52145	0.161853	0.357494	0.799411	0.159089	-0.0339656	0.878361	0.164135
93.901	0.32506	0.51696	0.161929	0.375122	0.794695	0.158998	-0.0160778	0.87482	0.164776
94.089	0.341898	0.512559	0.161935	0.392699	0.790163	0.159242	0.00194716	0.871101	0.164914
94.309	0.358587	0.507856	0.162216	0.41038	0.785246	0.159676	0.0197602	0.867375	0.165228
94.587	0.375296	0.502988	0.162011	0.428007	0.780138	0.15951	0.0377607	0.863655	0.165333
94.703	0.396401	0.496646	0.162162	0.450283	0.773719	0.159512	0.0602474	0.858703	0.165382
94.881	0.404616	0.494152	0.162433	0.459122	0.771028	0.160224	0.0691617	0.856992	0.165576
95.06	0.429111	0.486028	0.162619	0.485542	0.762528	0.16092	0.0966569	0.851225	0.165721
95.245	0.445593	0.480671	0.161828	0.503451	0.756961	0.160066	0.114749	0.847277	0.165765
95.428	0.462207	0.475175	0.161348	0.52127	0.751286	0.158926	0.132993	0.843636	0.166172
95.65	0.478397	0.469602	0.162064	0.538929	0.745146	0.159177	0.151563	0.839772	0.166301
95.798	0.498669	0.462582	0.16304	0.56096	0.73758	0.159891	0.174042	0.83458	0.165952
96.019	0.511022	0.458312	0.163201	0.574345	0.73308	0.16037	0.187548	0.831568	0.165828
96.235	0.531427	0.450838	0.163656	0.596248	0.72529	0.161078	0.209952	0.826098	0.165857
96.46	0.547648	0.445122	0.164239	0.613837	0.719014	0.161692	0.228026	0.821837	0.166738
96.656	0.563923	0.438945	0.164215	0.631512	0.712823	0.161712	0.246584	0.817366	0.166996
96.808	0.580341	0.432918	0.163791	0.649515	0.706443	0.160883	0.264839	0.813071	0.167297
96.964	0.596561	0.426807	0.163303	0.667288	0.699877	0.160468	0.283306	0.808595	0.167545
97.186	0.61279	0.420611	0.163131	0.684995	0.693144	0.160416	0.301309	0.804551	0.167626
97.366	0.632935	0.412684	0.163596	0.706888	0.68477	0.160487	0.324545	0.798002	0.166434
97.558	0.649141	0.406221	0.163889	0.724364	0.677958	0.160592	0.342002	0.79338	0.167148
97.775	0.665436	0.39993	0.164436	0.741762	0.671222	0.160942	0.360113	0.788037	0.167259
97.975	0.681586	0.393269	0.164704	0.758994	0.664321	0.161627	0.37781	0.782654	0.167666
98.255	0.697315	0.3865	0.164392	0.775909	0.657301	0.162366	0.395206	0.7776	0.168736
98.437	0.717215	0.378459	0.163733	0.797184	0.64888	0.162189	0.417003	0.770826	0.169022
98.625	0.733657	0.372091	0.163341	0.813846	0.642421	0.161895	0.434148	0.765117	0.169422
98.812	0.748783	0.366315	0.163546	0.829958	0.636685	0.162527	0.450416	0.759797	0.170276
98.99	0.763943	0.361212	0.164325	0.845323	0.631047	0.163103	0.466029	0.754835	0.170411
99.166	0.779245	0.355564	0.164108	0.861184	0.625741	0.163101	0.481399	0.749455	0.169144
99.281	0.798715	0.348967	0.163431	0.880289	0.618886	0.161942	0.501224	0.743081	0.168624
99.387	0.813924	0.343699	0.162997	0.895821	0.613339	0.161324	0.516988	0.738105	0.169616
99.494	0.829135	0.338656	0.163345	0.91072	0.607539	0.160745	0.532286	0.733124	0.170925
99.617	0.843325	0.33344	0.163662	0.925121	0.601615	0.162184	0.547179	0.728185	0.170663
99.725	0.854582	0.329786	0.164216	0.939676	0.597712	0.162549	0.561788	0.723538	0.170097
99.832	0.871605	0.322532	0.164163	0.954685	0.592725	0.163174	0.576377	0.719011	0.169081
99.982	0.885953	0.31794	0.164714	0.968694	0.588612	0.163568	0.590584	0.714493	0.168802
100.097	0.904214	0.31319	0.165637	0.986394	0.5824	0.162764	0.608427	0.708764	0.169458
100.202	0.918648	0.308152	0.165126	1.00082	0.577964	0.162266	0.622634	0.704242	0.170164
100.312	0.932031	0.303757	0.164112	1.01497	0.57345	0.162166	0.636734	0.699833	0.17057
100.415	0.945925	0.299504	0.164607	1.02873	0.569704	0.162882	0.650571	0.695383	0.170647
100.519	0.959486	0.295249	0.164609	1.04237	0.56555	0.16319	0.663877	0.691427	0.170349
100.649	0.972885	0.29124	0.164706	1.05504	0.561151	0.162449	0.677073	0.687065	0.169817
100.737	0.986425	0.287172	0.165058	1.06803	0.557194	0.16244	0.689974	0.682892	0.170184
100.829	0.996508	0.284227	0.165204	1.07826	0.554363	0.163079	0.699582	0.679039	0.170407
100.941	1.01569	0.278203	0.165534	1.09739	0.54806	0.163435	0.718441	0.672683	0.170961
101.045	1.02855	0.274318	0.165899	1.10977	0.544931	0.164124	0.730626	0.668466	0.170551
101.151	1.04071	0.27034	0.165738	1.12146	0.540863	0.164254	0.742359	0.664498	0.170268
101.281	1.05402	0.266969	0.16639	1.13392	0.537344	0.164228	0.754748	0.66029	0.170555
101.385	1.06926	0.26242	0.165791	1.14944	0.533569	0.164201	0.76955	0.655402	0.171115
101.55	1.0811	0.258914	0.165153	1.1611	0.530157	0.164584	0.781482	0.651176	0.171596
101.731	1.09286	0.255351	0.165742	1.17212	0.525968	0.164424	0.792878	0.64732	0.172149
101.838	1.10462	0.251976	0.166164	1.18402	0.523248	0.165142	0.804111	0.643667	0.172144
101.945	1.11613	0.248604	0.166092	1.1957	0.519964	0.165297	0.815108	0.639935	0.171562
102.086	1.12778	0.245162	0.16656	1.20627	0.516081	0.165125	0.826241	0.63634	0.171492
102.191	1.14173	0.241306	0.166086	1.22013	0.51313	0.164921	0.839602	0.631905	0.171657
102.293	1.15303	0.238883	0.166081	1.23095	0.510025	0.164178	0.850687	0.628599	0.172548
102.404	1.16288	0.234879	0.164843	1.2415	0.506841	0.164203	0.861291	0.625185	0.172922
102.508	1.1739	0.231857	0.16568	1.25161	0.503926	0.164152	0.871586	0.621848	0.172798
102.629	1.18438	0.229226	0.165981	1.26261	0.501861	0.165912	0.881696	0.618831	0.172384
102.721	1.19721	0.225752	0.166948	1.27481	0.497569	0.165451	0.893397	0.614355	0.171338
102.844	1.2047	0.223623	0.167162	1.28133	0.495199	0.165371	0.900713	0.612032	0.171447
102.947	1.21708	0.2202	0.166835	1.2933	0.492348	0.165036	0.912751	0.608413	0.17187
103.057	1.22678	0.217536	0.166896	1.3023	0.48916	0.165206	0.922605	0.605947	0.172857
103.16	1.23631	0.214983	0.166973	1.3117	0.486463	0.165763	0.93139	0.602445	0.172318
103.264	1.24547	0.212293	0.167414	1.32122	0.48479	0.166265	0.940421	0.599299	0.171748
103.407	1.2542	0.209564	0.167319	1.32975	0.48207	0.165968	0.949511	0.596765	0.171582
103.51	1.26617	0.207175	0.168402	1.34176	0.479369	0.166257	0.959803	0.593303	0.171765
103.614	1.27489	0.20497	0.168124	1.35153	0.477955	0.166985	0.968756	0.590842	0.171959
103.725	1.2835	0.202802	0.167972	1.35892	0.474669	0.165913	0.977326	0.588701	0.172367
103.828	1.29171	0.200594	0.167428	1.3676	0.473107	0.166026	0.98539	0.586452	0.172256
103.952	1.30146	0.198689	0.167853	1.37555	0.470489	0.165539	0.993686	0.584245	0.172353
104.064	1.31139	0.196148	0.16786	1.38556	0.468064	0.165746	1.00383	0.580805	0.17197
104.168	1.31917	0.19414	0.167687	1.39295	0.466039	0.165563	1.01137	0.579137	0.172109
104.272	1.32701	0.192099	0.167558	1.40075	0.464403	0.165791	1.01902	0.576355	0.17191
104.383	1.33472	0.19016	0.167759	1.40901	0.462822	0.166353	1.02608	0.574401	0.172331
104.504	1.34172	0.187973	0.167264	1.41601	0.460744	0.165986	1.03378	0.572425	0.172277
104.61	1.35133	0.185962	0.168303	1.42463	0.458678	0.166442	1.04216	0.569774	0.172142
104.722	1.35848	0.18419	0.16818	1.43177	0.456964	0.166103	1.04948	0.567511	0.171913
104.825	1.36546	0.182582	0.16822	1.43842	0.455423	0.166207	1.05556	0.565822	0.171937
104.93	1.37253	0.181014	0.168265	1.44525	0.454331	0.166825	1.06204	0.563807	0.172079
105.036	1.37895	0.17932	0.168515	1.45163	0.45252	0.16667	1.06835	0.562014	0.17204
105.166	1.38589	0.177841	0.169295	1.45757	0.450879	0.16643	1.07462	0.560556	0.172573
105.371	1.39178	0.176196	0.169097	1.4636	0.44933	0.167193	1.08043	0.558578	0.171942
105.492	1.39921	0.174256	0.169318	1.47086	0.447602	0.167273	1.08769	0.556178	0.172011
105.598	1.40499	0.172727	0.16934	1.47625	0.445646	0.167323	1.09324	0.554699	0.172096
105.708	1.41064	0.171387	0.169322	1.48173	0.44479	0.1675	1.09878	0.552468	0.172061
105.782	1.41607	0.170184	0.16897	1.48723	0.442997	0.16723	1.10365	0.55104	0.172303
105.852	1.41941	0.169934	0.169521	1.49022	0.442578	0.166699	1.1062	0.550221	0.172467
105.955	1.42652	0.167521	0.169393	1.49794	0.441139	0.16788	1.11415	0.548455	0.172659
106.088	1.43176	0.16631	0.169426	1.50261	0.440015	0.167595	1.11875	0.547231	0.172677
106.22	1.4377	0.164758	0.169034	1.50898	0.437901	0.167071	1.12443	0.544806	0.172766
106.374	1.44241	0.163703	0.169257	1.51343	0.436833	0.167092	1.12872	0.543548	0.172801
106.636	1.44568	0.162825	0.169228	1.51641	0.436043	0.167212	1.13236	0.542599	0.172802
106.815	1.45126	0.162056	0.169443	1.52149	0.434693	0.167355	1.1374	0.541641	0.173219
107.032	1.45508	0.160335	0.169235	1.52558	0.433882	0.167703	1.14123	0.540106	0.173211
107.223	1.45987	0.159224	0.169353	1.52945	0.432703	0.167262	1.14571	0.538608	0.173185
107.403	1.46396	0.158738	0.169768	1.53374	0.431412	0.167362	1.14949	0.537567	0.173253
107.583	1.46736	0.157766	0.169519	1.53705	0.430441	0.16717	1.1527	0.536616	0.173397
107.769	1.47071	0.156882	0.169459	1.54132	0.43146	0.168453	1.15604	0.535506	0.173382
107.95	1.47384	0.156045	0.169398	1.54463	0.430616	0.168403	1.15899	0.534676	0.173317
108.169	1.47687	0.155262	0.169403	1.54784	0.429415	0.16808	1.16187	0.533942	0.17362
108.357	1.48013	0.154523	0.169347	1.55115	0.428801	0.168388	1.16531	0.532886	0.173711
108.509	1.4828	0.153831	0.169067	1.55352	0.428208	0.168003	1.16808	0.532686	0.174122
108.726	1.48449	0.153396	0.169147	1.55525	0.427795	0.167967	1.16958	0.532362	0.174087
108.908	1.48753	0.152783	0.169351	1.55784	0.42733	0.167964	1.17237	0.531628	0.17363
109.091	1.48979	0.152249	0.169153	1.55992	0.426939	0.168157	1.1747	0.530761	0.17356
109.326	1.49184	0.151804	0.168871	1.56197	0.426177	0.167772	1.17649	0.529862	0.173851
109.485	1.49328	0.151386	0.169015	1.56496	0.42441	0.167012	1.178	0.528995	0.17432
109.64	1.49459	0.151098	0.169374	1.56631	0.422803	0.166198	1.179	0.528489	0.173723
109.808	1.4962	0.150823	0.169206	1.56781	0.422877	0.166085	1.1798	0.52855	0.173166
109.962	1.49743	0.150561	0.169018	1.56902	0.422602	0.165872	1.18178	0.528665	0.173671
110.123	1.49864	0.150256	0.168943	1.57034	0.423052	0.166409	1.18302	0.527864	0.174169
110.303	1.49948	0.150036	0.168593	1.57068	0.422244	0.165647	1.1838	0.52747	0.174312
110.531	1.50045	0.150416	0.16869	1.57118	0.422081	0.165561	1.1845	0.52752	0.174508
110.719	1.5005	0.150307	0.168929	1.5713	0.421953	0.165812	1.18469	0.527611	0.174116
110.901	1.50017	0.150444	0.169053	1.5711	0.422024	0.16584	1.18429	0.527607	0.17385
111.089	1.49988	0.15067	0.169157	1.57078	0.42219	0.165686	1.18384	0.52775	0.173879
111.273	1.49949	0.150847	0.169337	1.57035	0.42238	0.165793	1.18347	0.52794	0.173883
111.455	1.49963	0.149774	0.168547	1.57034	0.423092	0.166292	1.1829	0.527721	0.173528
111.643	1.4992	0.149852	0.16847	1.56969	0.422477	0.165755	1.18231	0.528017	0.173454
111.87	1.49871	0.149986	0.168648	1.56933	0.422478	0.165823	1.18219	0.528089	0.17378
112.045	1.49815	0.150149	0.168755	1.56879	0.422886	0.166042	1.18168	0.528111	0.173781
112.232	1.49774	0.150261	0.168671	1.56837	0.422945	0.16607	1.18094	0.528336	0.173255
112.41	1.4974	0.150415	0.168886	1.56778	0.423274	0.166073	1.18055	0.528415	0.173207
112.626	1.49711	0.150537	0.168988	1.56763	0.423529	0.166248	1.17991	0.528561	0.173327
112.82	1.49672	0.15062	0.168852	1.56756	0.424216	0.166737	1.17951	0.528638	0.173377
113.002	1.49639	0.150652	0.168746	1.56677	0.423231	0.165882	1.17991	0.528304	0.173308
113.183	1.49615	0.15074	0.168877	1.56707	0.424278	0.166771	1.17925	0.528795	0.173364
113.365	1.49595	0.150788	0.16887	1.56688	0.424329	0.166763	1.179	0.528914	0.173257
113.543	1.49572	0.150862	0.168849	1.56652	0.423151	0.166064	1.17913	0.528524	0.173132
113.762	1.49559	0.15094	0.168884	1.56645	0.424413	0.166832	1.17886	0.529593	0.173608
113.95	1.49551	0.150999	0.168926	1.56611	0.423228	0.166012	1.17923	0.529067	0.173666
114.128	1.49537	0.151041	0.168914	1.56612	0.424407	0.166744	1.17857	0.529659	0.173635
114.282	1.49524	0.151049	0.168912	1.566	0.424443	0.166815	1.17859	0.52869	0.173276
114.444	1.49521	0.15105	0.168907	1.56597	0.424428	0.166829	1.17839	0.529712	0.173616
114.576	1.49517	0.151041	0.168904	1.56594	0.424429	0.166813	1.17841	0.529759	0.173659
114.757	1.49513	0.151107	0.168914	1.56593	0.424423	0.166764	1.17805	0.529234	0.173331
114.974	1.49512	0.151089	0.168901	1.56595	0.424446	0.166768	1.17804	0.52925	0.173332
115.161	1.49517	0.151098	0.168935	1.566	0.424435	0.166776	1.17812	0.529274	0.173398
115.34	1.4952	0.151069	0.168909	1.56605	0.424433	0.166747	1.17839	0.529752	0.173613
115.533	1.49522	0.151054	0.168854	1.56607	0.424363	0.166798	1.17812	0.529219	0.173289
115.818	1.49525	0.151046	0.168868	1.5661	0.424318	0.166771	1.17844	0.529696	0.173548
116.052	1.49534	0.151067	0.16888	1.56601	0.423224	0.166146	1.17898	0.529082	0.17356
116.212	1.49539	0.151036	0.168855	1.56613	0.424427	0.166878	1.17831	0.529163	0.173304
116.38	1.49546	0.151024	0.168813	1.56612	0.424459	0.16685	1.17834	0.529161	0.173292
116.542	1.49555	0.151014	0.168819	1.56611	0.424458	0.166876	1.17874	0.528626	0.173149
116.73	1.49559	0.151002	0.168813	1.56608	0.424509	0.166931	1.17845	0.5291	0.17328
116.893	1.49566	0.150994	0.168791	1.56605	0.424526	0.166944	1.17888	0.528645	0.173177
117.091	1.49566	0.150969	0.168801	1.56563	0.422707	0.165824	1.17879	0.529587	0.173548
117.257	1.49572	0.150978	0.168784	1.5655	0.422773	0.165776	1.17925	0.529002	0.173506
117.423	1.49574	0.150978	0.168783	1.56558	0.42289	0.165956	1.17934	0.529016	0.17356
117.588	1.49572	0.150946	0.168714	1.56547	0.42276	0.165718	1.17883	0.529534	0.173498
117.745	1.49572	0.15094	0.168733	1.56578	0.423236	0.166144	1.17908	0.528591	0.17303
117.905	1.49571	0.150963	0.168741	1.56593	0.424646	0.166933	1.17892	0.528589	0.173157
118.099	1.49569	0.150976	0.168773	1.5659	0.423274	0.166281	1.17889	0.528598	0.173164
118.264	1.49563	0.15096	0.168744	1.56591	0.42325	0.166145	1.17885	0.528614	0.173177
118.433	1.49558	0.150996	0.168813	1.5656	0.422711	0.165614	1.17875	0.52961	0.173515
118.675	1.49555	0.150975	0.168764	1.56615	0.424498	0.166902	1.17915	0.529018	0.173463
118.888	1.49553	0.151005	0.168807	1.56576	0.422678	0.16565	1.17842	0.529153	0.173292
119.061	1.49551	0.151035	0.168838	1.56608	0.423195	0.166117	1.17863	0.529642	0.173512
119.219	1.49546	0.151036	0.168853	1.56575	0.422511	0.165601	1.17874	0.528635	0.17318
119.416	1.49543	0.15102	0.168825	1.56616	0.423182	0.166052	1.17872	0.528668	0.173172
119.586	1.4954	0.151014	0.168875	1.56624	0.424322	0.166783	1.17858	0.529653	0.173538
119.751	1.4954	0.151011	0.168865	1.56571	0.422476	0.165487	1.17858	0.529674	0.173531
119.918	1.49537	0.151036	0.168879	1.5662	0.424401	0.166771	1.17855	0.529675	0.173534
120.083	1.49538	0.151003	0.168835	1.56618	0.424457	0.1668	1.17827	0.529165	0.173295
120.272	1.49538	0.151024	0.16887	1.5657	0.422556	0.165557	1.1783	0.529154	0.173329
120.437	1.49538	0.151027	0.16886	1.56598	0.423278	0.165971	1.17871	0.528689	0.173262
120.61	1.49537	0.151008	0.168853	1.56616	0.42446	0.166798	1.1783	0.529175	0.173294
120.785	1.4954	0.151028	0.168881	1.56616	0.424454	0.166787	1.17832	0.529182	0.173305
120.954	1.49544	0.150994	0.168872	1.56599	0.423269	0.166101	1.17838	0.529153	0.173316
121.116	1.49544	0.151004	0.168847	1.56611	0.424523	0.166789	1.17861	0.529664	0.173572
121.313	1.49546	0.150996	0.168829	1.5661	0.424538	0.166812	1.17834	0.529085	0.173261
121.475	1.49547	0.150998	0.168826	1.56602	0.424504	0.166792	1.17865	0.529612	0.173581
121.64	1.49551	0.151007	0.168869	1.56589	0.423359	0.166137	1.17885	0.528637	0.173317
121.797	1.4955	0.150984	0.168823	1.56601	0.424571	0.166821	1.17885	0.528649	0.173274
121.959	1.49549	0.151038	0.168842	1.56597	0.424621	0.166872	1.17867	0.529626	0.17356
122.12	1.49552	0.151019	0.168845	1.56592	0.424615	0.166864	1.17912	0.529035	0.173498
122.319	1.49551	0.151008	0.168811	1.56576	0.42335	0.166057	1.17914	0.529012	0.173513
122.482	1.49546	0.151009	0.168805	1.5659	0.424573	0.16685	1.17837	0.529103	0.173252
122.655	1.49548	0.151028	0.168829	1.56588	0.424577	0.166849	1.17869	0.529637	0.173577
122.815	1.49546	0.151025	0.168845	1.56573	0.423365	0.166107	1.17873	0.52863	0.173172
122.988	1.49544	0.151005	0.168813	1.56585	0.424588	0.166847	1.17884	0.528648	0.173268
123.152	1.49542	0.151042	0.168802	1.56585	0.424616	0.166818	1.17835	0.529115	0.173228
123.313	1.49545	0.15103	0.168822	1.56585	0.424672	0.166868	1.17841	0.529172	0.17329
123.522	1.49547	0.151045	0.168846	1.56588	0.424652	0.166844	1.17843	0.529156	0.173324
123.69	1.49543	0.151031	0.1688	1.56587	0.424615	0.166828	1.17836	0.529142	0.173237
123.853	1.49543	0.151027	0.168812	1.56586	0.424632	0.16684	1.17836	0.529137	0.173259
124.03	1.49544	0.151031	0.168834	1.56594	0.424569	0.166795	1.17868	0.529629	0.173572
124.196	1.49542	0.151042	0.168837	1.56593	0.424572	0.166806	1.1784	0.529136	0.173237
124.392	1.49541	0.151045	0.168818	1.56599	0.424563	0.166796	1.17833	0.529157	0.173246
124.559	1.49544	0.151059	0.168848	1.56602	0.424573	0.166779	1.17839	0.529161	0.173263
124.734	1.49544	0.151032	0.16882	1.56605	0.42454	0.16679	1.17843	0.529138	0.173279
124.902	1.49546	0.151051	0.168837	1.56608	0.424531	0.166764	1.1784	0.529143	0.173249
125.154	1.49544	0.151031	0.168825	1.56611	0.424538	0.166764	1.1784	0.529133	0.173232
125.39	1.49544	0.151013	0.168859	1.56617	0.424496	0.166704	1.17839	0.529132	0.173274
125.604	1.49545	0.15103	0.168844	1.56619	0.424471	0.166734	1.1788	0.528634	0.173181
125.788	1.49543	0.151017	0.168814	1.56622	0.424486	0.166747	1.17837	0.529137	0.173175
125.988	1.49543	0.151012	0.168835	1.56622	0.42442	0.166699	1.17875	0.528641	0.173142
126.158	1.49544	0.15104	0.168854	1.56611	0.42328	0.166088	1.17883	0.528664	0.173223
126.342	1.49543	0.151019	0.16883	1.56579	0.423422	0.165986	1.17878	0.528677	0.173151
126.586	1.4954	0.151025	0.168824	1.56627	0.424404	0.166713	1.17834	0.52914	0.173201
126.85	1.49544	0.151031	0.168865	1.56625	0.424448	0.166717	1.17842	0.529141	0.17326
127.05	1.49544	0.151027	0.168883	1.56628	0.424411	0.166687	1.17883	0.528661	0.173201
127.249	1.4954	0.151029	0.16883	1.56627	0.424402	0.166695	1.17833	0.529135	0.173162
127.426	1.49537	0.151016	0.168835	1.56583	0.423526	0.16606	1.17834	0.529139	0.173244
127.619	1.49542	0.151046	0.168884	1.56587	0.423476	0.166064	1.17862	0.52964	0.173474
127.803	1.4954	0.151003	0.16886	1.56585	0.423492	0.166056	1.17831	0.529165	0.173235
127.985	1.49537	0.151027	0.168838	1.56586	0.423414	0.166046	1.1783	0.529137	0.173176
128.201	1.49541	0.151018	0.168872	1.56626	0.424407	0.166708	1.17835	0.529155	0.173259
128.39	1.49542	0.151023	0.168847	1.56613	0.423277	0.166038	1.17906	0.529057	0.173499
128.572	1.4954	0.151029	0.168852	1.56622	0.424418	0.166684	1.17832	0.529143	0.173225
128.759	1.4954	0.151022	0.168839	1.56586	0.423455	0.166093	1.17857	0.529649	0.173485
128.942	1.49543	0.151058	0.168881	1.56567	0.423501	0.166042	1.17874	0.528675	0.17323
129.162	1.4954	0.151024	0.168862	1.56588	0.423611	0.166155	1.17869	0.528659	0.173154
129.343	1.4954	0.151028	0.168859	1.56587	0.423547	0.166145	1.17828	0.529159	0.173245
129.534	1.49543	0.151014	0.168856	1.56577	0.42277	0.165563	1.17873	0.528662	0.173212
129.724	1.49541	0.151017	0.168859	1.56577	0.422728	0.165609	1.17831	0.529185	0.173275
129.913	1.4954	0.151028	0.168839	1.56588	0.423541	0.166144	1.17831	0.529189	0.17324
130.098	1.4954	0.151042	0.168858	1.56589	0.423531	0.16611	1.1783	0.529176	0.173287
130.279	1.49543	0.151069	0.16886	1.56584	0.422689	0.165624	1.17856	0.52968	0.173528
130.498	1.49542	0.151051	0.168852	1.56567	0.423455	0.166043	1.17855	0.52967	0.17348
130.69	1.49538	0.151064	0.168829	1.56588	0.423596	0.166123	1.17826	0.529208	0.173216
130.887	1.49539	0.151039	0.168852	1.56588	0.423537	0.166062	1.17831	0.529199	0.17326
131.224	1.49541	0.151066	0.168849	1.5658	0.422769	0.165572	1.17832	0.529188	0.173277
131.495	1.49539	0.151058	0.168833	1.56589	0.423529	0.166113	1.17831	0.529185	0.173259
131.814	1.49537	0.15106	0.168842	1.56583	0.423646	0.166142	1.17825	0.529186	0.173212
132.013	1.49536	0.151038	0.168853	1.56583	0.423584	0.16614	1.1783	0.529195	0.173264
132.195	1.49537	0.151036	0.168859	1.56557	0.423455	0.166112	1.17854	0.529691	0.173533
132.439	1.49536	0.151027	0.168812	1.56575	0.423472	0.166148	1.17824	0.529195	0.173227
132.682	1.49534	0.151065	0.168841	1.56576	0.423576	0.166206	1.17826	0.529154	0.173257
132.855	1.49538	0.151041	0.168817	1.56615	0.424381	0.166746	1.17903	0.529061	0.173525
133.021	1.49537	0.151052	0.168812	1.56568	0.423487	0.166071	1.17826	0.529171	0.173264
133.147	1.49535	0.151017	0.168785	1.56609	0.424449	0.166758	1.17875	0.529224	0.173373
133.348	1.49538	0.151046	0.168811	1.56606	0.4245	0.16678	1.17828	0.529182	0.173244
133.518	1.49538	0.15105	0.168805	1.56606	0.424487	0.166785	1.17829	0.529189	0.17326
133.702	1.49536	0.151045	0.168781	1.56609	0.424478	0.166798	1.17822	0.529156	0.173195
133.84	1.49538	0.151027	0.168769	1.56611	0.424493	0.166794	1.17824	0.529168	0.173251
133.994	1.49538	0.151048	0.168811	1.56611	0.42447	0.166772	1.17831	0.529201	0.173301
134.145	1.49537	0.151053	0.168775	1.56611	0.42448	0.16676	1.17898	0.52908	0.173475
134.309	1.49536	0.151025	0.168766	1.56614	0.424415	0.166763	1.17824	0.529194	0.173215
134.466	1.49539	0.151071	0.16882	1.56616	0.424427	0.166755	1.17828	0.52919	0.173273
134.65	1.4954	0.151047	0.168811	1.56622	0.42439	0.166704	1.17869	0.528676	0.173212
134.836	1.49538	0.151065	0.168809	1.56622	0.424438	0.166718	1.1787	0.528708	0.17318
135.008	1.49539	0.151062	0.168792	1.56622	0.424415	0.166685	1.17825	0.529196	0.173252
135.144	1.49538	0.151057	0.168827	1.56624	0.42444	0.166693	1.17867	0.528688	0.173168
135.325	1.49539	0.151053	0.16882	1.56619	0.424412	0.166659	1.17873	0.528724	0.173231
135.48	1.49537	0.151068	0.168819	1.56619	0.424458	0.166697	1.17825	0.529166	0.173275
135.633	1.49537	0.151021	0.168806	1.56617	0.424487	0.166699	1.17828	0.529167	0.173288
135.8	1.4954	0.151054	0.168812	1.56616	0.424453	0.166699	1.1787	0.528684	0.173228
135.99	1.4954	0.151042	0.168829	1.56613	0.424498	0.166691	1.17831	0.529171	0.173291
136.172	1.49536	0.151046	0.168831	1.56612	0.424472	0.166703	1.17856	0.529666	0.173538
136.346	1.49538	0.151034	0.16884	1.5661	0.424486	0.166721	1.17866	0.528668	0.173185
136.548	1.49541	0.151055	0.168842	1.56608	0.424487	0.16672	1.17831	0.529172	0.173323
136.751	1.49537	0.151013	0.168801	1.56603	0.424499	0.166714	1.17828	0.529164	0.173291
136.942	1.49538	0.151038	0.16883	1.56601	0.424528	0.166751	1.17856	0.529687	0.173563
137.091	1.4954	0.151065	0.168827	1.56595	0.424552	0.166779	1.17875	0.528691	0.173234
137.296	1.49543	0.151039	0.16881	1.56594	0.42459	0.166795	1.17868	0.528658	0.173178
137.482	1.49538	0.151045	0.168809	1.56589	0.424608	0.166796	1.17829	0.529192	0.173298
137.662	1.49542	0.151059	0.168847	1.56585	0.4246	0.166817	1.1783	0.529176	0.173286
137.863	1.49538	0.151055	0.168823	1.56579	0.424627	0.166866	1.1787	0.528673	0.173216
138.017	1.49537	0.151039	0.168825	1.56577	0.424646	0.166879	1.17828	0.529172	0.173253
138.208	1.49539	0.151062	0.168813	1.56573	0.424622	0.166869	1.17854	0.529652	0.173516
138.322	1.49541	0.151053	0.168837	1.56575	0.424654	0.166847	1.17859	0.52967	0.173582
138.398	1.49538	0.151067	0.168834	1.56572	0.424632	0.166871	1.17896	0.52904	0.173485
138.602	1.49538	0.151071	0.168818	1.56568	0.424669	0.166927	1.17861	0.528654	0.173152
138.818	1.49538	0.151055	0.168823	1.5657	0.424646	0.166887	1.17831	0.529165	0.173317
139.015	1.49538	0.151045	0.16884	1.56574	0.424659	0.166868	1.17856	0.529662	0.173586
139.238	1.49535	0.151059	0.168777	1.56571	0.424656	0.16685	1.17824	0.529169	0.173215
139.418	1.49536	0.151044	0.168819	1.56574	0.424683	0.166851	1.17825	0.529146	0.173256
139.608	1.4954	0.151049	0.168844	1.56575	0.424658	0.166802	1.17828	0.529145	0.173311
139.791	1.49537	0.151084	0.168829	1.56577	0.424638	0.166807	1.17852	0.529681	0.173522
139.977	1.49537	0.151043	0.168783	1.56578	0.42461	0.166791	1.17822	0.529131	0.173183
140.16	1.49537	0.151049	0.16883	1.56534	0.423506	0.166063	1.17854	0.529685	0.173519
140.377	1.4954	0.15107	0.168844	1.56585	0.42461	0.166808	1.17897	0.529047	0.173442
140.554	1.49537	0.151049	0.168781	1.56588	0.424577	0.166783	1.17824	0.529138	0.17322
140.721	1.49535	0.151041	0.168793	1.56592	0.424601	0.166759	1.17859	0.528649	0.173115
140.751	1.49535	0.151041	0.168793	1.56592	0.424601	0.166759	1.17859	0.528649	0.173115
140.829	1.49535	0.151041	0.168793	1.56592	0.424601	0.166759	1.17859	0.528649	0.173115
140.869	1.49535	0.151041	0.168793	1.56592	0.424601	0.166759	1.17859	0.528649	0.173115
140.891	1.49535	0.151041	0.168793	1.56592	0.424601	0.166759	1.17859	0.528649	0.173115
140.912	1.49535	0.151041	0.168793	1.56592	0.424601	0.166759	1.17859	0.528649	0.173115
140.955	1.49535	0.151041	0.168793	1.56592	0.424601	0.166759	1.17859	0.528649	0.173115
140.976	1.49535	0.151041	0.168793	1.56592	0.424601	0.166759	1.17859	0.528649	0.173115
141.05	1.49535	0.151041	0.168793	1.56592	0.424601	0.166759	1.17859	0.528649	0.173115
