Time      x1      y1      z1	x2	y2	z2	x3	y3	z3	x4	y4	z4
13.193	6.93244e-310	6.93244e-310	2.122e-314	3.135e-317	1.5316e-322	6.93244e-310	0	0	0
13.253	6.93244e-310	6.93244e-310	2.122e-314	3.135e-317	1.5316e-322	6.93244e-310	0	0	0
13.312	6.93244e-310	6.93244e-310	2.122e-314	3.135e-317	1.5316e-322	6.93244e-310	0	0	0
13.414	6.93244e-310	6.93244e-310	2.122e-314	3.135e-317	1.5316e-322	6.93244e-310	0	0	0
13.477	6.93244e-310	6.93244e-310	2.122e-314	3.135e-317	1.5316e-322	6.93244e-310	0	0	0
13.539	6.93244e-310	6.93244e-310	2.122e-314	3.135e-317	1.5316e-322	6.93244e-310	0	0	0
13.642	6.93244e-310	6.93244e-310	2.122e-314	3.135e-317	1.5316e-322	6.93244e-310	0	0	0
13.709	6.93244e-310	6.93244e-310	2.122e-314	3.135e-317	1.5316e-322	6.93244e-310	0	0	0
13.771	6.93244e-310	6.93244e-310	2.122e-314	3.135e-317	1.5316e-322	6.93244e-310	0	0	0
13.992	6.93244e-310	6.93244e-310	2.122e-314	3.135e-317	1.5316e-322	6.93244e-310	0	0	0
14.047	6.93244e-310	6.93244e-310	2.122e-314	3.135e-317	1.5316e-322	6.93244e-310	0	0	0
14.071	6.93244e-310	6.93244e-310	2.122e-314	3.135e-317	1.5316e-322	6.93244e-310	0	0	0
14.139	6.93244e-310	6.93244e-310	2.122e-314	3.135e-317	1.5316e-322	6.93244e-310	0	0	0
14.202	6.93244e-310	6.93244e-310	2.122e-314	3.135e-317	1.5316e-322	6.93244e-310	0	0	0
14.264	6.93244e-310	6.93244e-310	2.122e-314	3.135e-317	1.5316e-322	6.93244e-310	0	0	0
15.265	6.93244e-310	6.93244e-310	2.122e-314	3.135e-317	1.5316e-322	6.93244e-310	0	0	0
15.507	-1.71528	0.643905	0.14718	-1.71508	0.925545	0.144443	-2.11495	0.935501	0.152999
15.768	-1.71525	0.643903	0.147134	-1.7148	0.925796	0.144436	-2.11472	0.935369	0.152686
15.991	-1.71522	0.643902	0.147101	-1.71509	0.925553	0.14448	-2.11484	0.935523	0.152832
16.244	-1.71525	0.643906	0.147132	-1.71504	0.925552	0.144399	-2.11494	0.935538	0.152964
16.486	-1.71527	0.643924	0.147169	-1.7148	0.925842	0.144469	-2.11493	0.935494	0.152934
16.718	-1.71522	0.64391	0.147108	-1.71508	0.92555	0.144486	-2.11486	0.93548	0.152827
16.994	-1.71523	0.643899	0.147151	-1.71504	0.925556	0.144497	-2.11474	0.935368	0.152716
17.234	-1.71526	0.643912	0.147172	-1.71502	0.925566	0.14444	-2.11494	0.935497	0.152968
17.511	-1.71521	0.643898	0.147106	-1.71506	0.925557	0.144492	-2.11489	0.93546	0.152877
17.764	-1.71521	0.643895	0.147134	-1.71507	0.925568	0.144506	-2.11469	0.935391	0.152643
17.947	-1.71525	0.6439	0.147167	-1.71506	0.925584	0.144505	-2.11492	0.935471	0.152919
18.202	-1.71523	0.643916	0.147167	-1.715	0.925594	0.144416	-2.11493	0.935471	0.152905
18.532	-1.71521	0.6439	0.147148	-1.71505	0.925582	0.144483	-2.11486	0.935473	0.1528
18.786	-1.71524	0.643879	0.147167	-1.71502	0.925581	0.14446	-2.1148	0.935348	0.152769
19.061	-1.71528	0.643908	0.147213	-1.71502	0.925579	0.144459	-2.11496	0.935481	0.152948
19.329	-1.71522	0.643898	0.147155	-1.715	0.925574	0.144434	-2.11492	0.935469	0.152906
19.596	-1.71522	0.643878	0.147155	-1.71502	0.925594	0.144517	-2.1149	0.93546	0.152827
19.871	-1.71528	0.643899	0.147235	-1.71503	0.92558	0.144512	-2.11495	0.935468	0.152902
20.109	-1.71529	0.643903	0.147219	-1.715	0.925614	0.144445	-2.11497	0.935487	0.152954
20.365	-1.71524	0.643888	0.147159	-1.71498	0.925597	0.144486	-2.11491	0.935467	0.152843
20.654	-1.71525	0.6439	0.147208	-1.71501	0.925549	0.144468	-2.11482	0.935265	0.152816
20.874	-1.71529	0.643912	0.147244	-1.71499	0.925589	0.14442	-2.11489	0.935322	0.152918
21.053	-1.71527	0.643894	0.147203	-1.7152	0.925575	0.144713	-2.11486	0.935277	0.152858
21.272	-1.71522	0.64391	0.147153	-1.71499	0.925553	0.14445	-2.11481	0.935291	0.152819
21.548	-1.7153	0.643894	0.147217	-1.71516	0.925533	0.144614	-2.11487	0.935277	0.152873
21.729	-1.71534	0.643923	0.147251	-1.71515	0.925585	0.144597	-2.11486	0.935295	0.152866
21.982	-1.71529	0.643891	0.147147	-1.71498	0.925533	0.144407	-2.11478	0.935265	0.152765
22.25	-1.71526	0.643901	0.147164	-1.71499	0.925554	0.144433	-2.11479	0.935264	0.152813
22.529	-1.71534	0.643905	0.147237	-1.71501	0.925556	0.144457	-2.11487	0.935304	0.152906
22.803	-1.71536	0.643905	0.147204	-1.71518	0.925537	0.144656	-2.11485	0.935276	0.152881
23.111	-1.71528	0.643867	0.14711	-1.71498	0.925531	0.144432	-2.11478	0.935287	0.15279
23.386	-1.71533	0.64389	0.147171	-1.71498	0.925555	0.144413	-2.11482	0.935289	0.152797
23.662	-1.71537	0.64391	0.147214	-1.71499	0.925532	0.144404	-2.11487	0.935347	0.152907
23.927	-1.71532	0.643858	0.147133	-1.71501	0.92556	0.144405	-2.11481	0.935329	0.152838
24.193	-1.71528	0.643866	0.147121	-1.71499	0.925524	0.144384	-2.11478	0.9353	0.152763
24.469	-1.71532	0.643879	0.147195	-1.71498	0.925513	0.144354	-2.11482	0.935345	0.152876
24.779	-1.71536	0.643876	0.147255	-1.71502	0.925559	0.144402	-2.11484	0.935352	0.152881
25.009	-1.71526	0.643857	0.147152	-1.71502	0.925571	0.144445	-2.11477	0.935329	0.1528
25.232	-1.7153	0.643845	0.147218	-1.715	0.92556	0.144401	-2.1148	0.935319	0.152824
25.507	-1.71532	0.643863	0.14724	-1.71501	0.92554	0.144379	-2.11483	0.935368	0.152887
25.768	-1.71529	0.643848	0.147244	-1.71502	0.925506	0.144377	-2.11481	0.935349	0.15287
26.042	-1.71525	0.643828	0.147192	-1.71502	0.925474	0.144401	-2.11475	0.935351	0.152809
26.307	-1.71526	0.643837	0.147241	-1.71503	0.925522	0.14438	-2.11479	0.935383	0.152866
26.586	-1.71529	0.643841	0.147287	-1.71502	0.925533	0.144365	-2.11481	0.935371	0.152892
26.806	-1.71524	0.643812	0.147211	-1.71502	0.925522	0.144394	-2.11475	0.935408	0.15282
27.077	-1.71522	0.643824	0.147192	-1.71503	0.925534	0.144409	-2.11475	0.935399	0.152842
27.313	-1.71528	0.643831	0.147256	-1.71504	0.925552	0.144404	-2.11481	0.935377	0.152881
27.585	-1.71526	0.643821	0.147224	-1.71502	0.925522	0.14434	-2.11479	0.935355	0.152868
27.91	-1.71517	0.64382	0.147134	-1.71502	0.925527	0.144345	-2.11472	0.935382	0.152814
28.173	-1.71524	0.643847	0.147207	-1.71507	0.925527	0.144367	-2.11477	0.935387	0.152855
28.416	-1.7153	0.643845	0.147254	-1.71478	0.925802	0.14432	-2.11478	0.935383	0.152863
28.612	-1.71521	0.643813	0.147159	-1.71505	0.925519	0.144394	-2.11477	0.935362	0.152866
28.796	-1.71519	0.643825	0.147114	-1.71502	0.925539	0.144378	-2.11472	0.935351	0.152746
29.036	-1.71525	0.643842	0.147192	-1.71479	0.925775	0.144343	-2.11479	0.935355	0.15286
29.251	-1.71528	0.643869	0.147189	-1.7148	0.925793	0.144359	-2.11481	0.935318	0.152871
29.401	-1.71521	0.643854	0.14708	-1.71505	0.925549	0.144401	-2.11475	0.935305	0.152781
29.559	-1.71525	0.643853	0.147111	-1.71476	0.92575	0.144319	-2.11477	0.935349	0.152809
29.746	-1.71533	0.643838	0.147173	-1.71507	0.925547	0.144448	-2.11485	0.935296	0.152915
29.945	-1.7153	0.643846	0.147146	-1.7148	0.925766	0.144395	-2.11485	0.935323	0.152899
30.173	-1.71523	0.643862	0.147077	-1.71482	0.925811	0.144415	-2.11479	0.935311	0.152813
30.403	-1.71525	0.64389	0.147085	-1.71503	0.925549	0.144354	-2.11479	0.93536	0.152794
30.641	-1.71533	0.643892	0.147195	-1.71509	0.925519	0.144496	-2.11488	0.935306	0.152953
30.87	-1.71528	0.64388	0.147143	-1.71484	0.925828	0.144482	-2.11481	0.935278	0.152866
31.143	-1.71523	0.643871	0.147096	-1.71479	0.925812	0.144432	-2.11479	0.935335	0.152803
31.385	-1.71526	0.643894	0.147132	-1.71499	0.925553	0.144388	-2.11496	0.935503	0.152973
31.615	-1.71532	0.643888	0.147211	-1.71511	0.925578	0.144532	-2.11486	0.935267	0.152868
31.854	-1.71523	0.643877	0.147112	-1.71507	0.925504	0.144472	-2.11479	0.935278	0.1528
32.081	-1.71527	0.643917	0.147338	-1.71477	0.925804	0.144424	-2.11479	0.935246	0.152801
32.302	-1.71529	0.643906	0.147186	-1.71505	0.925573	0.144497	-2.11504	0.935566	0.153154
32.542	-1.7153	0.643886	0.147211	-1.71481	0.925849	0.144513	-2.11485	0.935275	0.152843
32.731	-1.71523	0.643889	0.147095	-1.71502	0.925496	0.144432	-2.11477	0.93527	0.152794
32.961	-1.71522	0.64389	0.147111	-1.7147	0.925851	0.144362	-2.11481	0.935359	0.152766
33.139	-1.71528	0.643886	0.147202	-1.71479	0.925852	0.144496	-2.11495	0.935459	0.152951
33.324	-1.71526	0.643865	0.147172	-1.71506	0.925512	0.144511	-2.11489	0.935426	0.152843
33.515	-1.71522	0.643886	0.147129	-1.715	0.925532	0.144401	-2.11488	0.935468	0.152848
33.7	-1.71523	0.643893	0.147133	-1.71499	0.925541	0.144391	-2.11496	0.935469	0.152941
33.895	-1.71526	0.643902	0.14719	-1.71502	0.92555	0.144469	-2.1149	0.935442	0.152883
34.089	-1.71522	0.643874	0.147139	-1.71503	0.925539	0.144467	-2.11487	0.93544	0.15282
34.415	-1.71525	0.643911	0.147151	-1.71501	0.925543	0.144428	-2.11495	0.935446	0.152911
34.689	-1.71526	0.643887	0.147176	-1.71499	0.925572	0.14442	-2.11496	0.93547	0.152923
35.007	-1.71525	0.643875	0.147156	-1.71502	0.925554	0.144431	-2.11475	0.935337	0.152688
35.261	-1.71524	0.6439	0.147116	-1.71501	0.925535	0.144428	-2.11494	0.935746	0.153109
35.455	-1.71526	0.643907	0.147168	-1.715	0.925519	0.144357	-2.11496	0.935466	0.15292
35.644	-1.71528	0.643893	0.147177	-1.71503	0.925549	0.14442	-2.11494	0.935462	0.152887
35.925	-1.71526	0.643881	0.147156	-1.71505	0.925512	0.144428	-2.11477	0.935275	0.152739
36.184	-1.71526	0.643897	0.147141	-1.71501	0.92555	0.144378	-2.11493	0.93545	0.152878
36.459	-1.71529	0.643911	0.147145	-1.71501	0.925519	0.1444	-2.11494	0.935465	0.152915
36.697	-1.71528	0.64389	0.147146	-1.71505	0.925532	0.144441	-2.1149	0.935438	0.15285
36.919	-1.71527	0.643878	0.147146	-1.71503	0.925495	0.144397	-2.11492	0.935456	0.152862
37.182	-1.71531	0.643907	0.147189	-1.71505	0.925558	0.144437	-2.11495	0.935447	0.15294
37.403	-1.71529	0.643887	0.147147	-1.71504	0.925529	0.144413	-2.11493	0.935463	0.152906
37.681	-1.71527	0.643889	0.14711	-1.71501	0.925528	0.144407	-2.1148	0.935279	0.152794
37.91	-1.7153	0.643871	0.147156	-1.71505	0.925508	0.144403	-2.11483	0.935254	0.152852
38.181	-1.71533	0.643874	0.147188	-1.71507	0.925521	0.144437	-2.11488	0.935295	0.152901
38.496	-1.71529	0.643847	0.147132	-1.71507	0.925528	0.144419	-2.11482	0.935285	0.152836
38.784	-1.71525	0.643871	0.14709	-1.71502	0.925525	0.144346	-2.11479	0.935219	0.152793
39.025	-1.71531	0.643876	0.147173	-1.71506	0.925551	0.144436	-2.11483	0.935238	0.152876
39.297	-1.71531	0.64385	0.147169	-1.71506	0.925503	0.144405	-2.11486	0.935275	0.152896
39.574	-1.71527	0.643845	0.147139	-1.71506	0.92549	0.144418	-2.11481	0.935282	0.152847
39.807	-1.71527	0.643845	0.147146	-1.71507	0.925535	0.144378	-2.11479	0.935298	0.152815
39.998	-1.71529	0.643834	0.147168	-1.71505	0.925519	0.144369	-2.11483	0.93531	0.15289
40.242	-1.71527	0.643851	0.147153	-1.71505	0.925498	0.144396	-2.11483	0.935302	0.152849
40.487	-1.71527	0.643833	0.147153	-1.71505	0.925532	0.14443	-2.11481	0.935288	0.152848
40.719	-1.7153	0.643837	0.147193	-1.71504	0.925504	0.144363	-2.11482	0.935324	0.152889
40.905	-1.7153	0.643839	0.147214	-1.71509	0.925503	0.144414	-2.11482	0.935304	0.152863
41.078	-1.71526	0.643833	0.147153	-1.71505	0.925508	0.144404	-2.11477	0.935325	0.152806
41.26	-1.71526	0.64384	0.147155	-1.71503	0.925512	0.144384	-2.11478	0.935327	0.152822
41.48	-1.71532	0.64385	0.147199	-1.71504	0.925544	0.144372	-2.11481	0.935369	0.152858
41.75	-1.7153	0.643826	0.147186	-1.71507	0.92549	0.144439	-2.11482	0.935353	0.152885
41.935	-1.71528	0.643826	0.147152	-1.71504	0.925537	0.144449	-2.11478	0.935353	0.15283
42.127	-1.7153	0.643842	0.147152	-1.71503	0.925558	0.14442	-2.11482	0.935359	0.152872
42.31	-1.71529	0.64385	0.147142	-1.71503	0.925549	0.144415	-2.11479	0.935364	0.152862
42.487	-1.71528	0.643843	0.14713	-1.71503	0.925526	0.144425	-2.11478	0.935357	0.152859
42.66	-1.7153	0.643868	0.147146	-1.71502	0.925541	0.144441	-2.11477	0.935388	0.152859
42.928	-1.71531	0.643862	0.14717	-1.71501	0.925521	0.144411	-2.11478	0.935388	0.152862
43.125	-1.71529	0.643881	0.147105	-1.71497	0.925551	0.144403	-2.11475	0.93541	0.152842
43.32	-1.71529	0.643872	0.147133	-1.71502	0.925537	0.144472	-2.11474	0.935398	0.152851
43.496	-1.71534	0.643883	0.147175	-1.71501	0.925531	0.144468	-2.11478	0.935415	0.152904
43.68	-1.71531	0.643877	0.147156	-1.71499	0.925538	0.144428	-2.1148	0.935415	0.15289
43.894	-1.71528	0.643874	0.147126	-1.715	0.925596	0.144475	-2.11472	0.935499	0.152841
44.073	-1.7153	0.643889	0.147167	-1.71498	0.925576	0.144438	-2.11472	0.935499	0.152865
44.383	-1.71532	0.643893	0.147179	-1.71499	0.925609	0.144418	-2.11475	0.935516	0.152911
44.684	-1.7153	0.643878	0.147159	-1.71499	0.925573	0.144439	-2.11473	0.935502	0.152877
44.965	-1.71528	0.643888	0.14713	-1.71502	0.925589	0.144478	-2.11478	0.935411	0.152874
45.257	-1.71526	0.643892	0.147164	-1.71498	0.925587	0.144433	-2.11471	0.93552	0.152841
45.585	-1.71531	0.643899	0.147179	-1.71496	0.925566	0.144326	-2.11477	0.935398	0.152839
45.816	-1.71537	0.643829	0.147687	-1.71506	0.925571	0.144989	-2.11481	0.935421	0.152745
45.993	-1.71425	0.644088	0.148473	-1.71421	0.925689	0.145405	-2.11374	0.935132	0.151497
46.268	-1.71229	0.644225	0.148257	-1.71261	0.925773	0.145173	-2.11205	0.935294	0.151389
46.552	-1.71023	0.64426	0.147244	-1.71061	0.926372	0.144655	-2.11039	0.935076	0.152113
46.852	-1.70814	0.644418	0.1473	-1.70869	0.926601	0.144651	-2.10818	0.934471	0.152456
47.179	-1.70586	0.644773	0.14763	-1.70629	0.926768	0.144884	-2.10617	0.934778	0.153079
47.48	-1.70255	0.64479	0.147568	-1.70301	0.926729	0.145213	-2.10316	0.934503	0.152419
47.761	-1.69953	0.644746	0.147415	-1.70056	0.926605	0.145422	-2.10025	0.934558	0.152494
48.044	-1.69697	0.644929	0.147991	-1.6985	0.926997	0.14648	-2.09771	0.934339	0.152962
48.272	-1.69335	0.645362	0.14802	-1.6953	0.927565	0.146566	-2.09466	0.934183	0.15349
48.452	-1.6894	0.646034	0.148085	-1.69123	0.927939	0.145716	-2.09141	0.933843	0.153079
48.691	-1.68564	0.646606	0.147715	-1.68829	0.928616	0.145896	-2.0883	0.933864	0.153255
48.961	-1.68184	0.647406	0.148535	-1.68516	0.929474	0.146381	-2.08523	0.934438	0.154374
49.166	-1.67688	0.649063	0.149538	-1.6808	0.930813	0.147353	-2.07995	0.933436	0.153227
49.46	-1.67164	0.649274	0.148219	-1.67697	0.931733	0.147588	-2.07584	0.933285	0.153013
49.737	-1.66661	0.651285	0.148848	-1.67314	0.933234	0.148163	-2.07161	0.932936	0.15278
50.01	-1.66099	0.651944	0.148448	-1.66831	0.934066	0.147567	-2.06756	0.932943	0.153195
50.333	-1.65504	0.653683	0.147962	-1.66353	0.935562	0.147203	-2.06333	0.933227	0.15313
50.534	-1.64807	0.65583	0.148317	-1.65775	0.937633	0.146866	-2.05716	0.933024	0.152499
50.845	-1.64297	0.656952	0.148018	-1.6544	0.939125	0.147383	-2.05388	0.93282	0.152719
51.173	-1.63578	0.660046	0.148958	-1.64842	0.94165	0.147591	-2.04771	0.932967	0.15271
51.427	-1.62919	0.662256	0.148663	-1.64355	0.943933	0.147826	-2.04245	0.932733	0.152762
51.727	-1.62268	0.664651	0.148994	-1.63862	0.946445	0.148412	-2.03757	0.93276	0.152947
52.063	-1.61577	0.667002	0.148747	-1.63288	0.948531	0.147724	-2.03249	0.933051	0.15342
52.25	-1.60672	0.670577	0.149087	-1.62668	0.951772	0.148254	-2.02555	0.932903	0.152961
52.564	-1.60149	0.672907	0.149346	-1.62331	0.954518	0.14892	-2.02138	0.93298	0.152891
52.887	-1.59183	0.67697	0.14908	-1.61572	0.957941	0.148322	-2.01482	0.933157	0.153173
53.17	-1.58398	0.680472	0.149042	-1.61034	0.961461	0.14852	-2.00903	0.932805	0.152729
53.466	-1.57627	0.684228	0.149093	-1.60465	0.9647	0.148472	-2.00319	0.933113	0.152883
53.767	-1.56777	0.688181	0.148686	-1.59911	0.968383	0.148602	-1.99713	0.933229	0.152701
53.975	-1.55777	0.693557	0.149361	-1.592	0.973366	0.148567	-1.98935	0.933865	0.152662
54.226	-1.54915	0.697731	0.14923	-1.58618	0.97757	0.148757	-1.98348	0.934417	0.153602
54.511	-1.5407	0.702301	0.149785	-1.58079	0.981589	0.149676	-1.97742	0.934553	0.153463
54.777	-1.53221	0.707045	0.149897	-1.57484	0.986565	0.149548	-1.9712	0.935261	0.153076
55.062	-1.52372	0.713081	0.151062	-1.56886	0.991173	0.148901	-1.96438	0.93561	0.152509
55.368	-1.51471	0.71814	0.150881	-1.56297	0.995812	0.14929	-1.95814	0.936699	0.153011
55.607	-1.50616	0.723555	0.15121	-1.55713	1.00071	0.149335	-1.952	0.938328	0.154334
55.756	-1.49497	0.73069	0.151823	-1.55004	1.00713	0.149466	-1.94295	0.938568	0.15254
55.959	-1.48573	0.736515	0.151447	-1.54412	1.01261	0.150392	-1.93743	0.94044	0.154103
56.161	-1.47685	0.742995	0.15228	-1.53815	1.01803	0.150046	-1.92971	0.940261	0.152404
56.312	-1.46777	0.749292	0.152275	-1.53236	1.02356	0.150423	-1.92302	0.941377	0.152886
56.583	-1.45825	0.755661	0.151734	-1.52645	1.02939	0.15014	-1.91648	0.942947	0.153491
56.784	-1.44683	0.764337	0.151665	-1.51906	1.03681	0.149925	-1.9073	0.943881	0.152652
56.939	-1.43776	0.771345	0.152048	-1.5129	1.04282	0.150003	-1.9004	0.945185	0.153216
57.1	-1.42839	0.778527	0.15225	-1.50728	1.04892	0.150394	-1.89337	0.946823	0.153143
57.252	-1.4188	0.785623	0.15225	-1.50128	1.05529	0.150586	-1.88585	0.947644	0.152676
57.404	-1.40994	0.792762	0.152057	-1.49537	1.06164	0.150597	-1.87841	0.949006	0.152533
57.594	-1.39941	0.801336	0.15215	-1.48983	1.06885	0.151	-1.87151	0.951061	0.153548
57.744	-1.38804	0.811314	0.151895	-1.4827	1.07708	0.150996	-1.8616	0.952984	0.153377
57.902	-1.37894	0.81955	0.151666	-1.47592	1.08424	0.150332	-1.85489	0.954695	0.154358
58.061	-1.36949	0.827882	0.151436	-1.47068	1.09118	0.151123	-1.8472	0.956764	0.154441
58.214	-1.36023	0.836394	0.151498	-1.46495	1.09839	0.150975	-1.83992	0.95901	0.154994
58.366	-1.35064	0.845378	0.151849	-1.45921	1.10584	0.15095	-1.83114	0.961157	0.153392
58.611	-1.34132	0.8545	0.15187	-1.45317	1.11341	0.150411	-1.82387	0.963534	0.15372
58.789	-1.33	0.866172	0.152136	-1.44616	1.12322	0.15052	-1.81389	0.966765	0.153799
58.937	-1.32086	0.876067	0.151896	-1.44088	1.13108	0.150561	-1.80632	0.9697	0.154031
59.185	-1.31174	0.885808	0.152396	-1.43512	1.13941	0.150405	-1.79874	0.972829	0.15456
59.438	-1.30249	0.89572	0.152402	-1.42981	1.14739	0.150649	-1.7911	0.975815	0.155132
59.653	-1.29356	0.90545	0.152521	-1.4245	1.15557	0.151223	-1.783	0.979002	0.155001
59.907	-1.28473	0.915492	0.152492	-1.41835	1.1637	0.150624	-1.77518	0.982252	0.155127
60.142	-1.27606	0.925516	0.152537	-1.41327	1.1721	0.151191	-1.76684	0.985655	0.15501
60.294	-1.26504	0.938075	0.152369	-1.40705	1.18291	0.152551	-1.7566	0.990132	0.155566
60.54	-1.25609	0.94817	0.152497	-1.40013	1.19049	0.151351	-1.74878	0.994323	0.156295
60.745	-1.24711	0.957951	0.153001	-1.39411	1.19876	0.15184	-1.7402	0.998089	0.156089
60.9	-1.23856	0.968062	0.153442	-1.38832	1.20703	0.152436	-1.7316	1.00255	0.155873
61.149	-1.22963	0.977355	0.153327	-1.38161	1.2151	0.151675	-1.72348	1.00747	0.156107
61.356	-1.21877	0.989642	0.154462	-1.37323	1.22525	0.151256	-1.713	1.01393	0.156077
61.563	-1.21013	0.998757	0.154118	-1.36636	1.23349	0.150417	-1.70417	1.01996	0.156421
61.845	-1.2014	1.00778	0.154539	-1.35876	1.24162	0.150763	-1.69553	1.02555	0.156755
62.101	-1.19224	1.01677	0.154393	-1.35127	1.2493	0.150362	-1.68624	1.03117	0.156646
62.413	-1.18279	1.02509	0.154383	-1.34275	1.25713	0.15059	-1.67718	1.03729	0.15679
62.691	-1.17342	1.0333	0.154167	-1.33495	1.2647	0.150373	-1.66772	1.04334	0.155618
62.976	-1.16178	1.04341	0.154947	-1.32429	1.27409	0.150298	-1.65618	1.05139	0.155691
63.271	-1.15215	1.05126	0.155023	-1.31504	1.28152	0.150158	-1.64662	1.05766	0.155631
63.551	-1.1424	1.05896	0.154647	-1.3055	1.28867	0.15009	-1.63661	1.0644	0.15613
63.822	-1.13232	1.06603	0.154779	-1.29616	1.29572	0.15133	-1.6267	1.07119	0.156761
64.116	-1.12214	1.07289	0.154584	-1.28569	1.30248	0.150984	-1.61642	1.07803	0.156701
64.456	-1.11213	1.07947	0.154658	-1.27571	1.30955	0.151075	-1.60578	1.08488	0.156509
64.715	-1.09878	1.0879	0.154376	-1.2617	1.31798	0.149863	-1.59328	1.09393	0.156689
64.992	-1.08792	1.09422	0.154325	-1.25078	1.32475	0.149883	-1.58244	1.10142	0.15624
65.204	-1.07782	1.1002	0.155076	-1.24018	1.33117	0.151146	-1.57243	1.10884	0.15733
65.338	-1.0697	1.10469	0.155238	-1.23113	1.33589	0.150607	-1.56365	1.11433	0.156349
65.451	-1.06691	1.10605	0.15519	-1.22818	1.33753	0.150675	-1.56119	1.11598	0.156071
65.743	-1.04502	1.11733	0.155242	-1.20442	1.35008	0.150347	-1.53882	1.13119	0.156033
65.889	-1.03418	1.12257	0.155646	-1.19246	1.35569	0.150313	-1.52734	1.13941	0.157053
66.115	-1.02839	1.12499	0.155481	-1.18645	1.3588	0.150446	-1.52277	1.14292	0.157815
66.392	-1.00908	1.13219	0.155965	-1.16236	1.36858	0.151097	-1.50268	1.15611	0.157448
66.7	-0.99785	1.13617	0.15703	-1.1498	1.37282	0.149578	-1.49055	1.16356	0.157031
66.901	-0.986333	1.13974	0.157066	-1.13588	1.37718	0.149606	-1.47825	1.17025	0.156595
67.231	-0.977472	1.14179	0.156937	-1.12554	1.38065	0.150202	-1.46942	1.17589	0.157418
67.454	-0.959217	1.14563	0.156568	-1.10522	1.38665	0.151705	-1.45082	1.18699	0.158426
67.671	-0.946935	1.14771	0.156309	-1.09071	1.39036	0.151393	-1.43913	1.19446	0.160161
67.98	-0.937999	1.14909	0.156402	-1.07957	1.39275	0.151804	-1.42923	1.19946	0.159718
68.26	-0.922706	1.15058	0.157075	-1.06077	1.39649	0.152009	-1.41319	1.20868	0.16012
68.529	-0.91052	1.15172	0.157414	-1.0462	1.39938	0.153	-1.40046	1.21565	0.159575
68.808	-0.898309	1.15238	0.157767	-1.03056	1.40168	0.153086	-1.38667	1.22272	0.159169
69.115	-0.886178	1.15273	0.157948	-1.01489	1.40384	0.153053	-1.37283	1.22934	0.15848
69.387	-0.870728	1.15296	0.158288	-0.994592	1.40617	0.153083	-1.35784	1.23938	0.160952
69.699	-0.858427	1.15281	0.158564	-0.978471	1.40783	0.152691	-1.34338	1.24612	0.159886
69.967	-0.845842	1.15224	0.158869	-0.962181	1.40919	0.152415	-1.32951	1.25331	0.159578
70.282	-0.833648	1.15118	0.159091	-0.94566	1.40989	0.152527	-1.31531	1.26025	0.159456
70.628	-0.821355	1.14987	0.159284	-0.929033	1.4101	0.153146	-1.30117	1.26631	0.159031
70.889	-0.805575	1.14758	0.159142	-0.908062	1.41035	0.153119	-1.28322	1.27425	0.159343
71.211	-0.793149	1.14559	0.158863	-0.891023	1.41001	0.152356	-1.26846	1.28038	0.159359
71.551	-0.780768	1.14304	0.158685	-0.874027	1.40896	0.152456	-1.25329	1.28626	0.159455
71.755	-0.768057	1.13998	0.158398	-0.856856	1.40778	0.152619	-1.23799	1.29123	0.159109
72.062	-0.758913	1.13796	0.158626	-0.843904	1.40668	0.15228	-1.2268	1.29534	0.158986
72.344	-0.743098	1.13391	0.158022	-0.822387	1.40457	0.1516	-1.20798	1.3013	0.159162
72.609	-0.730586	1.13063	0.157732	-0.805145	1.40232	0.151399	-1.19186	1.30609	0.159002
72.912	-0.717975	1.12697	0.157378	-0.787737	1.40006	0.151124	-1.17595	1.31032	0.159187
73.256	-0.702444	1.12189	0.15745	-0.766154	1.39655	0.151135	-1.15585	1.3153	0.159489
73.524	-0.690079	1.11731	0.157722	-0.748942	1.39316	0.151701	-1.14016	1.319	0.159007
73.786	-0.677948	1.11258	0.158055	-0.73176	1.38938	0.152039	-1.12473	1.3225	0.159593
74.062	-0.665775	1.10734	0.158201	-0.714404	1.38512	0.152705	-1.10777	1.32531	0.15914
74.384	-0.653809	1.10167	0.157709	-0.696975	1.38028	0.152706	-1.0918	1.32829	0.160204
74.619	-0.638896	1.09451	0.157516	-0.67544	1.37417	0.152644	-1.07103	1.33149	0.16097
74.91	-0.627117	1.08852	0.15758	-0.658391	1.36893	0.152873	-1.05445	1.33363	0.160775
75.173	-0.615448	1.08219	0.157793	-0.641143	1.36298	0.15295	-1.03865	1.33575	0.160696
75.421	-0.604006	1.07602	0.157818	-0.624002	1.35717	0.153257	-1.0228	1.3378	0.161452
75.797	-0.592573	1.06909	0.157788	-0.607184	1.35077	0.153247	-1.0063	1.33912	0.161892
76.079	-0.578101	1.06051	0.157266	-0.585873	1.34257	0.15307	-0.984902	1.3406	0.161632
76.318	-0.5667	1.05352	0.157249	-0.569124	1.33564	0.152642	-0.968145	1.34137	0.161462
76.634	-0.555818	1.04631	0.15794	-0.552518	1.32819	0.15265	-0.951179	1.34186	0.160951
76.84	-0.544792	1.03859	0.158424	-0.535946	1.32065	0.152859	-0.934267	1.34238	0.160487
77.146	-0.536857	1.03274	0.158812	-0.523624	1.31471	0.153072	-0.921679	1.3426	0.160049
77.483	-0.523413	1.02283	0.159442	-0.5031	1.30416	0.153341	-0.900194	1.34213	0.159982
77.745	-0.51016	1.01282	0.160073	-0.482849	1.29349	0.153595	-0.878928	1.3413	0.160578
77.997	-0.499402	1.0044	0.159538	-0.466554	1.28444	0.153249	-0.861782	1.34026	0.160681
78.318	-0.48911	0.996037	0.15948	-0.450658	1.27545	0.153061	-0.844675	1.33888	0.160277
78.581	-0.478729	0.987647	0.159884	-0.43491	1.26625	0.15268	-0.827565	1.33739	0.160254
78.838	-0.468414	0.979079	0.160593	-0.419388	1.25686	0.152691	-0.810797	1.33492	0.160119
79.1	-0.458042	0.970059	0.159781	-0.404229	1.24688	0.153292	-0.793823	1.33283	0.161011
79.397	-0.448076	0.961297	0.160024	-0.389024	1.23695	0.154228	-0.777042	1.32984	0.16133
79.669	-0.435235	0.950023	0.160179	-0.370525	1.2247	0.155105	-0.756772	1.32533	0.160999
80.022	-0.42502	0.941251	0.159822	-0.355692	1.21441	0.155037	-0.740266	1.32176	0.161121
80.316	-0.414251	0.932318	0.159123	-0.34116	1.20495	0.155359	-0.723999	1.31736	0.161232
80.581	-0.403412	0.9239	0.158602	-0.326667	1.19557	0.155372	-0.708002	1.31296	0.161981
80.889	-0.392221	0.915394	0.158155	-0.311985	1.18619	0.155378	-0.691915	1.30851	0.162827
81.217	-0.381028	0.907358	0.157978	-0.297689	1.17686	0.155872	-0.676069	1.30377	0.162879
81.497	-0.366469	0.897712	0.158707	-0.279776	1.16641	0.156032	-0.656613	1.29801	0.16258
81.809	-0.354788	0.890391	0.158746	-0.265488	1.15779	0.15599	-0.641134	1.29338	0.162014
82.062	-0.343004	0.883108	0.158473	-0.251355	1.14985	0.155915	-0.625836	1.28834	0.161756
82.316	-0.331013	0.876073	0.158569	-0.237324	1.14188	0.156387	-0.610516	1.28318	0.162385
82.553	-0.318387	0.86894	0.158937	-0.223359	1.13459	0.156898	-0.595576	1.2779	0.162538
82.877	-0.305753	0.862075	0.158823	-0.209185	1.12707	0.156638	-0.580644	1.27268	0.162731
83.081	-0.290052	0.853866	0.158514	-0.191562	1.11817	0.156655	-0.56226	1.26594	0.162388
83.341	-0.276717	0.846916	0.158487	-0.177618	1.11117	0.156956	-0.547908	1.26042	0.162183
83.595	-0.263521	0.840675	0.158568	-0.163573	1.10472	0.156996	-0.533404	1.25462	0.162916
83.874	-0.249689	0.834765	0.157653	-0.149212	1.09844	0.156748	-0.51919	1.24892	0.163534
84.097	-0.235666	0.828695	0.156917	-0.135297	1.09256	0.156746	-0.505003	1.24326	0.163873
84.357	-0.221686	0.823529	0.157684	-0.121348	1.08739	0.157106	-0.49107	1.23785	0.163643
84.611	-0.207183	0.81851	0.158523	-0.107287	1.08263	0.15725	-0.477248	1.23255	0.163311
84.863	-0.188611	0.812695	0.158899	-0.0896515	1.07701	0.15726	-0.460154	1.22565	0.16294
85.132	-0.173575	0.808258	0.15896	-0.0754015	1.07287	0.157461	-0.446592	1.22036	0.163642
85.398	-0.158525	0.804176	0.158884	-0.0613633	1.06893	0.158081	-0.43297	1.21494	0.164424
85.69	-0.142969	0.800124	0.158843	-0.0471591	1.06554	0.15806	-0.419266	1.20966	0.165073
85.925	-0.127191	0.796474	0.158716	-0.0327894	1.06239	0.157943	-0.405906	1.20454	0.165119
86.202	-0.111625	0.793253	0.159245	-0.0185324	1.05974	0.158742	-0.392925	1.19973	0.165038
86.482	-0.0915264	0.789517	0.159557	-0.0012117	1.05666	0.159222	-0.376228	1.19354	0.165161
86.769	-0.0752109	0.786789	0.159081	0.0130889	1.05501	0.15913	-0.363481	1.18838	0.165119
87.014	-0.0584804	0.784453	0.158361	0.0270002	1.05336	0.158836	-0.350316	1.1832	0.165381
87.205	-0.0415775	0.782327	0.157661	0.0411449	1.05208	0.159261	-0.337595	1.17799	0.166376
87.421	-0.0247733	0.780383	0.157658	0.0553536	1.05094	0.159076	-0.324632	1.17303	0.167039
87.68	-0.0034979	0.778483	0.158171	0.0726665	1.05059	0.159552	-0.309128	1.16768	0.166787
87.919	0.0134645	0.777978	0.158588	0.0867327	1.05054	0.160045	-0.296505	1.16322	0.165921
88.104	0.0309726	0.777723	0.158974	0.101078	1.05111	0.15974	-0.283685	1.1585	0.166033
88.365	0.0486329	0.777702	0.158936	0.114746	1.05225	0.160176	-0.271211	1.1547	0.166321
88.688	0.0661686	0.778326	0.159363	0.128672	1.05339	0.160551	-0.258563	1.1504	0.166358
88.969	0.0840682	0.7791	0.15904	0.142536	1.05511	0.160363	-0.246013	1.14695	0.166522
89.231	0.106718	0.780642	0.158385	0.159682	1.05805	0.160599	-0.230219	1.1421	0.166352
89.477	0.124788	0.782636	0.15834	0.173539	1.06062	0.160412	-0.217811	1.1388	0.166909
89.72	0.142694	0.784933	0.158637	0.187121	1.06374	0.160789	-0.205495	1.13561	0.167202
89.959	0.160744	0.787914	0.159558	0.200405	1.06725	0.16105	-0.193212	1.13294	0.167404
90.183	0.178874	0.791394	0.160011	0.213626	1.07154	0.161432	-0.181329	1.13016	0.166653
90.464	0.197289	0.795185	0.160164	0.226943	1.07581	0.160933	-0.169105	1.12715	0.166721
90.7	0.220043	0.800889	0.160406	0.243534	1.08185	0.160705	-0.153516	1.12411	0.16699
90.997	0.238106	0.80557	0.160502	0.25657	1.08716	0.161042	-0.141116	1.12225	0.167567
91.238	0.256105	0.810693	0.1606	0.269435	1.09241	0.16028	-0.128592	1.12058	0.167906
91.425	0.2742	0.815798	0.160477	0.282319	1.0981	0.160656	-0.116263	1.1191	0.167732
91.641	0.291818	0.821793	0.161149	0.295081	1.10379	0.161386	-0.104034	1.11759	0.167587
91.882	0.309682	0.827867	0.161129	0.307382	1.10997	0.161802	-0.0917698	1.11607	0.16723
92.102	0.327261	0.834521	0.1612	0.319568	1.11669	0.162264	-0.0796904	1.11469	0.16714
92.334	0.349487	0.843259	0.161656	0.334519	1.12509	0.162523	-0.0645148	1.11338	0.16739
92.575	0.366411	0.850564	0.162458	0.34639	1.13177	0.162643	-0.0521274	1.11269	0.167724
92.862	0.383519	0.85739	0.162777	0.358173	1.13834	0.162637	-0.0404329	1.11221	0.167976
93.116	0.39979	0.863815	0.16316	0.370266	1.14442	0.162704	-0.0277127	1.11178	0.167265
93.339	0.415357	0.86941	0.163113	0.382239	1.14967	0.162398	-0.0153526	1.11199	0.167319
93.596	0.433801	0.875177	0.16327	0.397299	1.15501	0.16236	0.000304606	1.11277	0.16794
93.894	0.448495	0.879219	0.163166	0.409675	1.15872	0.162659	0.0130848	1.11357	0.168283
94.133	0.46303	0.883312	0.162397	0.422302	1.16247	0.162809	0.0259946	1.11394	0.168024
94.34	0.477237	0.887185	0.161705	0.434743	1.16602	0.16219	0.0385319	1.11515	0.168922
94.621	0.490933	0.891059	0.162298	0.446478	1.16973	0.162733	0.0508467	1.11607	0.168594
94.905	0.504318	0.895408	0.163315	0.458088	1.17375	0.162597	0.063095	1.11755	0.169063
95.15	0.521083	0.901027	0.16393	0.472428	1.17888	0.16252	0.0775637	1.11949	0.168457
95.483	0.533995	0.905366	0.164922	0.483695	1.18307	0.16368	0.0893058	1.12098	0.167814
95.761	0.546558	0.909801	0.165443	0.494432	1.18699	0.163991	0.100316	1.12261	0.167692
96	0.559251	0.91428	0.166058	0.505173	1.19118	0.163756	0.111591	1.12393	0.167845
96.195	0.571727	0.918958	0.165377	0.515994	1.19541	0.163229	0.122907	1.12543	0.167801
96.525	0.584199	0.923365	0.16531	0.526565	1.19959	0.162952	0.133907	1.12721	0.168395
96.76	0.599107	0.928617	0.165466	0.539686	1.20449	0.163139	0.147567	1.12949	0.169082
96.951	0.610768	0.932712	0.165606	0.549879	1.20826	0.163362	0.158117	1.13159	0.168763
97.132	0.621995	0.936963	0.166099	0.559822	1.2122	0.163082	0.168226	1.1338	0.169066
97.311	0.633215	0.941313	0.166292	0.569693	1.21618	0.162925	0.17848	1.13594	0.16829
97.572	0.644319	0.945672	0.166398	0.579507	1.22012	0.162762	0.188883	1.13789	0.168552
97.85	0.655525	0.949902	0.165982	0.589087	1.22408	0.162367	0.198842	1.13976	0.168895
98.137	0.668962	0.954939	0.165058	0.601007	1.22857	0.162154	0.211262	1.14188	0.169365
98.384	0.679434	0.958646	0.164646	0.610211	1.23209	0.162138	0.220936	1.14371	0.169326
98.57	0.689771	0.962363	0.164899	0.619316	1.23565	0.162384	0.230349	1.14538	0.169369
98.81	0.69996	0.966164	0.16509	0.628352	1.23891	0.162458	0.239685	1.14737	0.169082
99.06	0.709878	0.969886	0.165188	0.637027	1.24256	0.162626	0.249158	1.14899	0.168822
99.341	0.719698	0.973689	0.165286	0.645914	1.24597	0.162516	0.257791	1.15119	0.16906
99.639	0.731314	0.978282	0.164984	0.656216	1.25026	0.162345	0.26921	1.15368	0.169701
99.958	0.740316	0.981859	0.16446	0.664427	1.2536	0.16234	0.277831	1.15525	0.169516
100.208	0.749399	0.98541	0.16489	0.672695	1.25694	0.162885	0.286167	1.15752	0.169913
100.39	0.758202	0.988961	0.165199	0.680576	1.26044	0.163253	0.294242	1.15941	0.169471
100.62	0.767087	0.992826	0.166254	0.688227	1.26368	0.163463	0.302183	1.16147	0.169656
100.858	0.77727	0.99707	0.165805	0.697414	1.26787	0.163423	0.312036	1.16404	0.169592
101.099	0.785326	1.00067	0.165996	0.704677	1.27105	0.163415	0.319669	1.16575	0.16974
101.362	0.79338	1.00415	0.165833	0.711645	1.27426	0.163449	0.327066	1.16793	0.170362
101.602	0.801017	1.00745	0.16541	0.718879	1.27749	0.163538	0.334353	1.16967	0.170391
101.786	0.808871	1.01072	0.165546	0.725928	1.28031	0.163372	0.341781	1.17176	0.170314
102.011	0.816231	1.01373	0.165417	0.732555	1.28328	0.163282	0.348694	1.17372	0.170461
102.251	0.825322	1.01782	0.165365	0.740827	1.28703	0.163211	0.357187	1.17616	0.170658
102.492	0.832195	1.02093	0.165122	0.746754	1.28973	0.162949	0.363764	1.17793	0.170765
102.686	0.839312	1.02407	0.165538	0.753035	1.29272	0.163451	0.370176	1.17954	0.170962
102.928	0.845869	1.02706	0.165554	0.758799	1.29551	0.16334	0.376386	1.18139	0.171238
103.227	0.852208	1.03011	0.165954	0.764222	1.29832	0.163596	0.382236	1.18301	0.171288
103.48	0.858431	1.03323	0.166216	0.76988	1.30101	0.163903	0.388004	1.18443	0.171213
103.699	0.864512	1.0361	0.166275	0.775035	1.30371	0.163645	0.39382	1.18608	0.171126
103.975	0.870371	1.03892	0.166523	0.78023	1.30633	0.163854	0.399291	1.18764	0.171035
104.165	0.877211	1.04222	0.167131	0.78625	1.30942	0.163982	0.405556	1.18969	0.171052
104.38	0.882461	1.04503	0.167003	0.791179	1.3119	0.16395	0.41056	1.19113	0.170869
104.634	0.888245	1.04747	0.167112	0.795847	1.31423	0.163846	0.415622	1.19244	0.170769
104.881	0.893172	1.05014	0.167556	0.80025	1.3164	0.164162	0.420403	1.19398	0.170874
105.21	0.897677	1.05256	0.167398	0.804538	1.31872	0.164082	0.424866	1.19532	0.171128
105.449	0.904342	1.05547	0.166964	0.810025	1.32122	0.163963	0.430681	1.19688	0.171104
105.711	0.908575	1.05761	0.167344	0.814053	1.32317	0.164094	0.434912	1.19826	0.171274
105.951	0.913176	1.05977	0.16794	0.817814	1.32514	0.164402	0.438957	1.19943	0.17135
106.198	0.917056	1.06166	0.167539	0.821462	1.32698	0.164531	0.442824	1.20057	0.171169
106.476	0.921083	1.06379	0.167468	0.825007	1.32895	0.164349	0.446753	1.20154	0.170963
106.654	0.925997	1.06605	0.167471	0.82929	1.33113	0.1646	0.451159	1.20292	0.171304
106.94	0.928805	1.06759	0.16778	0.831552	1.3323	0.164776	0.453768	1.20374	0.171479
107.175	0.93308	1.06968	0.167706	0.835432	1.33432	0.164633	0.457897	1.20523	0.171336
107.463	0.935991	1.07121	0.167723	0.838417	1.33577	0.164736	0.460988	1.20624	0.170824
107.707	0.939137	1.07299	0.167887	0.841382	1.33747	0.164995	0.463936	1.20724	0.170719
107.939	0.942232	1.07448	0.168153	0.843884	1.33876	0.164589	0.466719	1.20833	0.171096
108.179	0.946449	1.07633	0.168129	0.846865	1.34039	0.164697	0.469915	1.20951	0.171304
108.486	0.949045	1.07775	0.168011	0.849503	1.34186	0.164904	0.472499	1.21024	0.170851
108.818	0.951142	1.0789	0.167944	0.851443	1.34293	0.164423	0.474768	1.21127	0.17099
109.057	0.952791	1.07988	0.168124	0.853299	1.34395	0.164926	0.476627	1.21217	0.171098
109.239	0.954925	1.08111	0.168629	0.855229	1.34482	0.164973	0.478929	1.21284	0.171039
109.444	0.956984	1.08237	0.168542	0.857235	1.34601	0.164899	0.480663	1.21343	0.170645
109.629	0.958845	1.08336	0.167821	0.858842	1.34702	0.164269	0.482407	1.21389	0.170832
109.87	0.960119	1.08412	0.168114	0.859677	1.34761	0.164315	0.48369	1.21427	0.171548
110.169	0.961294	1.08474	0.168522	0.860995	1.34815	0.164977	0.484946	1.2147	0.171329
110.419	0.962804	1.08543	0.168265	0.862284	1.34876	0.164731	0.486044	1.21512	0.170541
110.605	0.964003	1.08614	0.16813	0.86305	1.34936	0.164621	0.48705	1.21536	0.170603
110.838	0.965012	1.08686	0.168589	0.863622	1.34996	0.16485	0.48788	1.2156	0.171091
111.122	0.966239	1.0874	0.16827	0.864854	1.35068	0.164555	0.489057	1.216	0.171374
111.395	0.966883	1.08767	0.167797	0.865493	1.35098	0.164152	0.489738	1.21631	0.171219
111.636	0.967222	1.0877	0.168106	0.865874	1.351	0.164559	0.490103	1.21643	0.171023
111.865	0.967133	1.0877	0.168193	0.865999	1.351	0.164761	0.490163	1.21648	0.170941
112.122	0.96707	1.08773	0.168064	0.865782	1.35103	0.164379	0.489965	1.21642	0.171
112.417	0.966656	1.08758	0.168164	0.865291	1.35089	0.164426	0.489495	1.21625	0.171089
112.639	0.965848	1.08723	0.168311	0.864487	1.35047	0.164556	0.488734	1.216	0.171055
112.881	0.965279	1.08701	0.16829	0.863959	1.35014	0.164487	0.488123	1.2158	0.170861
113.122	0.964625	1.08659	0.168217	0.863409	1.34975	0.164595	0.487588	1.21561	0.170814
113.35	0.963887	1.0862	0.168291	0.862885	1.34942	0.164789	0.487003	1.21536	0.170881
113.59	0.963256	1.08593	0.168333	0.862397	1.34921	0.164656	0.486442	1.21515	0.170925
113.874	0.962552	1.08564	0.168252	0.861893	1.34894	0.164577	0.485858	1.21499	0.170831
114.151	0.961862	1.08532	0.168346	0.861305	1.34866	0.1647	0.48527	1.21482	0.170755
114.364	0.961197	1.08499	0.168436	0.860663	1.34831	0.164841	0.484634	1.21459	0.170669
114.604	0.960826	1.08479	0.168401	0.860144	1.34809	0.164688	0.484214	1.2144	0.170629
114.828	0.960398	1.08454	0.168396	0.859741	1.34789	0.164681	0.483815	1.21426	0.170698
115.13	0.95997	1.08431	0.168434	0.859471	1.34769	0.164723	0.483412	1.21411	0.170673
115.395	0.959617	1.08412	0.168361	0.859222	1.34752	0.164733	0.483059	1.214	0.170622
115.613	0.959297	1.08393	0.168388	0.858973	1.34738	0.16482	0.482747	1.21394	0.1706
115.856	0.958984	1.08377	0.168391	0.85876	1.34728	0.164914	0.482467	1.21388	0.17058
115.927	0.958736	1.08366	0.168384	0.858552	1.34719	0.164891	0.482283	1.21386	0.170622
116.187	0.958694	1.08365	0.168361	0.858503	1.34718	0.164871	0.482185	1.21383	0.170586
116.394	0.958316	1.08347	0.168405	0.858152	1.34703	0.164901	0.481842	1.21374	0.170582
116.624	0.958198	1.08342	0.168389	0.858072	1.34698	0.164923	0.481733	1.21373	0.170564
116.861	0.958145	1.08331	0.168581	0.857968	1.34692	0.164947	0.48165	1.2137	0.170568
117.1	0.958051	1.08334	0.168406	0.857929	1.34692	0.164931	0.481606	1.2137	0.170569
117.343	0.958025	1.08335	0.168377	0.857913	1.34692	0.164908	0.481583	1.21369	0.170566
117.609	0.95811	1.0833	0.168539	0.857944	1.34692	0.164893	0.481607	1.2137	0.170556
117.8	0.958117	1.08338	0.168422	0.857989	1.34694	0.16494	0.481645	1.21369	0.170562
118.091	0.958188	1.08338	0.168391	0.858061	1.34696	0.164941	0.481716	1.21373	0.170562
118.303	0.95829	1.08345	0.168356	0.858141	1.34702	0.164848	0.481809	1.21372	0.170557
118.592	0.958481	1.08347	0.168529	0.858238	1.34708	0.164864	0.481908	1.21375	0.170573
118.896	0.958508	1.08354	0.168338	0.858319	1.3471	0.164854	0.482012	1.21376	0.17055
119.161	0.958617	1.08361	0.168317	0.858435	1.34713	0.164859	0.482121	1.21379	0.170545
119.405	0.958726	1.08367	0.168284	0.858545	1.34721	0.164843	0.482252	1.21383	0.170557
119.7	0.958827	1.08369	0.168293	0.858601	1.34724	0.164758	0.48232	1.21385	0.170542
119.939	0.958987	1.08379	0.168322	0.8587	1.34729	0.164745	0.48246	1.21388	0.170573
120.146	0.959071	1.08382	0.168296	0.858762	1.34733	0.164732	0.48253	1.21389	0.170568
120.485	0.959144	1.08385	0.168302	0.858825	1.34734	0.16473	0.482617	1.21391	0.170566
120.735	0.959244	1.0839	0.168276	0.858939	1.34741	0.164717	0.482705	1.21392	0.170561
120.926	0.959319	1.08394	0.168313	0.858975	1.34743	0.164721	0.482764	1.21394	0.170597
121.223	0.959382	1.084	0.168316	0.858995	1.34746	0.164706	0.4828	1.21395	0.170561
121.499	0.959427	1.08401	0.168315	0.859017	1.34747	0.164695	0.482864	1.21398	0.170588
121.774	0.959449	1.08404	0.168314	0.859051	1.34747	0.164692	0.482882	1.21398	0.170591
122.015	0.959475	1.08404	0.168321	0.859066	1.34747	0.164694	0.482888	1.214	0.170589
122.299	0.959469	1.08406	0.168281	0.859062	1.34748	0.16467	0.48291	1.214	0.170589
122.599	0.959478	1.08405	0.168295	0.859057	1.34747	0.164687	0.482896	1.21398	0.170589
122.912	0.959481	1.08403	0.168338	0.85906	1.34747	0.1647	0.482885	1.21399	0.170587
123.153	0.959433	1.084	0.168361	0.859032	1.34746	0.16472	0.482847	1.21397	0.170555
123.399	0.959406	1.084	0.168329	0.859062	1.34746	0.164763	0.48281	1.21397	0.170572
123.668	0.95935	1.08397	0.168327	0.859024	1.34745	0.164734	0.482779	1.21396	0.170578
123.95	0.959335	1.08397	0.168297	0.858985	1.34744	0.164716	0.482764	1.21395	0.170576
124.205	0.95929	1.08393	0.168341	0.858948	1.34741	0.164712	0.482722	1.21395	0.170563
124.429	0.959262	1.08393	0.168305	0.858947	1.34741	0.164739	0.482687	1.21395	0.17057
124.609	0.959242	1.08392	0.168342	0.858925	1.34738	0.164763	0.482668	1.21393	0.170571
124.793	0.95922	1.0839	0.168321	0.858896	1.34738	0.164744	0.482636	1.21392	0.170553
125.059	0.959225	1.08391	0.168347	0.858895	1.34737	0.16474	0.48262	1.21393	0.170557
125.303	0.959201	1.0839	0.168309	0.858908	1.34739	0.164753	0.48264	1.21392	0.170569
125.481	0.959166	1.0839	0.168317	0.858905	1.34736	0.164747	0.48263	1.2139	0.170557
125.708	0.959199	1.08392	0.168306	0.858892	1.34736	0.164744	0.482635	1.21394	0.170575
125.961	0.959194	1.08391	0.168275	0.858884	1.34739	0.164725	0.482653	1.21393	0.170565
126.195	0.959179	1.08391	0.168281	0.858889	1.34738	0.164756	0.482658	1.21393	0.170556
126.441	0.959209	1.08391	0.168302	0.858886	1.34739	0.164723	0.482669	1.21395	0.170574
126.756	0.959195	1.08391	0.168266	0.858902	1.34741	0.16467	0.482679	1.21396	0.170568
126.98	0.959225	1.08394	0.16829	0.858918	1.34742	0.164665	0.482678	1.21395	0.17056
127.171	0.959218	1.08392	0.168282	0.858937	1.34744	0.164711	0.482687	1.21394	0.170559
127.435	0.959243	1.08396	0.16828	0.858934	1.34742	0.164687	0.482669	1.21396	0.170553
127.766	0.959276	1.08398	0.168319	0.858939	1.34742	0.164698	0.482703	1.21396	0.170552
128.028	0.959241	1.08396	0.16829	0.858925	1.34741	0.164682	0.482725	1.21398	0.170576
128.307	0.959267	1.08395	0.168308	0.85893	1.34744	0.164708	0.482707	1.21396	0.170566
128.574	0.959284	1.08395	0.168292	0.858912	1.34743	0.164709	0.482698	1.21396	0.17055
128.924	0.959248	1.08398	0.16828	0.85894	1.34745	0.16471	0.482677	1.21394	0.170563
129.157	0.959242	1.08393	0.168299	0.858906	1.34741	0.164728	0.482674	1.21394	0.170548
129.444	0.959259	1.08397	0.168293	0.858932	1.34741	0.164718	0.482667	1.21395	0.170559
129.714	0.959237	1.08393	0.168302	0.858917	1.3474	0.164717	0.482662	1.21394	0.17055
130.005	0.959246	1.08395	0.168326	0.858934	1.3474	0.164751	0.482645	1.21394	0.17056
130.285	0.959234	1.08394	0.168325	0.85892	1.34738	0.164774	0.48266	1.21394	0.170557
130.618	0.959224	1.08395	0.16831	0.858945	1.3474	0.164773	0.482673	1.21393	0.170548
130.876	0.959268	1.08393	0.168362	0.858932	1.34738	0.164759	0.482665	1.21394	0.170554
131.169	0.95923	1.08393	0.168334	0.858925	1.34737	0.164804	0.48266	1.21395	0.170575
131.425	0.959271	1.08394	0.168365	0.85894	1.34738	0.164794	0.48266	1.21392	0.170562
131.7	0.959243	1.08394	0.168326	0.858942	1.34738	0.164784	0.482663	1.21393	0.17056
131.969	0.959241	1.08394	0.168307	0.858906	1.34738	0.164758	0.482673	1.21392	0.170561
132.255	0.959249	1.08391	0.168356	0.858923	1.34737	0.164756	0.482662	1.21392	0.170541
132.576	0.959251	1.08392	0.168314	0.858933	1.34738	0.164709	0.482676	1.21392	0.170538
132.869	0.959237	1.0839	0.168341	0.85892	1.34738	0.164747	0.482667	1.21394	0.170552
133.136	0.95923	1.08391	0.168328	0.858924	1.3474	0.164731	0.482679	1.21393	0.170541
133.403	0.959241	1.08391	0.168302	0.858917	1.34738	0.16473	0.482662	1.21395	0.170541
133.685	0.959241	1.08391	0.168286	0.858899	1.34737	0.164681	0.482658	1.21393	0.170531
133.976	0.959218	1.08391	0.168298	0.858902	1.34737	0.164722	0.482669	1.21392	0.170544
134.239	0.959222	1.0839	0.168301	0.858902	1.34736	0.164684	0.482663	1.21392	0.170528
134.521	0.959225	1.08391	0.16831	0.858908	1.34736	0.164715	0.482663	1.21391	0.170512
134.808	0.959188	1.08388	0.168265	0.858903	1.34738	0.164704	0.482667	1.21393	0.170524
135.075	0.959194	1.08391	0.168284	0.858871	1.34736	0.164688	0.482669	1.21393	0.170548
135.357	0.959195	1.0839	0.168286	0.858921	1.34739	0.164699	0.482668	1.21391	0.17053
135.609	0.959195	1.08391	0.168268	0.858896	1.34738	0.164677	0.482653	1.21392	0.170537
135.964	0.959221	1.08391	0.16834	0.858914	1.34737	0.164723	0.48266	1.21391	0.170522
136.198	0.959222	1.0839	0.168327	0.858909	1.34739	0.164676	0.48266	1.21391	0.170526
136.453	0.959224	1.08391	0.168309	0.858924	1.3474	0.164724	0.482653	1.21392	0.170521
136.761	0.95922	1.08394	0.168323	0.858897	1.34735	0.16473	0.482655	1.21393	0.170523
137.014	0.959239	1.08393	0.16834	0.858915	1.34739	0.164714	0.482673	1.21392	0.17054
137.285	0.959209	1.08391	0.168298	0.858909	1.34738	0.16475	0.482686	1.21392	0.170548
137.581	0.959214	1.08391	0.168267	0.858928	1.34738	0.164742	0.482687	1.21393	0.17053
137.802	0.959223	1.08393	0.168312	0.858917	1.34739	0.164751	0.482669	1.21395	0.170541
137.964	0.959232	1.08392	0.168329	0.858909	1.34739	0.164711	0.482685	1.21394	0.170539
138.144	0.959212	1.08393	0.1683	0.858902	1.34737	0.16474	0.482676	1.21393	0.170538
138.303	0.95922	1.08393	0.168312	0.858919	1.34741	0.164723	0.482683	1.21392	0.170522
138.512	0.959217	1.08393	0.168287	0.858922	1.3474	0.164728	0.482678	1.21393	0.170545
138.687	0.959248	1.08391	0.168341	0.858898	1.34741	0.164704	0.482665	1.21391	0.170514
138.852	0.959209	1.08391	0.168259	0.858894	1.34739	0.164699	0.482682	1.21392	0.170528
139.024	0.959216	1.08393	0.168308	0.858892	1.34739	0.164687	0.482706	1.21392	0.170525
139.207	0.959214	1.08391	0.168289	0.858907	1.34738	0.164713	0.482696	1.21394	0.170545
139.367	0.959226	1.08393	0.168315	0.858916	1.3474	0.164733	0.482676	1.21391	0.170533
139.541	0.9592	1.08392	0.168262	0.858885	1.34737	0.164686	0.48268	1.21393	0.170526
139.712	0.959211	1.08393	0.168291	0.858884	1.34738	0.164703	0.48267	1.21392	0.170516
139.939	0.959213	1.08391	0.168291	0.858903	1.34738	0.16471	0.482665	1.21393	0.170546
140.16	0.959208	1.08388	0.16829	0.85892	1.3474	0.164691	0.482665	1.21393	0.170518
140.463	0.959189	1.08391	0.168272	0.858916	1.34738	0.164716	0.482657	1.21392	0.170519
140.758	0.959217	1.08391	0.168298	0.858922	1.34738	0.164711	0.482664	1.21392	0.17053
141.032	0.959214	1.0839	0.16827	0.858904	1.34739	0.164706	0.482674	1.21393	0.170523
141.222	0.959227	1.08392	0.168292	0.858919	1.34739	0.164715	0.482653	1.21391	0.170506
141.399	0.959203	1.0839	0.168305	0.858874	1.34737	0.164666	0.482656	1.21392	0.17051
141.575	0.959206	1.0839	0.168261	0.858914	1.34739	0.164698	0.482662	1.21392	0.170522
141.758	0.959235	1.08392	0.168303	0.858884	1.34738	0.164659	0.482672	1.21393	0.170514
141.943	0.959216	1.0839	0.168284	0.858914	1.3474	0.164714	0.482663	1.21393	0.170524
142.156	0.959215	1.0839	0.168274	0.858908	1.34738	0.164696	0.482679	1.21393	0.170514
142.339	0.959208	1.08388	0.168299	0.858891	1.3474	0.164722	0.482682	1.21393	0.170513
142.514	0.959236	1.0839	0.168312	0.858878	1.3474	0.164667	0.482676	1.21392	0.170502
142.691	0.959194	1.0839	0.168271	0.858873	1.3474	0.164682	0.482658	1.21392	0.170511
142.873	0.959238	1.08391	0.168335	0.85889	1.34737	0.16469	0.482683	1.21392	0.170512
143.045	0.959227	1.08393	0.16831	0.858885	1.34737	0.164722	0.482669	1.21392	0.170506
143.222	0.959222	1.0839	0.16828	0.858905	1.34738	0.164717	0.482677	1.21393	0.170508
143.443	0.959193	1.08393	0.168262	0.858893	1.3474	0.164719	0.482678	1.21391	0.170511
143.618	0.959219	1.0839	0.168295	0.858893	1.34738	0.164747	0.482686	1.21392	0.170504
143.795	0.959197	1.08393	0.168265	0.858903	1.34738	0.164736	0.482657	1.21391	0.170508
143.98	0.959223	1.08391	0.168277	0.85888	1.34737	0.164698	0.482667	1.21394	0.170525
144.168	0.959234	1.0839	0.168292	0.858895	1.34739	0.164716	0.482611	1.21395	0.170598
144.347	0.95921	1.08391	0.168273	0.858896	1.34739	0.16472	0.482618	1.21396	0.170603
144.603	0.959214	1.0839	0.16828	0.8589	1.34738	0.16471	0.482609	1.21396	0.170673
144.875	0.959233	1.08391	0.168304	0.858905	1.34739	0.164724	0.482623	1.21395	0.170625
145.043	0.959224	1.08394	0.168291	0.858864	1.34738	0.164707	0.482647	1.21397	0.170609
145.23	0.95925	1.08393	0.168301	0.85884	1.34739	0.16469	0.482699	1.21396	0.170553
145.485	0.959238	1.08391	0.168295	0.858739	1.34742	0.164666	0.482634	1.21395	0.170596
145.76	0.95924	1.0839	0.168314	0.858732	1.34746	0.164656	0.482631	1.21397	0.170608
146.062	0.959291	1.08391	0.168295	0.858688	1.34746	0.164658	0.482588	1.21398	0.170613
146.298	0.959227	1.08394	0.168226	0.858654	1.34744	0.164617	0.482574	1.214	0.170599
146.48	0.959434	1.08389	0.168272	0.858656	1.34746	0.164684	0.482529	1.21399	0.170593
146.665	0.959489	1.08387	0.168356	0.858584	1.3475	0.164764	0.482514	1.21401	0.17061
146.842	0.959505	1.08386	0.168408	0.858629	1.34748	0.164638	0.482483	1.21401	0.170586
147.007	0.959608	1.08384	0.168397	0.85868	1.34748	0.164671	0.482517	1.21401	0.170585
147.068	0.959608	1.08384	0.168397	0.85868	1.34748	0.164671	0.482517	1.21401	0.170585
147.098	0.959608	1.08384	0.168397	0.85868	1.34748	0.164671	0.482517	1.21401	0.170585
147.157	0.959608	1.08384	0.168397	0.85868	1.34748	0.164671	0.482517	1.21401	0.170585
147.245	0.959608	1.08384	0.168397	0.85868	1.34748	0.164671	0.482517	1.21401	0.170585
147.294	0.959608	1.08384	0.168397	0.85868	1.34748	0.164671	0.482517	1.21401	0.170585
147.316	0.959608	1.08384	0.168397	0.85868	1.34748	0.164671	0.482517	1.21401	0.170585
