Time      x1      y1      z1	x2	y2	z2	x3	y3	z3	x4	y4	z4
12.809	6.91192e-310	6.91192e-310	2.122e-314	3.135e-317	1.5316e-322	6.91192e-310	0	0	0
12.87	6.91192e-310	6.91192e-310	2.122e-314	3.135e-317	1.5316e-322	6.91192e-310	0	0	0
12.9	6.91192e-310	6.91192e-310	2.122e-314	3.135e-317	1.5316e-322	6.91192e-310	0	0	0
13.009	6.91192e-310	6.91192e-310	2.122e-314	3.135e-317	1.5316e-322	6.91192e-310	0	0	0
13.057	6.91192e-310	6.91192e-310	2.122e-314	3.135e-317	1.5316e-322	6.91192e-310	0	0	0
13.082	6.91192e-310	6.91192e-310	2.122e-314	3.135e-317	1.5316e-322	6.91192e-310	0	0	0
13.131	6.91192e-310	6.91192e-310	2.122e-314	3.135e-317	1.5316e-322	6.91192e-310	0	0	0
13.155	6.91192e-310	6.91192e-310	2.122e-314	3.135e-317	1.5316e-322	6.91192e-310	0	0	0
13.18	6.91192e-310	6.91192e-310	2.122e-314	3.135e-317	1.5316e-322	6.91192e-310	0	0	0
13.311	6.91192e-310	6.91192e-310	2.122e-314	3.135e-317	1.5316e-322	6.91192e-310	0	0	0
13.335	6.91192e-310	6.91192e-310	2.122e-314	3.135e-317	1.5316e-322	6.91192e-310	0	0	0
13.359	6.91192e-310	6.91192e-310	2.122e-314	3.135e-317	1.5316e-322	6.91192e-310	0	0	0
13.395	6.91192e-310	6.91192e-310	2.122e-314	3.135e-317	1.5316e-322	6.91192e-310	0	0	0
13.418	6.91192e-310	6.91192e-310	2.122e-314	3.135e-317	1.5316e-322	6.91192e-310	0	0	0
13.44	6.91192e-310	6.91192e-310	2.122e-314	3.135e-317	1.5316e-322	6.91192e-310	0	0	0
14.575	6.91192e-310	6.91192e-310	2.122e-314	3.135e-317	1.5316e-322	6.91192e-310	0	0	0
14.849	-1.75999	0.846021	0.148965	-1.74774	1.12779	0.146104	-2.14657	1.1541	0.154917
15.063	-1.76002	0.846012	0.149006	-1.74801	1.12781	0.14648	-2.14659	1.15406	0.154939
15.335	-1.76001	0.846006	0.149012	-1.74804	1.12789	0.146545	-2.14657	1.15408	0.154962
15.601	-1.75998	0.845992	0.148937	-1.74815	1.12784	0.146653	-2.14654	1.15409	0.154882
15.866	-1.75999	0.84601	0.148986	-1.74773	1.12773	0.146095	-2.14657	1.15408	0.154953
16.061	-1.76002	0.845995	0.149001	-1.74803	1.12788	0.146543	-2.14661	1.15408	0.154965
16.28	-1.75999	0.845984	0.14897	-1.74811	1.12771	0.146519	-2.14649	1.15418	0.154915
16.517	-1.75997	0.846008	0.148979	-1.74795	1.12789	0.146428	-2.14656	1.1541	0.154892
16.795	-1.76002	0.846024	0.149011	-1.74799	1.12785	0.146454	-2.1466	1.15409	0.154963
17.063	-1.76001	0.846015	0.149027	-1.74818	1.1278	0.146656	-2.14652	1.15419	0.154985
17.341	-1.75997	0.845994	0.148966	-1.74796	1.12787	0.146469	-2.1465	1.1542	0.154941
17.652	-1.75999	0.845994	0.148979	-1.74796	1.12788	0.146456	-2.14656	1.15408	0.154909
17.965	-1.76005	0.845984	0.149024	-1.74804	1.12788	0.146546	-2.14663	1.1541	0.155053
18.253	-1.75997	0.845975	0.148961	-1.74819	1.12782	0.146683	-2.14656	1.15408	0.154891
18.532	-1.75997	0.846	0.14894	-1.74814	1.12782	0.14661	-2.14653	1.15407	0.154849
18.786	-1.76003	0.846015	0.149008	-1.74799	1.1279	0.146453	-2.14655	1.15418	0.155015
19.058	-1.76005	0.846008	0.149045	-1.74814	1.12773	0.146581	-2.14662	1.15408	0.155005
19.338	-1.75999	0.84598	0.14894	-1.748	1.1279	0.146474	-2.1465	1.15419	0.154905
19.681	-1.75998	0.846006	0.148943	-1.74797	1.12786	0.146412	-2.14648	1.15418	0.15492
19.947	-1.76005	0.846017	0.149029	-1.74825	1.1279	0.146815	-2.14656	1.15418	0.15505
20.233	-1.76	0.845992	0.14896	-1.74801	1.12791	0.146486	-2.14659	1.15406	0.154928
20.501	-1.75996	0.846011	0.148885	-1.7481	1.1278	0.146504	-2.14646	1.15419	0.154866
20.773	-1.76004	0.846011	0.148991	-1.74797	1.12788	0.146419	-2.14659	1.15408	0.154955
20.952	-1.76007	0.846006	0.14905	-1.74803	1.1279	0.146513	-2.14664	1.15408	0.155044
21.086	-1.76	0.845995	0.148935	-1.74817	1.12784	0.146649	-2.14651	1.15373	0.154533
21.39	-1.75995	0.846008	0.148887	-1.74806	1.12774	0.146398	-2.14649	1.15375	0.154469
21.631	-1.76006	0.845999	0.149014	-1.74801	1.12792	0.146513	-2.14661	1.15407	0.154983
21.818	-1.76005	0.846	0.148993	-1.74801	1.12791	0.146508	-2.14652	1.15418	0.155004
22.018	-1.75997	0.845989	0.148878	-1.74805	1.12767	0.146344	-2.14651	1.15408	0.154865
22.204	-1.75998	0.846056	0.148911	-1.74796	1.1279	0.146417	-2.1466	1.15409	0.154979
22.373	-1.76007	0.845996	0.149038	-1.7478	1.12778	0.146201	-2.14656	1.15417	0.155071
22.54	-1.75996	0.845985	0.148911	-1.74792	1.12773	0.146235	-2.14656	1.15411	0.154972
22.733	-1.75991	0.846061	0.148816	-1.74771	1.12779	0.146086	-2.14641	1.15403	0.154742
22.981	-1.76004	0.846008	0.149002	-1.74779	1.12781	0.146165	-2.14686	1.15419	0.155392
23.276	-1.76006	0.84601	0.149052	-1.748	1.12776	0.146429	-2.14655	1.15417	0.155055
23.478	-1.75993	0.845988	0.148848	-1.74768	1.12776	0.146045	-2.14645	1.15379	0.154543
23.649	-1.75999	0.846012	0.148922	-1.74775	1.1278	0.146081	-2.14654	1.15411	0.154925
23.853	-1.76008	0.84601	0.149051	-1.74781	1.12779	0.146218	-2.14662	1.15407	0.155043
24.181	-1.76003	0.845967	0.148976	-1.74777	1.12781	0.14617	-2.14658	1.15409	0.15499
24.449	-1.75995	0.845992	0.148863	-1.74792	1.1278	0.146328	-2.14651	1.15411	0.154844
24.72	-1.76003	0.84601	0.148969	-1.74797	1.12781	0.146405	-2.14656	1.15409	0.154953
24.933	-1.76006	0.845982	0.148996	-1.748	1.12782	0.146435	-2.14662	1.15408	0.155023
25.15	-1.75995	0.845982	0.148858	-1.74774	1.12784	0.146111	-2.14645	1.1542	0.1549
25.44	-1.75998	0.846017	0.14889	-1.74772	1.12781	0.146086	-2.14655	1.15411	0.154934
25.772	-1.76007	0.846	0.149001	-1.74781	1.12781	0.146203	-2.14662	1.1541	0.155077
26.023	-1.76004	0.84598	0.148961	-1.74798	1.12778	0.146353	-2.1466	1.15405	0.155009
26.372	-1.75998	0.845993	0.148851	-1.74792	1.12781	0.14628	-2.14652	1.15411	0.154911
26.664	-1.76003	0.845999	0.148959	-1.74774	1.1278	0.146092	-2.14652	1.1542	0.155018
26.98	-1.76007	0.845998	0.148992	-1.74801	1.12781	0.146424	-2.14656	1.15418	0.155064
27.246	-1.76	0.845987	0.148928	-1.74796	1.12778	0.146326	-2.1465	1.15417	0.154974
27.462	-1.75993	0.84607	0.148851	-1.74772	1.12783	0.146065	-2.14647	1.15421	0.154937
27.639	-1.76005	0.846014	0.149017	-1.74778	1.12782	0.146136	-2.1466	1.15407	0.154977
27.927	-1.76005	0.845997	0.148983	-1.748	1.12783	0.14642	-2.14659	1.15408	0.155003
28.218	-1.75996	0.845988	0.148874	-1.74791	1.12773	0.146217	-2.14653	1.15407	0.154886
28.428	-1.76003	0.846001	0.148956	-1.74774	1.12782	0.146089	-2.14658	1.1541	0.154978
28.609	-1.76011	0.846013	0.149032	-1.74779	1.12782	0.146163	-2.14655	1.15418	0.155056
28.86	-1.76001	0.846001	0.148908	-1.74777	1.12782	0.146161	-2.14656	1.1541	0.154974
29.062	-1.75998	0.84602	0.148879	-1.74771	1.12782	0.146038	-2.14649	1.15411	0.154835
29.248	-1.76004	0.846014	0.148934	-1.74775	1.12782	0.146092	-2.14657	1.15409	0.154967
29.405	-1.76006	0.846011	0.148989	-1.74778	1.12776	0.146158	-2.1466	1.15408	0.155016
29.555	-1.76	0.846022	0.14889	-1.74773	1.12781	0.146082	-2.14653	1.1541	0.154905
29.71	-1.76001	0.846042	0.148918	-1.74772	1.12783	0.146042	-2.14653	1.1541	0.154911
29.869	-1.76008	0.846031	0.148987	-1.7478	1.12783	0.146172	-2.14658	1.15407	0.154995
30.019	-1.76006	0.846015	0.148961	-1.74779	1.12783	0.146152	-2.14656	1.15364	0.15458
30.197	-1.75999	0.846035	0.14887	-1.7477	1.12779	0.146007	-2.14652	1.15408	0.154828
30.415	-1.76003	0.846036	0.148932	-1.74775	1.12779	0.146051	-2.14647	1.15419	0.154903
30.589	-1.76006	0.846024	0.148971	-1.74805	1.12793	0.146516	-2.14662	1.15408	0.155063
30.765	-1.76001	0.846024	0.148934	-1.74795	1.12775	0.146287	-2.14648	1.15419	0.15496
30.978	-1.75999	0.846038	0.148863	-1.7477	1.12773	0.14602	-2.14653	1.15409	0.154936
31.206	-1.76006	0.846028	0.148983	-1.74803	1.12793	0.146485	-2.14656	1.15407	0.154944
31.385	-1.76008	0.846019	0.149012	-1.74805	1.12795	0.146524	-2.1466	1.15411	0.155047
31.639	-1.76002	0.846033	0.148922	-1.74799	1.12793	0.146426	-2.14681	1.15419	0.155298
31.825	-1.76003	0.846033	0.148928	-1.74798	1.12794	0.146399	-2.14658	1.15411	0.154948
31.981	-1.76008	0.846034	0.149037	-1.74824	1.1279	0.146721	-2.14662	1.1541	0.155039
32.14	-1.76003	0.846018	0.148975	-1.74801	1.12794	0.146454	-2.14647	1.1538	0.154602
32.291	-1.76002	0.846022	0.148932	-1.74797	1.12794	0.146416	-2.14656	1.15409	0.154901
32.542	-1.76005	0.846023	0.148994	-1.7482	1.12789	0.146679	-2.14659	1.1541	0.154985
32.806	-1.76005	0.846021	0.148992	-1.74819	1.12783	0.146654	-2.1466	1.15409	0.154991
32.983	-1.75999	0.846022	0.148945	-1.74807	1.12776	0.146433	-2.14648	1.15419	0.154919
33.193	-1.75999	0.846029	0.148953	-1.74773	1.12775	0.146074	-2.1465	1.15419	0.154926
33.367	-1.76006	0.846039	0.149041	-1.74798	1.1278	0.146394	-2.14662	1.15408	0.155035
33.516	-1.76003	0.846005	0.148993	-1.74795	1.12773	0.14631	-2.14659	1.1541	0.155
33.735	-1.75996	0.846023	0.148909	-1.74794	1.1278	0.146356	-2.14653	1.1541	0.154874
33.995	-1.76003	0.846034	0.148953	-1.74796	1.1278	0.146396	-2.14656	1.15409	0.154928
34.175	-1.76004	0.846024	0.148989	-1.74799	1.12777	0.146417	-2.1466	1.1541	0.155002
34.397	-1.75998	0.846034	0.14895	-1.74796	1.12785	0.146403	-2.14647	1.15357	0.154519
34.539	-1.76	0.84603	0.148929	-1.7477	1.12777	0.146046	-2.14653	1.15411	0.154882
34.672	-1.76005	0.84605	0.14903	-1.7478	1.1278	0.146154	-2.14652	1.15419	0.155005
34.804	-1.76003	0.846038	0.148968	-1.74799	1.12779	0.146403	-2.14657	1.15411	0.154939
34.931	-1.75996	0.84602	0.148893	-1.74772	1.12781	0.14606	-2.14654	1.1541	0.154894
35.175	-1.76003	0.846053	0.148986	-1.74774	1.1278	0.146085	-2.14656	1.15412	0.15494
35.395	-1.76004	0.846041	0.149035	-1.74801	1.12782	0.146442	-2.1466	1.15409	0.15497
35.555	-1.75999	0.846061	0.148943	-1.74773	1.12779	0.146079	-2.14677	1.15422	0.155239
35.755	-1.75999	0.846062	0.148927	-1.74771	1.12782	0.146055	-2.14653	1.1541	0.154892
35.963	-1.76006	0.846056	0.149014	-1.74781	1.1278	0.146137	-2.14661	1.15409	0.155049
36.246	-1.76004	0.846035	0.148959	-1.74778	1.12783	0.146141	-2.14652	1.15419	0.155043
36.404	-1.76	0.84605	0.148904	-1.74774	1.12784	0.146065	-2.14653	1.15411	0.154947
36.52	-1.75998	0.846057	0.148923	-1.74796	1.12782	0.146387	-2.14652	1.15409	0.154889
36.826	-1.76005	0.846039	0.148984	-1.74773	1.12781	0.146082	-2.14657	1.15413	0.154963
37.059	-1.76001	0.846056	0.148934	-1.74775	1.12782	0.146083	-2.14654	1.15413	0.154959
37.303	-1.76001	0.846068	0.148944	-1.74773	1.12784	0.14607	-2.14657	1.15414	0.154989
37.549	-1.75985	0.845981	0.148656	-1.74781	1.12786	0.146174	-2.1466	1.15412	0.155034
37.807	-1.75979	0.845961	0.14859	-1.74778	1.12786	0.146141	-2.14657	1.15414	0.15501
38.068	-1.75978	0.845959	0.14853	-1.74772	1.12783	0.146016	-2.14627	1.15419	0.154789
38.344	-1.76007	0.846091	0.149007	-1.74775	1.12785	0.146109	-2.14656	1.15415	0.154979
38.541	-1.75985	0.84596	0.148638	-1.74779	1.12785	0.146153	-2.14653	1.15423	0.155023
38.769	-1.76001	0.846055	0.148937	-1.74776	1.12785	0.146088	-2.14651	1.15379	0.154589
39.052	-1.76	0.846096	0.148907	-1.74773	1.12787	0.146056	-2.14651	1.15415	0.154874
39.284	-1.75993	0.84598	0.148632	-1.74781	1.12789	0.146164	-2.14654	1.15425	0.155065
39.517	-1.75981	0.84599	0.148604	-1.74777	1.12786	0.146145	-2.14658	1.15415	0.155005
39.734	-1.75999	0.846056	0.148862	-1.74796	1.12786	0.146354	-2.14653	1.15415	0.154941
39.97	-1.75982	0.845986	0.148587	-1.74776	1.12785	0.146069	-2.14648	1.15424	0.154954
40.189	-1.75993	0.845987	0.148623	-1.74782	1.12784	0.146143	-2.14661	1.15416	0.155093
40.435	-1.75986	0.84595	0.148566	-1.74793	1.12772	0.146189	-2.14647	1.15382	0.154571
40.688	-1.76001	0.846068	0.148894	-1.74771	1.12783	0.146022	-2.14651	1.15415	0.154883
40.931	-1.76009	0.846082	0.14899	-1.74779	1.12784	0.146097	-2.14659	1.15412	0.155008
41.098	-1.75983	0.845971	0.148603	-1.74782	1.12787	0.146155	-2.14662	1.15412	0.155071
41.251	-1.75999	0.846088	0.148875	-1.74792	1.12777	0.146186	-2.1465	1.15375	0.154525
41.404	-1.76004	0.846086	0.148909	-1.74776	1.12783	0.146066	-2.14653	1.15414	0.154954
41.606	-1.76012	0.84609	0.14904	-1.74807	1.1279	0.146514	-2.1466	1.1541	0.155051
41.92	-1.76004	0.846071	0.148931	-1.7478	1.12785	0.146132	-2.14654	1.15373	0.154588
42.121	-1.76001	0.846088	0.148889	-1.74774	1.12786	0.146038	-2.1465	1.15408	0.154904
42.296	-1.76009	0.846082	0.14896	-1.74801	1.12788	0.146389	-2.14658	1.1541	0.154984
42.472	-1.76011	0.846089	0.149008	-1.74784	1.12785	0.146212	-2.14655	1.1542	0.155098
42.697	-1.76003	0.846072	0.14889	-1.74792	1.12771	0.146176	-2.14652	1.15376	0.154575
42.885	-1.76003	0.846086	0.148878	-1.74772	1.12786	0.145992	-2.14654	1.15413	0.154902
43.067	-1.76009	0.846071	0.148969	-1.7478	1.12778	0.146142	-2.1466	1.15408	0.155034
43.245	-1.76007	0.846074	0.148944	-1.74826	1.12788	0.146772	-2.14654	1.15378	0.154655
43.465	-1.76	0.846079	0.148851	-1.74794	1.1278	0.14627	-2.14653	1.15412	0.154879
43.696	-1.76004	0.846083	0.14891	-1.74774	1.12783	0.146056	-2.14653	1.15412	0.154928
43.894	-1.7601	0.846069	0.14899	-1.74805	1.12799	0.146495	-2.14662	1.15409	0.155067
44.19	-1.76004	0.846051	0.148916	-1.74823	1.12793	0.146703	-2.14656	1.1541	0.154954
44.392	-1.76003	0.846059	0.14885	-1.74818	1.12791	0.14662	-2.14647	1.15424	0.154935
44.618	-1.76007	0.846059	0.148937	-1.74806	1.12799	0.146533	-2.14651	1.15421	0.155036
44.846	-1.76006	0.846053	0.148935	-1.74825	1.12785	0.146747	-2.14659	1.1541	0.155026
45.063	-1.76002	0.846058	0.148874	-1.74808	1.12796	0.146554	-2.14647	1.15421	0.154956
45.264	-1.76001	0.846084	0.148856	-1.74801	1.12792	0.146477	-2.14647	1.15423	0.154934
45.491	-1.76009	0.846073	0.14897	-1.74812	1.12796	0.146654	-2.14657	1.1541	0.154995
45.727	-1.76006	0.846055	0.148964	-1.74807	1.12797	0.146549	-2.14658	1.1541	0.155003
45.927	-1.75978	0.845951	0.1485	-1.74798	1.12796	0.146407	-2.14652	1.1541	0.154913
46.114	-1.75986	0.845921	0.148482	-1.74802	1.1279	0.146462	-2.14655	1.15414	0.154993
46.297	-1.76008	0.846032	0.148996	-1.74827	1.12784	0.146831	-2.14655	1.15421	0.155071
46.474	-1.75973	0.845951	0.148507	-1.74808	1.12788	0.146607	-2.14649	1.15429	0.155066
46.668	-1.75997	0.846087	0.148879	-1.74821	1.12782	0.146753	-2.14655	1.15423	0.155004
46.955	-1.76007	0.846052	0.148984	-1.74806	1.12786	0.146582	-2.14657	1.15418	0.155043
47.135	-1.76005	0.846035	0.148986	-1.74807	1.12788	0.146628	-2.14657	1.15417	0.155073
47.32	-1.75994	0.846084	0.148841	-1.74799	1.12784	0.146505	-2.14653	1.15418	0.154993
47.497	-1.75997	0.846085	0.148914	-1.74801	1.12781	0.146558	-2.14649	1.15426	0.155031
47.722	-1.76003	0.84601	0.149025	-1.74806	1.1278	0.14664	-2.14659	1.15414	0.155095
47.999	-1.76001	0.846022	0.148997	-1.74804	1.1278	0.146599	-2.14647	1.15429	0.155064
48.238	-1.75994	0.846104	0.148906	-1.74798	1.12779	0.146527	-2.14652	1.1542	0.154992
48.443	-1.75979	0.845911	0.148538	-1.74803	1.12779	0.146589	-2.14658	1.15416	0.155073
48.628	-1.75981	0.845853	0.148558	-1.74823	1.12775	0.146875	-2.14658	1.15418	0.155076
48.804	-1.75977	0.845838	0.1485	-1.74798	1.12776	0.146528	-2.14644	1.15429	0.155002
48.99	-1.75978	0.845867	0.148491	-1.74797	1.12776	0.146535	-2.14651	1.15419	0.154995
49.211	-1.75983	0.84587	0.148591	-1.74807	1.12777	0.146655	-2.14659	1.15415	0.155104
49.44	-1.75974	0.845816	0.148444	-1.74818	1.12764	0.146763	-2.14657	1.15416	0.155062
49.642	-1.75971	0.845889	0.148428	-1.74796	1.12777	0.146487	-2.14651	1.15419	0.154943
49.831	-1.75978	0.845879	0.148534	-1.748	1.12778	0.146555	-2.14678	1.15428	0.155359
49.981	-1.75979	0.84587	0.148519	-1.74807	1.12779	0.146631	-2.14659	1.15419	0.155128
50.132	-1.75971	0.84587	0.148432	-1.74806	1.12762	0.146502	-2.14675	1.15428	0.155348
50.293	-1.75972	0.845888	0.148443	-1.74819	1.12772	0.146861	-2.14651	1.15419	0.15501
50.514	-1.75982	0.845854	0.148613	-1.74806	1.12777	0.146684	-2.1465	1.15427	0.155101
50.676	-1.75983	0.845843	0.148609	-1.74823	1.12771	0.146902	-2.14655	1.15419	0.155056
50.84	-1.75995	0.846015	0.148963	-1.74816	1.12772	0.146796	-2.14642	1.15429	0.154969
51.018	-1.75974	0.845866	0.148643	-1.74821	1.12776	0.146902	-2.14655	1.15417	0.155005
51.22	-1.76002	0.846005	0.149077	-1.74809	1.12777	0.146771	-2.14652	1.15428	0.155161
51.456	-1.75999	0.845986	0.149002	-1.74823	1.12773	0.146922	-2.14646	1.15428	0.155072
51.671	-1.75997	0.846023	0.148995	-1.74816	1.12772	0.146812	-2.14652	1.15418	0.155009
51.936	-1.76002	0.846031	0.149053	-1.74802	1.12775	0.146637	-2.14647	1.15428	0.155059
52.161	-1.76003	0.845987	0.149066	-1.74806	1.12773	0.14672	-2.14658	1.15419	0.155124
52.376	-1.75995	0.845985	0.148982	-1.74816	1.12773	0.146859	-2.14645	1.1543	0.155023
52.552	-1.75999	0.846009	0.149017	-1.74815	1.12769	0.146805	-2.14653	1.15419	0.155045
52.75	-1.76004	0.846017	0.149094	-1.74805	1.12772	0.146663	-2.14657	1.15416	0.155093
52.92	-1.75999	0.846028	0.149005	-1.74801	1.12775	0.146619	-2.14674	1.15428	0.155317
53.177	-1.75998	0.846002	0.148965	-1.74796	1.12771	0.146524	-2.14652	1.15419	0.154987
53.34	-1.7598	0.845892	0.148663	-1.74819	1.12769	0.146837	-2.14658	1.15417	0.15507
53.566	-1.75981	0.845855	0.148484	-1.74813	1.12757	0.146658	-2.14654	1.15418	0.155041
53.8	-1.75976	0.845886	0.148381	-1.74799	1.12777	0.146569	-2.14652	1.15418	0.155002
53.996	-1.75974	0.845912	0.148441	-1.748	1.12776	0.14656	-2.14653	1.15418	0.15498
54.252	-1.75982	0.845912	0.148463	-1.74807	1.12778	0.146682	-2.1465	1.15428	0.155104
54.459	-1.75974	0.845915	0.148426	-1.74805	1.1278	0.146646	-2.14645	1.15429	0.15506
54.628	-1.7598	0.845938	0.148391	-1.74801	1.12781	0.146581	-2.14646	1.1543	0.155045
54.837	-1.75982	0.845905	0.148392	-1.74804	1.12781	0.146635	-2.14655	1.15418	0.155054
55.049	-1.75975	0.845974	0.148318	-1.74822	1.12775	0.146819	-2.14655	1.15418	0.15505
55.216	-1.75983	0.845911	0.148457	-1.74813	1.12765	0.146588	-2.14672	1.15431	0.155297
55.371	-1.76006	0.846073	0.14892	-1.74805	1.12785	0.146614	-2.14644	1.15389	0.154629
55.631	-1.75983	0.845929	0.148369	-1.7481	1.12789	0.146683	-2.14649	1.15429	0.155109
55.863	-1.75974	0.845961	0.148374	-1.74822	1.12781	0.146768	-2.1463	1.15422	0.154904
56.073	-1.76003	0.846092	0.148831	-1.74803	1.12787	0.146538	-2.14642	1.15433	0.154994
56.233	-1.76004	0.846133	0.14884	-1.74809	1.1279	0.146639	-2.14648	1.15432	0.155135
56.507	-1.76009	0.846085	0.148887	-1.74823	1.12777	0.146737	-2.14646	1.15432	0.15509
56.788	-1.76005	0.846096	0.148809	-1.74812	1.12766	0.146449	-2.14664	1.15442	0.15534
56.947	-1.76008	0.846108	0.148816	-1.74807	1.12793	0.146567	-2.14653	1.15421	0.15503
57.174	-1.76013	0.846104	0.148873	-1.74815	1.12793	0.146683	-2.14656	1.15422	0.155114
57.388	-1.76009	0.84609	0.148781	-1.74825	1.12786	0.146821	-2.14647	1.15433	0.155092
57.58	-1.76008	0.846117	0.148769	-1.74822	1.12787	0.14671	-2.14629	1.15425	0.154906
57.928	-1.76019	0.846099	0.149006	-1.74815	1.12791	0.146764	-2.14649	1.15437	0.155036
58.217	-1.75973	0.846094	0.149189	-1.74776	1.12789	0.146905	-2.14605	1.15405	0.154406
58.523	-1.75849	0.845861	0.148532	-1.74678	1.12772	0.14686	-2.14519	1.15413	0.154298
58.75	-1.75756	0.845874	0.148531	-1.74569	1.12775	0.146458	-2.14423	1.15393	0.154809
58.958	-1.75651	0.845847	0.148845	-1.74475	1.12778	0.146735	-2.1432	1.15384	0.155256
59.172	-1.7553	0.845774	0.148986	-1.74346	1.12763	0.146576	-2.14208	1.15367	0.155061
59.458	-1.75401	0.845659	0.14876	-1.74202	1.12743	0.146507	-2.14079	1.15356	0.154742
59.665	-1.75262	0.845733	0.149303	-1.74056	1.12741	0.146512	-2.1394	1.15368	0.155054
59.848	-1.75156	0.84572	0.149546	-1.73955	1.1274	0.146744	-2.13841	1.15358	0.155257
60.038	-1.75007	0.845419	0.149182	-1.73838	1.12736	0.146986	-2.13684	1.1538	0.155342
60.25	-1.74837	0.845297	0.148839	-1.73678	1.12704	0.146114	-2.13549	1.1535	0.154833
60.493	-1.7472	0.845131	0.148726	-1.7353	1.12708	0.146198	-2.13419	1.15345	0.155322
60.722	-1.74587	0.845078	0.149288	-1.734	1.12703	0.146528	-2.13294	1.15329	0.155532
61.021	-1.74356	0.845225	0.149681	-1.73214	1.12703	0.146289	-2.13112	1.15319	0.155249
61.257	-1.74194	0.845043	0.149177	-1.72956	1.12681	0.14581	-2.12892	1.15293	0.155314
61.506	-1.7403	0.84491	0.149119	-1.72874	1.12673	0.146799	-2.12717	1.15293	0.155807
61.69	-1.73865	0.845122	0.149747	-1.72693	1.12678	0.146908	-2.12547	1.15276	0.155682
61.892	-1.73634	0.845009	0.149321	-1.72473	1.12689	0.146811	-2.12338	1.15229	0.154896
62.122	-1.7343	0.844854	0.149102	-1.72268	1.12658	0.147102	-2.12119	1.15241	0.154873
62.353	-1.73116	0.844687	0.149364	-1.71971	1.12671	0.147264	-2.11808	1.15229	0.155423
62.557	-1.72852	0.844492	0.149042	-1.71645	1.12646	0.145928	-2.11538	1.1524	0.155774
62.791	-1.72654	0.844411	0.149527	-1.7144	1.12642	0.146003	-2.11328	1.15189	0.155493
62.979	-1.72246	0.844732	0.1499	-1.71103	1.12655	0.146952	-2.10946	1.15204	0.155209
63.169	-1.71919	0.844621	0.149663	-1.70775	1.12631	0.146836	-2.10651	1.15198	0.155307
63.414	-1.71603	0.844559	0.150025	-1.70457	1.12621	0.146937	-2.10315	1.15183	0.155483
63.597	-1.71128	0.843963	0.149764	-1.69973	1.12574	0.146419	-2.09844	1.15115	0.154943
63.792	-1.70744	0.843757	0.149619	-1.69596	1.12549	0.146577	-2.09467	1.15132	0.155251
63.99	-1.70377	0.843884	0.150322	-1.69193	1.12515	0.14657	-2.09068	1.15131	0.155186
64.203	-1.70002	0.843703	0.151009	-1.68812	1.12526	0.14713	-2.0868	1.15085	0.155171
64.48	-1.69551	0.843574	0.150678	-1.68346	1.12496	0.146835	-2.08244	1.15068	0.155253
64.726	-1.68965	0.842679	0.150194	-1.67843	1.12487	0.147658	-2.07697	1.15049	0.155104
64.93	-1.68496	0.842619	0.150679	-1.67312	1.12447	0.147155	-2.07221	1.1505	0.154795
65.133	-1.68014	0.842206	0.150347	-1.66847	1.12441	0.147328	-2.06775	1.14978	0.154851
65.341	-1.67495	0.842677	0.150922	-1.66406	1.1244	0.148102	-2.06252	1.14989	0.155222
65.52	-1.67006	0.8422	0.150996	-1.65863	1.12416	0.148013	-2.05749	1.14911	0.154893
65.727	-1.66479	0.842175	0.151277	-1.65357	1.12367	0.148172	-2.05187	1.14907	0.154899
65.972	-1.65904	0.841858	0.151047	-1.64825	1.12362	0.148052	-2.04646	1.14863	0.15447
66.193	-1.65322	0.841677	0.151036	-1.64229	1.12342	0.147716	-2.04079	1.14771	0.154475
66.371	-1.64512	0.840943	0.150111	-1.634	1.12266	0.14701	-2.03301	1.14817	0.154989
66.557	-1.63911	0.840558	0.150246	-1.62788	1.12256	0.147655	-2.02675	1.14717	0.154506
66.694	-1.63277	0.840573	0.150658	-1.62149	1.12229	0.147846	-2.02068	1.14695	0.154923
66.935	-1.62669	0.840614	0.151301	-1.6157	1.12214	0.148533	-2.01426	1.14681	0.154846
67.162	-1.61957	0.839735	0.150418	-1.60858	1.1216	0.147861	-2.00786	1.14634	0.154873
67.365	-1.61295	0.839579	0.150928	-1.60219	1.12149	0.148582	-2.0006	1.14619	0.154947
67.537	-1.60402	0.839343	0.15102	-1.59341	1.12101	0.148335	-1.99199	1.14576	0.15469
67.721	-1.597	0.838953	0.151073	-1.58627	1.12042	0.148288	-1.98522	1.14463	0.154382
67.956	-1.58976	0.838722	0.151252	-1.57897	1.12016	0.147934	-1.97826	1.14429	0.154553
68.201	-1.58246	0.838625	0.151846	-1.57231	1.11999	0.148785	-1.97079	1.14393	0.154225
68.405	-1.57244	0.837746	0.15143	-1.56218	1.11985	0.148242	-1.96141	1.14386	0.154372
68.577	-1.56525	0.837828	0.152315	-1.55455	1.11949	0.148047	-1.95372	1.14337	0.154203
68.778	-1.55766	0.837406	0.15291	-1.54718	1.11917	0.148561	-1.94611	1.14285	0.154034
68.98	-1.54941	0.837018	0.152646	-1.53885	1.119	0.148555	-1.93822	1.14217	0.154149
69.248	-1.54091	0.836462	0.152294	-1.53099	1.11841	0.148685	-1.93018	1.14149	0.153747
69.54	-1.53307	0.836335	0.152998	-1.52275	1.11786	0.148768	-1.92256	1.14092	0.154625
69.753	-1.5226	0.835468	0.152911	-1.51279	1.1175	0.149475	-1.91224	1.1406	0.155065
69.951	-1.51397	0.834963	0.152854	-1.50436	1.11682	0.149449	-1.9038	1.13987	0.155122
70.156	-1.50537	0.834448	0.152952	-1.49554	1.11627	0.14962	-1.89486	1.13899	0.154427
70.316	-1.49666	0.83393	0.15326	-1.48744	1.11602	0.150864	-1.88602	1.13856	0.15405
70.467	-1.4879	0.833782	0.15359	-1.4778	1.11553	0.14982	-1.87736	1.13785	0.154238
70.617	-1.47831	0.832989	0.153354	-1.46954	1.11511	0.150962	-1.86801	1.13743	0.154557
70.801	-1.46909	0.832599	0.153487	-1.45959	1.11434	0.15046	-1.859	1.13718	0.15507
71.085	-1.46002	0.832267	0.153851	-1.45085	1.11386	0.151274	-1.84993	1.13689	0.155426
71.257	-1.44829	0.831454	0.153855	-1.43832	1.11327	0.151107	-1.83817	1.13593	0.155209
71.411	-1.43834	0.830859	0.153504	-1.42931	1.11301	0.151642	-1.8279	1.13568	0.155202
71.559	-1.42849	0.830675	0.153475	-1.41912	1.1125	0.150859	-1.818	1.13522	0.155467
71.729	-1.418	0.830012	0.15292	-1.40849	1.11191	0.150372	-1.80794	1.13452	0.155958
71.936	-1.40551	0.829356	0.15277	-1.39571	1.11116	0.15035	-1.79522	1.13361	0.156409
72.203	-1.39535	0.828659	0.152295	-1.38536	1.11052	0.150263	-1.78516	1.13358	0.156926
72.481	-1.38479	0.828152	0.153005	-1.37501	1.10998	0.150359	-1.77476	1.13353	0.156972
72.691	-1.37452	0.827702	0.153225	-1.36412	1.1095	0.150103	-1.76377	1.13305	0.155748
72.868	-1.36343	0.827199	0.153169	-1.35332	1.10942	0.149623	-1.75354	1.13337	0.157738
73.044	-1.35259	0.827013	0.153186	-1.34253	1.10895	0.149738	-1.74255	1.13253	0.157893
73.324	-1.3419	0.826594	0.153304	-1.33176	1.10852	0.149746	-1.73191	1.13182	0.158665
73.528	-1.3279	0.826101	0.153219	-1.31825	1.1083	0.149956	-1.71771	1.13046	0.156208
73.803	-1.31977	0.825614	0.153859	-1.30988	1.10789	0.15057	-1.70969	1.13056	0.156535
74.014	-1.30568	0.825026	0.154568	-1.29571	1.10701	0.150543	-1.69569	1.12971	0.156748
74.21	-1.29414	0.824352	0.154232	-1.28461	1.10641	0.150586	-1.68406	1.1289	0.157121
74.476	-1.28274	0.823709	0.153426	-1.27287	1.10578	0.150782	-1.67247	1.12837	0.157734
74.664	-1.26795	0.822876	0.152998	-1.25837	1.10509	0.15033	-1.65805	1.12768	0.158098
74.892	-1.25623	0.822497	0.153288	-1.24778	1.10463	0.151639	-1.64629	1.12737	0.158664
75.127	-1.2447	0.822106	0.153324	-1.23476	1.10365	0.1503	-1.63489	1.12626	0.158298
75.295	-1.23227	0.821088	0.152767	-1.2224	1.10311	0.150426	-1.6223	1.12602	0.158497
75.455	-1.22012	0.820339	0.152588	-1.21047	1.10227	0.150642	-1.61032	1.12562	0.158753
75.696	-1.20814	0.819853	0.153055	-1.19888	1.10201	0.151417	-1.59889	1.12468	0.158871
76.026	-1.19568	0.819612	0.153218	-1.18614	1.10151	0.150153	-1.58574	1.12444	0.158737
76.196	-1.1801	0.819138	0.153753	-1.17056	1.10092	0.14966	-1.57041	1.12342	0.158071
76.525	-1.17053	0.818809	0.153599	-1.16134	1.1007	0.149952	-1.56121	1.123	0.157853
76.728	-1.15499	0.818138	0.153758	-1.14597	1.10012	0.150354	-1.54594	1.12192	0.158879
76.995	-1.14546	0.817768	0.15393	-1.13665	1.09938	0.150287	-1.53667	1.12138	0.159301
77.087	-1.12952	0.816562	0.153519	-1.12098	1.09864	0.151043	-1.52075	1.12037	0.159676
77.18	-1.12041	0.816067	0.154202	-1.11166	1.09803	0.151162	-1.51153	1.11944	0.159322
77.335	-1.10145	0.814855	0.154409	-1.09338	1.09687	0.151934	-1.49253	1.11811	0.159051
77.487	-1.08896	0.814248	0.154654	-1.08021	1.09594	0.151511	-1.47979	1.11708	0.159064
77.709	-1.07601	0.813647	0.154981	-1.06754	1.09553	0.151991	-1.46727	1.11642	0.159619
77.848	-1.06357	0.812709	0.154601	-1.05501	1.09471	0.152233	-1.45456	1.11558	0.160038
77.949	-1.05044	0.812108	0.153962	-1.04194	1.09408	0.151683	-1.44195	1.1149	0.160353
78.123	-1.03722	0.811564	0.153632	-1.02979	1.09354	0.151773	-1.42853	1.11408	0.16003
78.413	-1.02154	0.81056	0.15384	-1.01295	1.09258	0.15122	-1.4128	1.11333	0.160758
78.631	-1.00812	0.810066	0.153469	-1.00051	1.09191	0.151673	-1.39915	1.11265	0.160211
78.847	-0.994923	0.809305	0.153231	-0.987873	1.09136	0.152037	-1.38633	1.11225	0.159957
79.036	-0.981891	0.808914	0.15351	-0.974702	1.09092	0.151869	-1.37366	1.11184	0.160916
79.179	-0.969	0.808474	0.153876	-0.961922	1.09035	0.152106	-1.36006	1.11122	0.16064
79.332	-0.952194	0.807971	0.153557	-0.945741	1.09018	0.152253	-1.34343	1.11069	0.160113
79.46	-0.939398	0.807445	0.153406	-0.932806	1.08984	0.15218	-1.3305	1.11004	0.159573
79.643	-0.926342	0.806778	0.154188	-0.919778	1.08916	0.152749	-1.31738	1.10948	0.159251
79.834	-0.913106	0.806274	0.154502	-0.906592	1.08846	0.152934	-1.30405	1.10875	0.158932
79.963	-0.89982	0.805704	0.154065	-0.893271	1.08791	0.15268	-1.29069	1.1077	0.159016
80.092	-0.886261	0.805006	0.153062	-0.879707	1.08727	0.152235	-1.27726	1.10673	0.159211
80.249	-0.873426	0.804484	0.153874	-0.866119	1.08662	0.152156	-1.26345	1.10649	0.159893
80.371	-0.856867	0.803645	0.153862	-0.849551	1.08573	0.152022	-1.24665	1.10551	0.159815
80.497	-0.843385	0.80285	0.153599	-0.836074	1.08479	0.151737	-1.23353	1.10475	0.159617
80.682	-0.830036	0.80237	0.154031	-0.822401	1.08427	0.152341	-1.22016	1.10382	0.159681
80.934	-0.816638	0.801646	0.154491	-0.809485	1.08394	0.152379	-1.20699	1.10345	0.159987
81.188	-0.803266	0.801455	0.15526	-0.796121	1.08366	0.152096	-1.19373	1.10313	0.159598
81.435	-0.789741	0.801264	0.155162	-0.782705	1.08301	0.151515	-1.18016	1.10238	0.159551
81.563	-0.772909	0.800523	0.154926	-0.766215	1.08245	0.151591	-1.16346	1.10098	0.159662
81.693	-0.759335	0.799839	0.155006	-0.752831	1.0819	0.151961	-1.15038	1.10029	0.160121
81.897	-0.746038	0.798993	0.155487	-0.739412	1.08122	0.152525	-1.13708	1.09948	0.160095
82.171	-0.73265	0.798236	0.155396	-0.725959	1.08045	0.152581	-1.12364	1.09867	0.16008
82.464	-0.719266	0.797653	0.155406	-0.712684	1.07984	0.152718	-1.11086	1.09765	0.160842
82.744	-0.702222	0.796748	0.155403	-0.696064	1.07905	0.153246	-1.09385	1.09653	0.160352
83.013	-0.688824	0.796022	0.15521	-0.682676	1.07829	0.15327	-1.08035	1.09575	0.160785
83.164	-0.675324	0.795102	0.154614	-0.669263	1.07753	0.15284	-1.06719	1.09494	0.161113
83.373	-0.665354	0.794742	0.154597	-0.659283	1.07723	0.152875	-1.05695	1.09468	0.161256
83.504	-0.648738	0.794057	0.154225	-0.642791	1.07651	0.152812	-1.04027	1.09371	0.161197
83.656	-0.635435	0.793553	0.15426	-0.629386	1.07577	0.152901	-1.0268	1.09316	0.161186
83.8	-0.619031	0.793054	0.154677	-0.612773	1.07519	0.152575	-1.01066	1.09277	0.160821
83.919	-0.605757	0.792512	0.15484	-0.599753	1.07486	0.152412	-0.997266	1.09249	0.161131
84.13	-0.592932	0.791905	0.155201	-0.586454	1.0745	0.152774	-0.983518	1.09232	0.160994
84.409	-0.579587	0.791822	0.155046	-0.573245	1.07399	0.152665	-0.970974	1.09177	0.160925
84.672	-0.566559	0.791615	0.155213	-0.560423	1.07364	0.152586	-0.958554	1.09128	0.160914
84.86	-0.553732	0.791124	0.155894	-0.547565	1.07325	0.153081	-0.945966	1.09089	0.160194
85.154	-0.540871	0.79078	0.156543	-0.535112	1.07288	0.1536	-0.933811	1.09017	0.160714
85.31	-0.524733	0.789952	0.155833	-0.519086	1.07216	0.153746	-0.918091	1.0895	0.161064
85.434	-0.511715	0.789262	0.155316	-0.506268	1.07152	0.153589	-0.905284	1.08864	0.161231
85.606	-0.499154	0.788892	0.155303	-0.493699	1.07091	0.153677	-0.892672	1.08774	0.161568
85.797	-0.486667	0.788228	0.155092	-0.481112	1.07029	0.15354	-0.880172	1.087	0.161393
86.073	-0.474136	0.787656	0.155116	-0.468642	1.06984	0.153373	-0.867485	1.08674	0.161327
86.43	-0.461669	0.786989	0.155161	-0.456169	1.06912	0.153483	-0.855135	1.08625	0.161528
86.671	-0.446665	0.786258	0.156048	-0.440904	1.06839	0.154083	-0.839951	1.0856	0.161169
86.925	-0.434399	0.786181	0.156697	-0.428691	1.06839	0.153993	-0.827931	1.08513	0.160929
87.179	-0.422001	0.786115	0.15685	-0.416508	1.06843	0.153783	-0.815468	1.08494	0.160646
87.424	-0.409771	0.785691	0.156853	-0.40451	1.06802	0.153721	-0.803357	1.08438	0.160337
87.622	-0.397699	0.785169	0.157091	-0.392656	1.06783	0.154117	-0.791459	1.08375	0.160902
87.854	-0.385458	0.784834	0.157171	-0.380771	1.06706	0.1545	-0.779517	1.08292	0.161049
88.088	-0.370938	0.783865	0.157779	-0.366111	1.06617	0.15538	-0.764946	1.08177	0.161513
88.373	-0.359245	0.78301	0.157579	-0.354549	1.06551	0.155744	-0.753406	1.08102	0.161499
88.615	-0.347703	0.782447	0.157898	-0.342845	1.06498	0.155951	-0.741853	1.08031	0.161028
88.844	-0.336058	0.782069	0.158174	-0.331258	1.06462	0.155888	-0.730466	1.07991	0.16139
89.111	-0.32443	0.781745	0.158316	-0.320094	1.06407	0.156284	-0.718976	1.07956	0.161599
89.339	-0.313312	0.781366	0.158583	-0.308546	1.06359	0.156522	-0.707641	1.07889	0.162038
89.571	-0.299071	0.780812	0.158373	-0.294491	1.06309	0.156655	-0.693677	1.07843	0.162064
89.782	-0.287834	0.78036	0.158095	-0.283373	1.06266	0.156555	-0.682405	1.07796	0.162042
90.017	-0.276718	0.780222	0.158062	-0.272108	1.06228	0.15624	-0.671159	1.07759	0.162529
90.216	-0.265598	0.779448	0.157682	-0.261141	1.06167	0.155949	-0.659906	1.07725	0.16279
90.426	-0.254819	0.778985	0.15766	-0.249863	1.06124	0.156205	-0.648845	1.07691	0.162891
90.678	-0.244339	0.778441	0.158051	-0.239222	1.06082	0.156347	-0.638146	1.07711	0.162675
90.94	-0.233494	0.778182	0.158143	-0.228584	1.06067	0.156139	-0.627522	1.07698	0.162803
91.176	-0.220155	0.778028	0.158422	-0.215566	1.06029	0.156415	-0.614475	1.07659	0.163115
91.398	-0.210054	0.778329	0.158729	-0.204986	1.0603	0.156277	-0.603922	1.0763	0.163255
91.609	-0.199431	0.777459	0.157932	-0.194734	1.05982	0.156145	-0.593845	1.07623	0.162918
91.873	-0.18947	0.777629	0.158956	-0.184729	1.05955	0.156099	-0.583562	1.07589	0.162391
92.181	-0.179436	0.776836	0.159205	-0.174788	1.05921	0.156993	-0.573546	1.07516	0.161961
92.394	-0.167083	0.776413	0.159562	-0.162355	1.05859	0.157481	-0.561323	1.07461	0.162667
92.628	-0.157225	0.775895	0.159057	-0.152621	1.05809	0.157825	-0.551708	1.07411	0.162622
92.824	-0.147268	0.775431	0.158925	-0.142893	1.05779	0.157547	-0.541882	1.07337	0.162942
93.124	-0.140082	0.775321	0.159126	-0.135522	1.05739	0.15731	-0.534615	1.07314	0.162798
93.315	-0.127688	0.774964	0.158893	-0.123644	1.05717	0.157085	-0.522465	1.07243	0.162882
93.483	-0.115964	0.774453	0.158588	-0.111913	1.05669	0.157566	-0.510751	1.07179	0.163089
93.739	-0.106855	0.774182	0.159077	-0.102719	1.05624	0.15783	-0.501505	1.07134	0.163658
93.993	-0.0977217	0.773669	0.158868	-0.0933428	1.05562	0.158043	-0.492449	1.07081	0.163539
94.157	-0.0886194	0.773452	0.159191	-0.0843455	1.05537	0.15776	-0.483255	1.07047	0.164094
94.335	-0.0797771	0.773385	0.159392	-0.0754745	1.05523	0.157792	-0.474531	1.07008	0.163869
94.606	-0.0708452	0.773031	0.159479	-0.0666644	1.05486	0.157452	-0.465552	1.06989	0.164095
94.875	-0.0599823	0.772717	0.159723	-0.056033	1.05499	0.157903	-0.454998	1.06958	0.163532
95.084	-0.0513763	0.772843	0.160546	-0.0475535	1.05488	0.157921	-0.446618	1.06937	0.163116
95.322	-0.0429835	0.772703	0.160646	-0.0391501	1.05465	0.157889	-0.438076	1.06904	0.163412
95.489	-0.0346414	0.77224	0.160461	-0.031006	1.05431	0.157922	-0.429701	1.06877	0.163391
95.664	-0.0263793	0.771991	0.160367	-0.0225777	1.05372	0.157319	-0.421374	1.06828	0.163942
95.825	-0.0183673	0.771855	0.16037	-0.0146008	1.05378	0.157864	-0.41371	1.06767	0.164403
96.093	-0.0105007	0.771241	0.160245	-0.00703808	1.05346	0.157758	-0.406015	1.06731	0.164497
96.248	-0.00182682	0.770977	0.160309	0.00188066	1.0529	0.158508	-0.396859	1.06705	0.164639
96.486	0.00577434	0.770311	0.160642	0.00920746	1.0527	0.158682	-0.389941	1.06672	0.164345
96.714	0.0127844	0.770395	0.160878	0.0160696	1.0523	0.158667	-0.382905	1.06644	0.164109
96.816	0.0194249	0.770409	0.160873	0.0228827	1.05229	0.158399	-0.375949	1.06601	0.164433
96.968	0.0264114	0.769998	0.160701	0.0293263	1.05222	0.158744	-0.369614	1.0658	0.164863
97.292	0.0327294	0.770042	0.161018	0.0358474	1.05203	0.15884	-0.363137	1.06548	0.165129
97.422	0.0404419	0.769709	0.161196	0.0435956	1.05172	0.159172	-0.355527	1.06513	0.164811
97.52	0.0464646	0.769495	0.161254	0.049697	1.0514	0.159188	-0.349418	1.06497	0.164839
97.692	0.0523078	0.76943	0.161273	0.0552755	1.05143	0.159435	-0.343664	1.0648	0.164998
97.982	0.058009	0.769331	0.161152	0.061041	1.05134	0.159098	-0.337985	1.06455	0.165226
98.18	0.0636631	0.769213	0.161031	0.0665228	1.05129	0.159356	-0.332441	1.06427	0.165411
98.3	0.0701641	0.769123	0.160912	0.0732481	1.05122	0.159297	-0.325872	1.06412	0.165518
98.508	0.0753731	0.768974	0.161075	0.0780939	1.05112	0.159247	-0.32079	1.06389	0.165369
98.776	0.0804333	0.768771	0.160911	0.0829775	1.0509	0.15895	-0.315992	1.0638	0.16547
99.06	0.0852883	0.768734	0.160565	0.0878552	1.05083	0.159119	-0.311215	1.06355	0.165613
99.223	0.0898059	0.768824	0.160389	0.0923904	1.05091	0.158909	-0.306687	1.06325	0.16588
99.343	0.0944204	0.768749	0.160401	0.0967803	1.05083	0.158778	-0.302253	1.06293	0.165988
99.508	0.0997211	0.768625	0.160286	0.10189	1.05074	0.158897	-0.297007	1.06275	0.166119
99.834	0.102777	0.768567	0.160344	0.104969	1.05063	0.158877	-0.294104	1.0627	0.166195
100.052	0.107544	0.768414	0.160335	0.109553	1.05079	0.159062	-0.289193	1.06257	0.166182
100.303	0.110994	0.768544	0.160444	0.113257	1.05053	0.158956	-0.285499	1.06258	0.166125
100.574	0.11485	0.768433	0.160267	0.117041	1.05042	0.15861	-0.281944	1.06266	0.16612
100.837	0.118137	0.768433	0.160167	0.120179	1.05032	0.158234	-0.278795	1.06257	0.166084
101.14	0.121131	0.768534	0.160288	0.123137	1.05035	0.158342	-0.275865	1.06243	0.166217
101.328	0.124779	0.768348	0.160223	0.126843	1.05047	0.158622	-0.271932	1.06249	0.166301
101.512	0.127334	0.768359	0.160158	0.129582	1.05047	0.15869	-0.269257	1.06254	0.16656
101.753	0.129815	0.768263	0.160308	0.13197	1.0505	0.158661	-0.267019	1.06243	0.166432
102.016	0.132154	0.768436	0.16057	0.134184	1.05063	0.15861	-0.264794	1.06236	0.166048
102.26	0.13448	0.768512	0.160393	0.13633	1.05068	0.158385	-0.262646	1.06237	0.166033
102.54	0.136269	0.768639	0.160271	0.138186	1.05062	0.158099	-0.26082	1.06238	0.166446
102.728	0.137695	0.768454	0.160185	0.139669	1.05039	0.158249	-0.259237	1.06248	0.167086
102.952	0.138494	0.768367	0.160642	0.140552	1.05025	0.158724	-0.258333	1.06245	0.166733
103.195	0.139537	0.768363	0.160725	0.141528	1.0503	0.158676	-0.257522	1.06231	0.166036
103.53	0.140403	0.768497	0.160586	0.142308	1.05041	0.158703	-0.256808	1.0622	0.166018
103.825	0.141125	0.768767	0.160491	0.142981	1.05042	0.158578	-0.256131	1.06206	0.166558
104.1	0.141959	0.768722	0.160562	0.143629	1.05074	0.158703	-0.255319	1.06192	0.166818
104.311	0.142312	0.768645	0.160377	0.144045	1.05077	0.158646	-0.254859	1.06196	0.166545
104.566	0.142507	0.768577	0.160545	0.144396	1.05067	0.15888	-0.25465	1.06204	0.166264
104.843	0.142594	0.768582	0.160648	0.144565	1.05068	0.158982	-0.254585	1.06209	0.166287
105.093	0.142635	0.768641	0.160525	0.144617	1.05072	0.15875	-0.254575	1.06203	0.16646
105.327	0.142546	0.768686	0.160462	0.144275	1.05072	0.158833	-0.254723	1.06199	0.166601
105.65	0.142299	0.76866	0.160535	0.144131	1.05057	0.158601	-0.254957	1.06201	0.166536
105.929	0.141883	0.768506	0.160527	0.143756	1.05039	0.158602	-0.255353	1.06208	0.166288
106.212	0.141524	0.768436	0.160496	0.14334	1.05041	0.158639	-0.255766	1.06216	0.166284
106.479	0.141051	0.768492	0.160561	0.14284	1.05053	0.158715	-0.256256	1.0622	0.166364
106.75	0.140525	0.76863	0.160552	0.142261	1.05054	0.158554	-0.256786	1.06221	0.166321
107.041	0.139926	0.76871	0.160528	0.1416	1.05062	0.158467	-0.257389	1.06228	0.166203
107.288	0.139297	0.768744	0.16059	0.141041	1.05043	0.158345	-0.258061	1.06233	0.166052
107.589	0.13863	0.768741	0.160623	0.140443	1.05049	0.158444	-0.258739	1.06238	0.165958
107.828	0.137863	0.768724	0.160596	0.139755	1.05064	0.158538	-0.259582	1.0625	0.165946
108.079	0.137208	0.768754	0.160556	0.139103	1.05077	0.158549	-0.260273	1.06251	0.165979
108.343	0.136504	0.76884	0.160595	0.138226	1.05097	0.158832	-0.2609	1.06249	0.166054
108.601	0.135875	0.768901	0.160592	0.137584	1.05104	0.158767	-0.261425	1.06245	0.166096
108.92	0.135268	0.768964	0.160626	0.136922	1.05105	0.158773	-0.261983	1.06241	0.16615
109.202	0.134438	0.76898	0.16063	0.136093	1.051	0.158664	-0.262711	1.06247	0.166112
109.458	0.133882	0.768952	0.160583	0.135633	1.05096	0.158637	-0.263189	1.06239	0.165948
109.709	0.13329	0.768959	0.160548	0.135129	1.05094	0.158512	-0.263962	1.06254	0.166083
109.969	0.13268	0.768994	0.16058	0.134423	1.05097	0.158526	-0.264566	1.06257	0.165979
110.261	0.132085	0.768972	0.160591	0.133769	1.05107	0.158634	-0.26516	1.06259	0.165903
110.602	0.131547	0.769041	0.160578	0.133152	1.05118	0.15865	-0.265693	1.06254	0.165801
110.853	0.13097	0.769085	0.160585	0.132795	1.05111	0.158523	-0.266494	1.06259	0.165863
111.111	0.13052	0.7691	0.160568	0.132319	1.05126	0.158634	-0.267006	1.06273	0.165912
111.293	0.130138	0.769092	0.16054	0.13195	1.05123	0.158602	-0.267199	1.06274	0.166006
111.471	0.129733	0.769086	0.160557	0.131617	1.05122	0.158657	-0.26745	1.0625	0.165761
111.681	0.129387	0.769081	0.160575	0.131197	1.05124	0.158731	-0.26793	1.06287	0.166093
111.956	0.128974	0.769197	0.160647	0.130872	1.05124	0.158827	-0.268023	1.06264	0.165755
112.141	0.128818	0.76919	0.160564	0.130662	1.05125	0.158773	-0.268228	1.06274	0.165791
112.391	0.128866	0.769085	0.160437	0.130541	1.05117	0.158904	-0.268445	1.06275	0.165897
112.649	0.128819	0.768938	0.160518	0.130328	1.05119	0.158871	-0.268589	1.06287	0.165937
112.882	0.128583	0.769141	0.160579	0.130363	1.05117	0.158793	-0.268609	1.0628	0.165918
113.115	0.128651	0.769137	0.160571	0.130325	1.05128	0.158954	-0.268678	1.06282	0.166062
113.354	0.128872	0.769029	0.160421	0.130292	1.05139	0.159045	-0.268585	1.06285	0.166023
113.576	0.128864	0.769084	0.160503	0.130287	1.0514	0.159073	-0.268425	1.06277	0.165927
113.803	0.128977	0.769104	0.16049	0.130575	1.05122	0.158954	-0.268398	1.063	0.166124
114.036	0.129097	0.769149	0.160431	0.130744	1.05117	0.15887	-0.268085	1.06247	0.165647
114.297	0.129179	0.769167	0.160449	0.130806	1.05119	0.158899	-0.268055	1.06266	0.165812
114.555	0.12939	0.769082	0.160434	0.130933	1.05119	0.15885	-0.267971	1.06265	0.165839
114.844	0.129523	0.769001	0.160468	0.131026	1.05118	0.158852	-0.26795	1.06267	0.165978
115.046	0.129497	0.769131	0.160492	0.13114	1.05114	0.158794	-0.268012	1.06284	0.16624
115.246	0.129528	0.769197	0.160485	0.13121	1.05116	0.158792	-0.267946	1.06273	0.166151
115.454	0.129581	0.769153	0.160437	0.131246	1.0512	0.158798	-0.267919	1.06273	0.166159
115.64	0.129625	0.76915	0.160428	0.131245	1.05116	0.158791	-0.267902	1.06272	0.166158
115.878	0.129639	0.769147	0.160423	0.131222	1.05115	0.158794	-0.267926	1.06272	0.16615
116.196	0.12961	0.769129	0.160415	0.131201	1.05118	0.158802	-0.267927	1.06274	0.166173
116.448	0.129583	0.769134	0.16042	0.131154	1.05116	0.158811	-0.267966	1.06273	0.166145
116.731	0.129509	0.769139	0.160433	0.131109	1.05117	0.158813	-0.268016	1.06275	0.166156
116.991	0.129495	0.769107	0.160395	0.131072	1.05117	0.158833	-0.268065	1.06276	0.166178
117.2	0.129428	0.769137	0.160401	0.130993	1.0512	0.158849	-0.268111	1.06275	0.166173
117.404	0.129361	0.769162	0.160412	0.130973	1.05116	0.158822	-0.268149	1.06276	0.166155
117.569	0.129257	0.769191	0.160479	0.130921	1.0512	0.158835	-0.268214	1.06277	0.166179
117.761	0.12925	0.769101	0.160477	0.130825	1.05121	0.158868	-0.26827	1.06278	0.166184
117.985	0.12932	0.769008	0.160436	0.130815	1.0512	0.158871	-0.268298	1.06279	0.166206
118.246	0.129331	0.769021	0.160429	0.130794	1.0512	0.158857	-0.268316	1.06278	0.166199
118.428	0.129213	0.769128	0.160427	0.130805	1.05119	0.158846	-0.268333	1.06279	0.166195
118.528	0.129157	0.76921	0.160455	0.130783	1.05118	0.15886	-0.268313	1.06279	0.166208
118.624	0.129163	0.769226	0.160469	0.130804	1.05122	0.158863	-0.268302	1.06278	0.166184
118.841	0.129206	0.769196	0.160457	0.130848	1.05121	0.158863	-0.268276	1.06277	0.166192
119.03	0.129238	0.769155	0.16042	0.130855	1.05119	0.158841	-0.268249	1.06278	0.16618
119.252	0.12926	0.769183	0.160414	0.130894	1.0512	0.158838	-0.268241	1.06276	0.166164
119.435	0.129257	0.769176	0.16042	0.130919	1.0512	0.158826	-0.268226	1.06276	0.166163
119.613	0.129242	0.769197	0.160432	0.130916	1.05119	0.158833	-0.268195	1.06274	0.166141
119.853	0.129266	0.769174	0.160406	0.13092	1.05119	0.158831	-0.268203	1.06275	0.166151
120.089	0.129254	0.769205	0.160431	0.130901	1.05119	0.158822	-0.268225	1.06275	0.166167
120.32	0.129236	0.769177	0.160418	0.130901	1.05116	0.158806	-0.268236	1.06274	0.166165
120.542	0.129222	0.769186	0.160417	0.130872	1.05117	0.158807	-0.268254	1.06275	0.166159
120.76	0.129308	0.769195	0.160275	0.130902	1.05117	0.158821	-0.268265	1.06278	0.166189
120.98	0.129375	0.769102	0.160173	0.13087	1.05118	0.158826	-0.268277	1.06277	0.166179
121.234	0.12934	0.769074	0.160194	0.130858	1.05118	0.158816	-0.268265	1.06276	0.166152
121.464	0.129527	0.768987	0.159925	0.130848	1.05118	0.158808	-0.268257	1.06277	0.166173
121.726	0.129505	0.769029	0.159952	0.130876	1.05118	0.15882	-0.268263	1.06277	0.16616
121.986	0.129534	0.769055	0.159911	0.130908	1.05114	0.158807	-0.268265	1.06276	0.166155
122.252	0.129486	0.769057	0.159957	0.130913	1.05116	0.158817	-0.268254	1.06276	0.166178
122.518	0.129482	0.769077	0.159991	0.130944	1.05111	0.158778	-0.268252	1.06277	0.16616
122.661	0.129426	0.769075	0.160057	0.130939	1.0511	0.158785	-0.268248	1.06275	0.166191
122.793	0.129408	0.769121	0.160136	0.13095	1.05107	0.158752	-0.268241	1.06275	0.166147
122.977	0.129401	0.76917	0.160196	0.13091	1.05109	0.158789	-0.268255	1.06275	0.166143
123.174	0.129335	0.76921	0.160303	0.130896	1.05111	0.158793	-0.26825	1.06274	0.166146
123.347	0.129313	0.769194	0.160313	0.130843	1.05116	0.1588	-0.268254	1.06274	0.166134
123.511	0.12936	0.76912	0.160242	0.130784	1.05119	0.15881	-0.268239	1.06276	0.166144
123.767	0.129524	0.768995	0.159994	0.13075	1.05124	0.15882	-0.268248	1.06275	0.166113
124.001	0.129517	0.768953	0.160008	0.130716	1.05131	0.158858	-0.268263	1.06275	0.16615
124.264	0.129422	0.769069	0.160162	0.130654	1.05135	0.158855	-0.268244	1.06274	0.166132
124.507	0.129385	0.76913	0.16022	0.130684	1.05149	0.15888	-0.268242	1.06272	0.166117
124.745	0.129428	0.769042	0.160104	0.13077	1.05153	0.158717	-0.268246	1.06275	0.166128
125.005	0.129491	0.769016	0.160045	0.13074	1.05156	0.158777	-0.268247	1.06273	0.166113
125.23	0.129454	0.769098	0.160119	0.130696	1.05175	0.158926	-0.268269	1.06276	0.166163
125.473	0.129385	0.769154	0.160198	0.130831	1.05171	0.158725	-0.268283	1.06276	0.166159
125.704	0.129391	0.769157	0.160188	0.130783	1.05203	0.158907	-0.268279	1.06277	0.166152
125.86	0.129417	0.769153	0.160028	0.130684	1.05141	0.158822	-0.268299	1.06276	0.166159
125.967	0.129443	0.769136	0.159915	0.130678	1.05145	0.158839	-0.268288	1.06276	0.166152
126.119	0.129522	0.76919	0.159769	0.130757	1.05133	0.158713	-0.268275	1.06277	0.166149
126.265	0.129354	0.769189	0.159947	0.130716	1.05138	0.158743	-0.268299	1.06278	0.166173
126.52	0.129363	0.769198	0.159935	0.130677	1.05143	0.158786	-0.268277	1.06276	0.166117
126.606	0.129412	0.76922	0.159892	0.13066	1.05147	0.158865	-0.268269	1.06286	0.166153
126.71	0.129329	0.76923	0.159976	0.130663	1.05146	0.15889	-0.26828	1.06288	0.166199
126.895	0.129222	0.769408	0.160056	0.130701	1.05144	0.15884	-0.268011	1.06278	0.165728
127.134	0.129245	0.769433	0.160077	0.130327	1.05174	0.159133	-0.268118	1.06284	0.165918
127.336	0.129236	0.769412	0.16002	0.130155	1.05183	0.159005	-0.268107	1.06285	0.16594
127.526	0.129539	0.76924	0.159939	0.130351	1.05152	0.15907	-0.268131	1.06281	0.165904
127.766	0.12973	0.768746	0.159687	0.130364	1.05149	0.159051	-0.268129	1.0628	0.165924
127.997	0.129709	0.768803	0.159698	0.129998	1.05175	0.159346	-0.268112	1.0628	0.165914
128.241	0.129674	0.768875	0.159744	0.13	1.05176	0.159336	-0.268119	1.0628	0.165923
128.417	0.12963	0.76894	0.15979	0.129991	1.05175	0.159348	-0.268109	1.06284	0.165925
128.657	0.129711	0.768902	0.159695	0.129971	1.05178	0.159402	-0.268092	1.06285	0.165908
128.846	0.129689	0.768898	0.159692	0.131039	1.05108	0.158576	-0.268079	1.06283	0.165874
129.101	0.12968	0.768884	0.159802	0.130803	1.05119	0.158756	-0.268085	1.06283	0.165858
129.336	0.129575	0.768913	0.159904	0.130814	1.05121	0.158767	-0.268068	1.06288	0.165863
129.544	0.129588	0.768907	0.159891	0.130837	1.05117	0.158761	-0.268271	1.06275	0.166134
129.752	0.129589	0.768911	0.159901	0.130837	1.05117	0.158745	-0.268295	1.06275	0.166118
130.065	0.129579	0.768937	0.159923	0.131099	1.05103	0.158514	-0.268281	1.06276	0.166149
130.346	0.129549	0.768963	0.159946	0.13077	1.05122	0.158807	-0.268308	1.06278	0.166139
130.581	0.129582	0.768969	0.159909	0.130743	1.05121	0.158802	-0.268304	1.06279	0.166163
130.816	0.129575	0.768981	0.159908	0.130741	1.0512	0.158816	-0.26831	1.06277	0.166145
131.05	0.129944	0.769129	0.160077	0.130761	1.05122	0.15882	-0.268309	1.06279	0.166169
131.321	0.129908	0.769061	0.160076	0.130772	1.05122	0.158835	-0.268284	1.06278	0.166161
131.607	0.12945	0.769195	0.159994	0.130758	1.05128	0.15885	-0.268296	1.06278	0.166172
131.638	0.12945	0.769195	0.159994	0.130758	1.05128	0.15885	-0.268296	1.06278	0.166172
131.67	0.12945	0.769195	0.159994	0.130758	1.05128	0.15885	-0.268296	1.06278	0.166172
131.731	0.12945	0.769195	0.159994	0.130758	1.05128	0.15885	-0.268296	1.06278	0.166172
131.831	0.12945	0.769195	0.159994	0.130758	1.05128	0.15885	-0.268296	1.06278	0.166172
131.898	0.12945	0.769195	0.159994	0.130758	1.05128	0.15885	-0.268296	1.06278	0.166172
131.946	0.12945	0.769195	0.159994	0.130758	1.05128	0.15885	-0.268296	1.06278	0.166172
