Time      x1      y1      z1	x2	y2	z2	x3	y3	z3	x4	y4	z4
12.848	6.9144e-310	6.9144e-310	2.122e-314	3.135e-317	1.5316e-322	6.9144e-310	0	0	0
12.897	6.9144e-310	6.9144e-310	2.122e-314	3.135e-317	1.5316e-322	6.9144e-310	0	0	0
12.982	6.9144e-310	6.9144e-310	2.122e-314	3.135e-317	1.5316e-322	6.9144e-310	0	0	0
13.036	6.9144e-310	6.9144e-310	2.122e-314	3.135e-317	1.5316e-322	6.9144e-310	0	0	0
13.092	6.9144e-310	6.9144e-310	2.122e-314	3.135e-317	1.5316e-322	6.9144e-310	0	0	0
13.154	6.9144e-310	6.9144e-310	2.122e-314	3.135e-317	1.5316e-322	6.9144e-310	0	0	0
13.237	6.9144e-310	6.9144e-310	2.122e-314	3.135e-317	1.5316e-322	6.9144e-310	0	0	0
13.262	6.9144e-310	6.9144e-310	2.122e-314	3.135e-317	1.5316e-322	6.9144e-310	0	0	0
13.457	6.9144e-310	6.9144e-310	2.122e-314	3.135e-317	1.5316e-322	6.9144e-310	0	0	0
13.521	6.9144e-310	6.9144e-310	2.122e-314	3.135e-317	1.5316e-322	6.9144e-310	0	0	0
13.553	6.9144e-310	6.9144e-310	2.122e-314	3.135e-317	1.5316e-322	6.9144e-310	0	0	0
13.608	6.9144e-310	6.9144e-310	2.122e-314	3.135e-317	1.5316e-322	6.9144e-310	0	0	0
13.703	6.9144e-310	6.9144e-310	2.122e-314	3.135e-317	1.5316e-322	6.9144e-310	0	0	0
13.761	6.9144e-310	6.9144e-310	2.122e-314	3.135e-317	1.5316e-322	6.9144e-310	0	0	0
14.353	6.9144e-310	6.9144e-310	2.122e-314	3.135e-317	1.5316e-322	6.9144e-310	0	0	0
15.048	6.9144e-310	6.9144e-310	2.122e-314	3.135e-317	1.5316e-322	6.9144e-310	0	0	0
15.27	-1.90518	0.813156	0.148087	-1.90852	1.09494	0.145373	-2.30962	1.09787	0.151046
15.528	-1.90487	0.81261	0.147464	-1.90851	1.09504	0.145426	-2.31021	1.09757	0.150891
15.739	-1.90495	0.812814	0.147579	-1.90847	1.09505	0.145378	-2.31026	1.0983	0.151008
15.925	-1.90461	0.812795	0.147523	-1.90849	1.09499	0.145382	-2.30981	1.09754	0.149924
16.103	-1.90461	0.812829	0.147378	-1.90856	1.09502	0.1455	-2.30928	1.09744	0.149532
16.35	-1.90431	0.812627	0.14693	-1.90865	1.09493	0.145515	-2.30925	1.09742	0.149942
16.617	-1.9052	0.812991	0.147715	-1.90864	1.09491	0.145467	-2.30939	1.09728	0.149774
16.838	-1.90505	0.813034	0.147513	-1.90868	1.09493	0.145538	-2.30947	1.09731	0.149916
17.101	-1.90488	0.813145	0.147648	-1.90866	1.0949	0.145444	-2.30991	1.09733	0.149925
17.318	-1.90474	0.81299	0.14756	-1.90853	1.09475	0.145015	-2.30946	1.09746	0.149746
17.586	-1.90524	0.813313	0.148259	-1.90902	1.09524	0.146027	-2.30936	1.09763	0.150255
17.806	-1.90488	0.81318	0.147775	-1.90878	1.09492	0.145471	-2.30985	1.09746	0.150172
17.921	-1.90461	0.813335	0.147781	-1.90879	1.09494	0.145537	-2.3098	1.09688	0.149486
18.22	-1.90517	0.813442	0.148284	-1.90882	1.09505	0.14575	-2.31011	1.09699	0.149824
18.473	-1.90504	0.813059	0.147738	-1.90919	1.09475	0.145941	-2.30993	1.09738	0.149941
18.677	-1.90449	0.812884	0.147216	-1.90906	1.09502	0.145984	-2.30937	1.09751	0.150106
18.947	-1.90488	0.812952	0.147365	-1.90905	1.09521	0.146094	-2.30939	1.09742	0.149918
19.164	-1.905	0.813054	0.147726	-1.90919	1.09515	0.146295	-2.31031	1.0969	0.150101
19.383	-1.90478	0.812987	0.147481	-1.90925	1.09502	0.146256	-2.30962	1.09786	0.151076
19.578	-1.90485	0.813006	0.147552	-1.90921	1.09512	0.146283	-2.30994	1.0983	0.151628
19.837	-1.90478	0.812836	0.14734	-1.9091	1.09524	0.146271	-2.30998	1.09823	0.151462
20.014	-1.90437	0.812857	0.146932	-1.90929	1.09513	0.146325	-2.30946	1.09715	0.149805
20.272	-1.90484	0.813007	0.147649	-1.90938	1.09509	0.146376	-2.30955	1.0972	0.150072
20.545	-1.90491	0.813097	0.147763	-1.90934	1.09514	0.146377	-2.3099	1.09735	0.150517
20.846	-1.90489	0.813195	0.147955	-1.90922	1.09519	0.146207	-2.30969	1.09817	0.151398
21.097	-1.90502	0.812982	0.147888	-1.90851	1.09519	0.145258	-2.3097	1.09806	0.151465
21.366	-1.9051	0.812644	0.1476	-1.90936	1.09516	0.146529	-2.31061	1.09752	0.151434
21.624	-1.90499	0.812628	0.147745	-1.90927	1.09518	0.146428	-2.31028	1.09767	0.151226
21.88	-1.9052	0.813096	0.147337	-1.90928	1.09517	0.146419	-2.30988	1.09802	0.151097
22.191	-1.90522	0.81328	0.147697	-1.90868	1.09492	0.145255	-2.30997	1.09784	0.150782
22.451	-1.90504	0.813268	0.147821	-1.90924	1.09498	0.146265	-2.30944	1.09796	0.150841
22.688	-1.90501	0.81321	0.147787	-1.90923	1.09487	0.146141	-2.30988	1.09784	0.150773
22.878	-1.90507	0.81317	0.147864	-1.90908	1.09553	0.146505	-2.30975	1.09811	0.1513
23.053	-1.90489	0.813023	0.147475	-1.90916	1.09555	0.146608	-2.3097	1.09791	0.15088
23.256	-1.90468	0.813053	0.147301	-1.90915	1.09542	0.146461	-2.30973	1.09806	0.151159
23.49	-1.90525	0.813151	0.148136	-1.90918	1.09533	0.146377	-2.31052	1.09746	0.151071
23.72	-1.90449	0.812896	0.147633	-1.90922	1.09518	0.14637	-2.31026	1.09758	0.150973
24.004	-1.90493	0.813003	0.147817	-1.90923	1.09519	0.14637	-2.31029	1.09753	0.150918
24.242	-1.90488	0.813032	0.14774	-1.9092	1.09522	0.146333	-2.31002	1.09817	0.151473
24.421	-1.9052	0.813049	0.14807	-1.9086	1.09499	0.145173	-2.31006	1.09818	0.151461
24.645	-1.90498	0.813073	0.147834	-1.9087	1.09498	0.14534	-2.30985	1.09788	0.151179
24.827	-1.90493	0.813162	0.1478	-1.90872	1.09501	0.145441	-2.31006	1.09814	0.151381
25.003	-1.90483	0.813143	0.147703	-1.90868	1.09499	0.145355	-2.31014	1.09804	0.151345
25.228	-1.90496	0.813144	0.147789	-1.90877	1.09499	0.145474	-2.30994	1.09807	0.151284
25.466	-1.90495	0.813123	0.147748	-1.90878	1.09499	0.145488	-2.3104	1.09762	0.151144
25.642	-1.90445	0.812923	0.147265	-1.90928	1.09517	0.146352	-2.30984	1.09813	0.15128
25.833	-1.90444	0.812838	0.147275	-1.90929	1.09513	0.146337	-2.30962	1.09791	0.150667
26.077	-1.90522	0.813101	0.148147	-1.90852	1.09513	0.145281	-2.31036	1.09748	0.151019
26.333	-1.90502	0.812934	0.147914	-1.90848	1.09507	0.145171	-2.30976	1.09815	0.151343
26.618	-1.90502	0.812795	0.147719	-1.90848	1.0951	0.145109	-2.30977	1.09807	0.151231
26.907	-1.9049	0.813219	0.148035	-1.90913	1.0953	0.14636	-2.30975	1.09793	0.151061
27.138	-1.90536	0.813561	0.148503	-1.9091	1.09531	0.146361	-2.30973	1.09811	0.151243
27.354	-1.90522	0.813556	0.148345	-1.90908	1.09527	0.146302	-2.30952	1.09788	0.150928
27.62	-1.90481	0.813454	0.148089	-1.90907	1.09527	0.146274	-2.30927	1.09754	0.150373
27.843	-1.9051	0.813382	0.147983	-1.90853	1.09494	0.145234	-2.30984	1.0977	0.150575
28.115	-1.90496	0.813546	0.148039	-1.90845	1.09487	0.145032	-2.30984	1.09691	0.149541
28.462	-1.90445	0.81346	0.147409	-1.90858	1.09477	0.145058	-1.90426	0.813702	0.147009
28.661	-1.905	0.813053	0.14755	-1.90854	1.0948	0.145044	-2.30991	1.09742	0.15007
28.892	-1.90507	0.813213	0.14769	-1.90902	1.09489	0.145825	-2.30953	1.09726	0.149923
29.174	-1.90508	0.813305	0.147735	-1.90903	1.09532	0.146202	-2.31027	1.0969	0.149701
29.42	-1.90499	0.813094	0.147473	-1.90908	1.09536	0.146312	-2.30967	1.09723	0.149613
29.628	-1.9052	0.813002	0.147943	-1.90911	1.09534	0.146337	-2.31	1.09738	0.150014
29.858	-1.90512	0.81294	0.148035	-1.90909	1.09535	0.146329	-2.30985	1.09756	0.150204
30.089	-1.9051	0.813005	0.148019	-1.90935	1.09534	0.146636	-2.30995	1.09683	0.149284
30.372	-1.9052	0.813122	0.148158	-1.90905	1.09538	0.146276	-2.30991	1.09694	0.14964
30.638	-1.90504	0.813178	0.147918	-1.90878	1.09478	0.14545	-2.31004	1.09733	0.149848
30.802	-1.90505	0.812941	0.147669	-1.90875	1.09489	0.145533	-2.31039	1.09682	0.149431
30.949	-1.90471	0.812893	0.14744	-1.90872	1.0949	0.145458	-2.30953	1.09726	0.149822
31.086	-1.90518	0.81307	0.14784	-1.90871	1.09493	0.145481	-2.30892	1.09709	0.149782
31.313	-1.90474	0.812948	0.147599	-1.90873	1.09491	0.145477	-2.30959	1.09725	0.149897
31.468	-1.90516	0.813044	0.147695	-1.90871	1.09489	0.145465	-2.30996	1.09675	0.149126
31.666	-1.90484	0.812979	0.147531	-1.90873	1.09485	0.145474	-2.30957	1.09727	0.149836
31.927	-1.90538	0.81316	0.147903	-1.90875	1.09491	0.145532	-2.30999	1.09744	0.150187
32.16	-1.90496	0.81325	0.147683	-1.90877	1.09496	0.145618	-2.31031	1.09689	0.149938
32.342	-1.90531	0.812753	0.147411	-1.90856	1.09509	0.145396	-2.31018	1.09736	0.15034
32.554	-1.90513	0.812988	0.147519	-1.90861	1.09509	0.145452	-2.30961	1.09723	0.149682
32.85	-1.90532	0.81316	0.147859	-1.90859	1.0951	0.145409	-2.31002	1.09707	0.150009
33.081	-1.90558	0.813492	0.148349	-1.90865	1.09512	0.145525	-2.31067	1.09684	0.150269
33.297	-1.9056	0.813221	0.14844	-1.90914	1.09534	0.146362	-2.30953	1.09752	0.150238
33.452	-1.9053	0.81311	0.148059	-1.9091	1.09529	0.146235	-2.31025	1.09734	0.150882
33.605	-1.90439	0.812927	0.147088	-1.90897	1.09558	0.146399	-2.30996	1.09845	0.151934
33.765	-1.90516	0.813095	0.147808	-1.9091	1.09534	0.146321	-2.31072	1.09752	0.15135
33.916	-1.90547	0.813302	0.148368	-1.90915	1.09535	0.146432	-2.31018	1.09826	0.151826
34.157	-1.90488	0.812807	0.147198	-1.90917	1.09532	0.146443	-2.31074	1.09749	0.151462
34.323	-1.90518	0.812749	0.147411	-1.90911	1.09533	0.146337	-2.31011	1.09843	0.15192
34.544	-1.90378	0.812502	0.146451	-1.90912	1.09532	0.146359	-2.31041	1.09766	0.151259
34.815	-1.9049	0.812608	0.147139	-1.90917	1.09529	0.146392	-2.30981	1.09821	0.151513
35.073	-1.90484	0.812501	0.147129	-1.90909	1.09528	0.146246	-2.30976	1.09818	0.151405
35.296	-1.90598	0.813619	0.149223	-1.90913	1.09534	0.146348	-2.30978	1.09816	0.15133
35.557	-1.90602	0.813559	0.149334	-1.90921	1.09507	0.146151	-2.31052	1.09759	0.151237
35.835	-1.90512	0.81306	0.147802	-1.90924	1.09517	0.146351	-2.31015	1.09683	0.149802
36.057	-1.90503	0.813098	0.14783	-1.90923	1.09522	0.146312	-2.30997	1.09729	0.150248
36.335	-1.90607	0.813947	0.148997	-1.90922	1.09514	0.146257	-2.31039	1.09676	0.150088
36.515	-1.90601	0.813892	0.149056	-1.90927	1.0951	0.146246	-2.31001	1.09738	0.150504
36.707	-1.90587	0.8138	0.148849	-1.90926	1.09508	0.146285	-2.31012	1.0967	0.149794
36.978	-1.90583	0.813689	0.148771	-1.9092	1.0951	0.146202	-2.30961	1.09758	0.150347
37.317	-1.90589	0.813623	0.148837	-1.9092	1.09515	0.146264	-2.30965	1.09656	0.149127
37.546	-1.90564	0.813533	0.14857	-1.90927	1.09521	0.146375	-2.30966	1.09729	0.149968
37.85	-1.90566	0.813548	0.148579	-1.90866	1.09499	0.145217	-2.30995	1.09688	0.149531
38.067	-1.90564	0.813455	0.148481	-1.9093	1.09504	0.146217	-2.30972	1.09707	0.149368
38.314	-1.90489	0.812859	0.147189	-1.90878	1.09483	0.145187	-2.31026	1.09657	0.149065
38.575	-1.90505	0.813182	0.147669	-1.9086	1.09521	0.145418	-2.31023	1.09665	0.149147
38.854	-1.90498	0.813127	0.147539	-1.90849	1.09537	0.145376	-2.30986	1.09776	0.15036
39.11	-1.90493	0.813029	0.147406	-1.90854	1.0952	0.145314	-2.3099	1.09759	0.150133
39.382	-1.90494	0.81296	0.147423	-1.90916	1.09531	0.1463	-2.3096	1.09736	0.149803
39.602	-1.90502	0.813069	0.147728	-1.90849	1.09497	0.145083	-2.30957	1.09736	0.149733
39.856	-1.90457	0.812902	0.147421	-1.90849	1.09522	0.145272	-2.3098	1.09784	0.150288
40.103	-1.90502	0.813057	0.147814	-1.90854	1.09477	0.144918	-2.30977	1.09715	0.149588
40.465	-1.90489	0.812949	0.147424	-1.90856	1.09481	0.145031	-2.30969	1.09726	0.149625
40.736	-1.90484	0.812895	0.147343	-1.90851	1.09519	0.145286	-2.30995	1.09745	0.149863
41.018	-1.90485	0.812896	0.147363	-1.90855	1.09514	0.145326	-2.31044	1.09665	0.14932
41.311	-1.90486	0.812846	0.147326	-1.9086	1.09518	0.145404	-2.31008	1.09746	0.149957
41.55	-1.90483	0.812849	0.147271	-1.90932	1.09555	0.146696	-2.31026	1.09703	0.149926
41.863	-1.90485	0.812873	0.147242	-1.90874	1.09527	0.145737	-2.30953	1.09728	0.149764
42.076	-1.90489	0.812901	0.147306	-1.9086	1.09472	0.145009	-2.30958	1.09733	0.150008
42.306	-1.90492	0.812946	0.147337	-1.90864	1.09481	0.14518	-2.30956	1.09744	0.150074
42.587	-1.90492	0.813003	0.147381	-1.90915	1.09502	0.146058	-2.30941	1.09747	0.150356
42.855	-1.90514	0.813192	0.147874	-1.90864	1.09493	0.145237	-2.30945	1.09757	0.150285
43.064	-1.90523	0.813243	0.147983	-1.90874	1.09493	0.145407	-2.31012	1.09807	0.151215
43.405	-1.90522	0.813324	0.148007	-1.90876	1.09501	0.145527	-2.3097	1.09814	0.151019
43.652	-1.90526	0.813365	0.148068	-1.90878	1.09504	0.145548	-2.3101	1.09802	0.151269
43.933	-1.9053	0.813429	0.148231	-1.90922	1.09507	0.14623	-2.30979	1.0981	0.151005
44.155	-1.90565	0.813506	0.148658	-1.90924	1.09513	0.146302	-2.30986	1.09811	0.151038
44.406	-1.90518	0.813308	0.14787	-1.90921	1.09513	0.146221	-2.30985	1.09814	0.150969
44.662	-1.90524	0.813365	0.14795	-1.90921	1.09513	0.146226	-2.30982	1.09809	0.150846
44.911	-1.90509	0.813194	0.147834	-1.90926	1.09511	0.146274	-2.30985	1.09813	0.151148
45.122	-1.90508	0.812957	0.147763	-1.90924	1.0951	0.146274	-2.31011	1.09841	0.151547
45.3	-1.90501	0.812922	0.147805	-1.90923	1.09522	0.146268	-2.31054	1.09764	0.151005
45.583	-1.90502	0.812907	0.147827	-1.90921	1.09525	0.146304	-2.31055	1.09765	0.151045
45.834	-1.90511	0.812919	0.14787	-1.90926	1.09535	0.146469	-2.31057	1.09773	0.151087
46.132	-1.90506	0.812921	0.147776	-1.90925	1.09538	0.146448	-2.31007	1.09806	0.151062
46.495	-1.9051	0.813008	0.147775	-1.90919	1.09551	0.146496	-2.31007	1.09809	0.151179
46.785	-1.90514	0.81302	0.147797	-1.90927	1.09553	0.146624	-2.31013	1.09811	0.151248
46.997	-1.90512	0.813012	0.147726	-1.90932	1.09483	0.1461	-2.31056	1.09756	0.150922
47.192	-1.9051	0.812977	0.147608	-1.90924	1.0949	0.146054	-2.3105	1.09763	0.150995
47.425	-1.90515	0.812958	0.147574	-1.90929	1.09496	0.146184	-2.31054	1.09759	0.150953
47.66	-1.90508	0.81286	0.147254	-1.90933	1.09492	0.146177	-2.31047	1.09761	0.150923
47.979	-1.90502	0.812835	0.147152	-1.90932	1.09497	0.146198	-2.31056	1.09755	0.15116
48.258	-1.90496	0.812896	0.147208	-1.90928	1.09501	0.146195	-2.31011	1.09772	0.151111
48.515	-1.90494	0.812926	0.147298	-1.90931	1.09497	0.146191	-2.30987	1.09814	0.151304
48.83	-1.90493	0.812986	0.147388	-1.90934	1.09498	0.146217	-2.3098	1.09795	0.150553
49.1	-1.90486	0.81298	0.147347	-1.90928	1.09503	0.146207	-2.30963	1.09818	0.151053
49.383	-1.90484	0.813008	0.147419	-1.90929	1.09506	0.14625	-2.30991	1.09803	0.151173
49.656	-1.90485	0.812999	0.147425	-1.90929	1.09507	0.146277	-2.30986	1.09779	0.15087
49.914	-1.90508	0.813058	0.147728	-1.90929	1.09508	0.146259	-2.30964	1.09736	0.150145
50.117	-1.90507	0.812977	0.147655	-1.90923	1.09517	0.146315	-2.31043	1.09686	0.15002
50.39	-1.90507	0.812944	0.147561	-1.90928	1.09515	0.146308	-2.30986	1.09767	0.150609
50.614	-1.905	0.812907	0.147305	-1.90925	1.09513	0.146296	-2.30962	1.09736	0.15001
50.802	-1.90498	0.812778	0.147157	-1.90921	1.09513	0.14627	-2.30991	1.09748	0.150177
51.124	-1.90502	0.812818	0.147148	-1.90924	1.09514	0.146242	-2.30991	1.09744	0.15019
51.312	-1.90505	0.812724	0.147276	-1.90928	1.09517	0.146352	-2.30964	1.09732	0.150032
51.578	-1.90514	0.812751	0.147669	-1.90928	1.09512	0.146313	-2.30964	1.09731	0.149954
51.798	-1.90506	0.812714	0.147722	-1.90923	1.09519	0.14628	-2.30993	1.09742	0.150119
51.986	-1.90466	0.812525	0.147484	-1.90925	1.09513	0.146263	-2.30959	1.09719	0.149815
52.246	-1.90466	0.812525	0.147484	-1.90927	1.09517	0.146337	-2.30964	1.09724	0.149871
52.558	-1.90524	0.813302	0.147681	-1.90926	1.09515	0.146278	-2.3096	1.09727	0.149874
52.807	-1.90518	0.813283	0.147826	-1.90922	1.09511	0.146209	-2.31001	1.09733	0.15007
53.088	-1.90525	0.813255	0.147923	-1.90926	1.09503	0.146226	-2.31006	1.09736	0.150156
53.349	-1.90525	0.813182	0.147898	-1.90922	1.09507	0.146216	-2.30964	1.09724	0.149786
53.561	-1.90518	0.813131	0.147814	-1.90919	1.09502	0.146105	-2.30993	1.0974	0.150055
53.776	-1.90516	0.813129	0.147765	-1.90918	1.09502	0.146056	-2.31	1.09675	0.149323
54.097	-1.90521	0.813136	0.147872	-1.9092	1.09498	0.146112	-2.31001	1.09733	0.150238
54.286	-1.90513	0.813062	0.147761	-1.90917	1.09502	0.14604	-2.30969	1.09708	0.149507
54.528	-1.9051	0.813036	0.147726	-1.90915	1.09504	0.146033	-2.30967	1.0971	0.149383
54.789	-1.90511	0.813016	0.147789	-1.90919	1.09503	0.146083	-2.30973	1.09709	0.1495
54.999	-1.90511	0.812964	0.14782	-1.90921	1.09495	0.14602	-2.30976	1.09716	0.149608
55.219	-1.90508	0.812988	0.147755	-1.90917	1.095	0.146011	-2.31047	1.09675	0.149428
55.457	-1.90509	0.812966	0.147766	-1.90918	1.09508	0.146077	-2.31	1.09745	0.150033
55.77	-1.90515	0.812995	0.147846	-1.90922	1.09505	0.146102	-2.30961	1.09728	0.149527
56.058	-1.90513	0.813012	0.147847	-1.90921	1.09509	0.146141	-2.30955	1.09729	0.14985
56.341	-1.90512	0.813041	0.147795	-1.90922	1.09511	0.146084	-2.3103	1.09697	0.149783
56.604	-1.90521	0.813069	0.147965	-1.90927	1.09511	0.146169	-2.30933	1.09718	0.149718
56.834	-1.90522	0.813081	0.148007	-1.90928	1.09522	0.146297	-2.30961	1.09737	0.149926
57.039	-1.9052	0.81307	0.148012	-1.90926	1.09516	0.146228	-2.30956	1.09739	0.149844
57.369	-1.90518	0.813074	0.147974	-1.90927	1.09516	0.146219	-2.31022	1.09731	0.150166
57.564	-1.90561	0.813407	0.14864	-1.90928	1.09512	0.146237	-2.30957	1.09749	0.150102
57.745	-1.90517	0.813089	0.147949	-1.90931	1.09512	0.146207	-2.30953	1.09756	0.150114
58.056	-1.90516	0.813087	0.147888	-1.90928	1.09511	0.146185	-2.30994	1.09769	0.150447
58.274	-1.90518	0.813124	0.147876	-1.9093	1.09513	0.146236	-2.30959	1.0975	0.15019
58.46	-1.90521	0.813119	0.147864	-1.90931	1.0951	0.146231	-2.30968	1.09761	0.150296
58.702	-1.90498	0.812986	0.14736	-1.9093	1.09513	0.146193	-2.30999	1.09761	0.150474
58.945	-1.90499	0.813025	0.147385	-1.90928	1.09511	0.146217	-2.31004	1.09703	0.149717
59.245	-1.90497	0.813016	0.147375	-1.90931	1.09502	0.146181	-2.31006	1.09739	0.150355
59.407	-1.90496	0.813064	0.147372	-1.90933	1.0951	0.146266	-2.30962	1.09747	0.150302
59.566	-1.90459	0.813114	0.147235	-1.90874	1.0949	0.145104	-2.31009	1.09802	0.151213
59.769	-1.90515	0.813195	0.147579	-1.90892	1.09497	0.145536	-2.31031	1.09758	0.150952
59.869	-1.90525	0.813144	0.147475	-1.90936	1.09493	0.146139	-2.30983	1.09817	0.151291
59.969	-1.90506	0.81298	0.147716	-1.90933	1.095	0.146165	-2.31055	1.09746	0.151128
60.081	-1.90533	0.812829	0.148074	-1.90932	1.09498	0.146125	-2.31012	1.09813	0.151358
60.281	-1.90509	0.812861	0.147762	-1.90917	1.0954	0.146351	-2.3099	1.09808	0.151234
60.505	-1.90511	0.812887	0.147665	-1.90936	1.09484	0.146097	-2.31034	1.09772	0.151092
60.636	-1.90511	0.812919	0.147518	-1.90932	1.09485	0.146071	-2.30983	1.09809	0.151209
60.82	-1.90516	0.812942	0.147484	-1.90917	1.09554	0.146454	-2.31012	1.09794	0.151138
61.076	-1.90519	0.812965	0.147519	-1.90924	1.09553	0.146543	-2.31002	1.09782	0.150819
61.348	-1.90517	0.813	0.147579	-1.90924	1.09552	0.146552	-2.30998	1.09795	0.150924
61.601	-1.90513	0.81307	0.1477	-1.90928	1.09542	0.146465	-2.30998	1.09776	0.150675
61.861	-1.90515	0.813148	0.147884	-1.90933	1.09535	0.14646	-2.31012	1.09747	0.150444
62.053	-1.90539	0.813207	0.148233	-1.90934	1.09536	0.146464	-2.31071	1.09702	0.150145
62.34	-1.90506	0.813213	0.147916	-1.90929	1.09536	0.146425	-2.31043	1.09714	0.150226
62.47	-1.9051	0.813234	0.14801	-1.90932	1.09528	0.146414	-2.3107	1.09725	0.150833
62.736	-1.90512	0.813201	0.148011	-1.90934	1.09527	0.146452	-2.31033	1.09753	0.151125
62.929	-1.90509	0.813174	0.147921	-1.90934	1.09516	0.146327	-2.31027	1.0975	0.151063
63.092	-1.90507	0.813146	0.147828	-1.90931	1.09515	0.146239	-2.3106	1.09735	0.151156
63.371	-1.90508	0.813079	0.147758	-1.90933	1.09516	0.146313	-2.31016	1.09822	0.151764
63.531	-1.90513	0.812992	0.147631	-1.90932	1.09514	0.14631	-2.30986	1.09822	0.151383
63.807	-1.90513	0.812935	0.147451	-1.90928	1.09516	0.146262	-2.31011	1.09826	0.151454
64.085	-1.90516	0.812903	0.147407	-1.90932	1.09519	0.146354	-2.31017	1.09811	0.151392
64.308	-1.90538	0.812906	0.147702	-1.90933	1.09508	0.146283	-2.3098	1.09819	0.15135
64.576	-1.90498	0.812892	0.147329	-1.90928	1.0951	0.14623	-2.30981	1.0982	0.151277
64.687	-1.90524	0.81289	0.147698	-1.90927	1.09514	0.146227	-2.31004	1.098	0.151089
64.79	-1.90516	0.812895	0.147657	-1.9093	1.09516	0.146284	-2.3095	1.09736	0.150055
64.886	-1.90516	0.81285	0.147708	-1.90929	1.09515	0.146276	-2.3097	1.09731	0.150122
65.008	-1.90509	0.812859	0.147682	-1.90878	1.09504	0.145398	-2.30995	1.09766	0.150363
65.196	-1.90507	0.812832	0.147684	-1.90877	1.09502	0.145313	-2.30997	1.09755	0.150332
65.405	-1.90516	0.81286	0.147613	-1.9088	1.09501	0.145471	-2.30998	1.09754	0.150421
65.594	-1.90513	0.81306	0.147661	-1.90882	1.09501	0.1455	-2.30961	1.09752	0.150224
65.703	-1.90509	0.813291	0.147594	-1.90874	1.09504	0.145322	-2.30953	1.09749	0.150082
65.879	-1.90507	0.813306	0.147618	-1.90874	1.09502	0.145349	-2.30998	1.09758	0.150376
66.02	-1.90495	0.813124	0.147252	-1.90878	1.09504	0.145447	-2.30993	1.09785	0.150758
66.187	-1.90488	0.813058	0.147179	-1.90873	1.09511	0.145404	-2.30954	1.09773	0.150301
66.369	-1.90487	0.81307	0.147163	-1.9086	1.09512	0.145244	-2.30995	1.09702	0.149551
66.479	-1.90491	0.813043	0.14721	-1.90923	1.0953	0.146337	-2.3103	1.09712	0.150057
66.551	-1.90494	0.813056	0.147265	-1.90924	1.09543	0.146437	-2.3101	1.09704	0.149834
66.579	-1.90493	0.812986	0.147235	-1.90923	1.09541	0.146417	-2.31007	1.09702	0.149725
66.681	-1.90493	0.812986	0.147235	-1.90923	1.09541	0.146417	-2.31007	1.09702	0.149725
66.792	-1.90512	0.81308	0.147688	-1.9092	1.09534	0.146292	-2.30969	1.09731	0.149836
66.99	-1.90514	0.813114	0.147732	-1.90937	1.09482	0.146092	-2.30999	1.0976	0.150323
67.233	-1.90511	0.813101	0.147697	-1.90934	1.095	0.146202	-2.30994	1.09757	0.150178
67.364	-1.90517	0.813083	0.147791	-1.90939	1.09497	0.146249	-2.31003	1.09762	0.150376
67.539	-1.90516	0.813082	0.147798	-1.90939	1.09492	0.146167	-2.30963	1.09756	0.150259
67.774	-1.90513	0.813075	0.147702	-1.90935	1.09502	0.1462	-2.30992	1.09768	0.150444
67.991	-1.90513	0.813077	0.147734	-1.90934	1.09507	0.146194	-2.30993	1.09771	0.150388
68.289	-1.90493	0.812938	0.147429	-1.90935	1.09509	0.14624	-2.31004	1.09763	0.150475
68.587	-1.90498	0.812934	0.147381	-1.90933	1.09512	0.146272	-2.30965	1.09754	0.150323
68.78	-1.90497	0.812981	0.147356	-1.90931	1.0951	0.146202	-2.30998	1.09764	0.150437
68.965	-1.90499	0.812941	0.147356	-1.90931	1.09512	0.146212	-2.31003	1.09761	0.150517
69.219	-1.90499	0.812966	0.147337	-1.90932	1.09512	0.146251	-2.30961	1.09752	0.150292
69.462	-1.90493	0.81296	0.147273	-1.90929	1.09518	0.146288	-2.31009	1.09708	0.149918
69.691	-1.90505	0.812935	0.147395	-1.9093	1.09515	0.14621	-2.31004	1.09702	0.149845
69.966	-1.90514	0.812966	0.147548	-1.90933	1.09518	0.146314	-2.30965	1.09746	0.150284
70.118	-1.90472	0.812863	0.147045	-1.90932	1.09512	0.14626	-2.30972	1.09736	0.150133
70.337	-1.90524	0.813055	0.147834	-1.90931	1.09516	0.146273	-2.30989	1.09773	0.150706
70.562	-1.90527	0.81309	0.147905	-1.9093	1.09511	0.14621	-2.30966	1.0972	0.149654
70.835	-1.90523	0.813099	0.147849	-1.90933	1.09505	0.146249	-2.31015	1.0969	0.149792
71.084	-1.90511	0.813155	0.147695	-1.9093	1.09515	0.146252	-2.31003	1.09742	0.150304
71.36	-1.9051	0.813178	0.147707	-1.90929	1.09512	0.146224	-2.30962	1.09733	0.149909
71.621	-1.90515	0.813235	0.147802	-1.90929	1.0951	0.146201	-2.30968	1.09728	0.149881
71.887	-1.90517	0.813297	0.14785	-1.9093	1.09504	0.146245	-2.30968	1.09725	0.149937
72.071	-1.90516	0.813324	0.147823	-1.90927	1.09507	0.146192	-2.31003	1.09738	0.150131
72.246	-1.90521	0.813341	0.147834	-1.90921	1.09526	0.146298	-2.30964	1.09727	0.149825
72.566	-1.90528	0.813348	0.147811	-1.90931	1.09515	0.146296	-2.30966	1.09736	0.149734
72.832	-1.90526	0.813319	0.147715	-1.90932	1.09504	0.146213	-2.31009	1.09677	0.149475
73	-1.90527	0.813281	0.147723	-1.90927	1.09509	0.146192	-2.30962	1.09732	0.149743
73.167	-1.90527	0.812909	0.14782	-1.9093	1.09504	0.146183	-2.30969	1.09718	0.149786
73.362	-1.90527	0.812935	0.147841	-1.9093	1.09513	0.146271	-2.31004	1.09656	0.149402
73.58	-1.90524	0.812931	0.147754	-1.90928	1.09511	0.14624	-2.30955	1.09738	0.149961
73.91	-1.90523	0.812934	0.147821	-1.90927	1.09505	0.146178	-2.30975	1.09709	0.149405
74.07	-1.90528	0.812935	0.147833	-1.90931	1.09506	0.146235	-2.30981	1.09717	0.149568
74.281	-1.90523	0.812936	0.14796	-1.9093	1.09511	0.146254	-2.31038	1.09639	0.149025
74.503	-1.90519	0.812901	0.147897	-1.9093	1.09508	0.146212	-2.30977	1.0972	0.149513
74.705	-1.90521	0.812944	0.147953	-1.9093	1.09505	0.146166	-2.30979	1.09711	0.149393
74.965	-1.9052	0.812922	0.147952	-1.90929	1.09512	0.14625	-2.30982	1.09714	0.149591
75.235	-1.90516	0.812908	0.147887	-1.90931	1.0951	0.146266	-2.30976	1.09714	0.149583
75.416	-1.90518	0.812899	0.147869	-1.90932	1.09511	0.146201	-2.30976	1.09714	0.149489
75.604	-1.90519	0.812923	0.147889	-1.90933	1.09505	0.146196	-2.30978	1.09718	0.149528
75.766	-1.90516	0.812922	0.14785	-1.90937	1.095	0.146192	-2.31058	1.09665	0.149486
75.982	-1.90513	0.812907	0.147804	-1.90935	1.09493	0.146077	-2.31004	1.09736	0.149856
76.218	-1.90512	0.8129	0.147796	-1.90939	1.09493	0.146152	-2.30978	1.09716	0.149541
76.49	-1.90514	0.812891	0.147832	-1.90939	1.09483	0.146087	-2.30982	1.09721	0.149685
76.825	-1.90512	0.812876	0.147788	-1.90921	1.09539	0.146295	-2.30961	1.0971	0.149652
76.985	-1.90511	0.812859	0.14775	-1.90845	1.09546	0.145268	-2.30978	1.09719	0.149525
77.104	-1.90514	0.81285	0.147785	-1.90924	1.09552	0.146433	-2.3101	1.09741	0.150191
77.318	-1.90518	0.812886	0.147863	-1.90871	1.09532	0.145482	-2.30988	1.09714	0.149631
77.513	-1.90515	0.812888	0.147797	-1.9087	1.09536	0.145473	-2.3097	1.09709	0.149715
77.71	-1.9052	0.81292	0.14785	-1.90877	1.0953	0.145587	-2.31043	1.09701	0.150104
77.849	-1.90524	0.812894	0.147745	-1.90886	1.0952	0.145618	-2.31039	1.09661	0.149378
77.955	-1.90521	0.812879	0.147727	-1.90886	1.09521	0.145643	-2.31026	1.09692	0.149615
78.057	-1.90519	0.812925	0.147705	-1.90882	1.09519	0.14552	-2.3106	1.09679	0.149707
78.167	-1.90521	0.812907	0.147714	-1.90932	1.09527	0.146328	-2.31037	1.09661	0.149363
78.327	-1.9052	0.812934	0.147741	-1.90932	1.09527	0.146317	-2.31041	1.09651	0.149297
78.548	-1.90538	0.812826	0.147853	-1.9093	1.09523	0.146255	-2.31059	1.09678	0.150223
78.74	-1.90544	0.813215	0.147889	-1.90933	1.09517	0.146243	-2.31062	1.09758	0.150699
78.842	-1.9054	0.812802	0.14787	-1.90936	1.09515	0.146288	-2.31055	1.09733	0.150583
78.941	-1.90509	0.813312	0.147464	-1.90934	1.09515	0.146252	-2.31047	1.0974	0.150578
79.174	-1.9054	0.813286	0.147796	-1.9093	1.09514	0.146184	-2.30991	1.09823	0.151205
79.365	-1.90542	0.813319	0.147805	-1.90933	1.09513	0.146229	-2.31022	1.09823	0.151202
79.529	-1.90536	0.813314	0.147837	-1.90937	1.09514	0.146293	-2.30994	1.09804	0.150972
79.816	-1.9051	0.813276	0.147558	-1.90933	1.09523	0.146275	-2.31015	1.09828	0.151447
80.013	-1.90484	0.813093	0.147193	-1.90932	1.09513	0.146215	-2.31016	1.09832	0.151532
80.199	-1.90488	0.813112	0.147282	-1.90936	1.09518	0.146307	-2.31022	1.09828	0.151429
80.45	-1.90509	0.813241	0.147658	-1.90936	1.09519	0.146328	-2.30992	1.09826	0.151278
80.606	-1.90529	0.813275	0.147889	-1.90931	1.09521	0.146269	-2.31016	1.09827	0.151334
80.736	-1.90507	0.813224	0.147661	-1.90932	1.0952	0.146269	-2.31022	1.09811	0.151383
81.005	-1.90512	0.813243	0.147751	-1.90937	1.0952	0.146325	-2.30997	1.09801	0.150757
81.287	-1.90504	0.813233	0.147661	-1.90931	1.09522	0.146277	-2.31012	1.09825	0.151443
81.528	-1.90527	0.813252	0.147899	-1.90929	1.09527	0.146254	-2.31049	1.09771	0.15124
81.694	-1.90511	0.813214	0.147738	-1.90936	1.09529	0.146377	-2.31056	1.09758	0.151319
81.861	-1.90511	0.813215	0.147728	-1.90932	1.09531	0.146398	-2.31034	1.09757	0.151043
82.063	-1.90507	0.813218	0.147661	-1.90928	1.0953	0.1463	-2.31054	1.09748	0.151104
82.25	-1.90509	0.813212	0.147691	-1.9093	1.09529	0.146328	-2.3106	1.09754	0.151127
82.428	-1.90535	0.813271	0.148005	-1.90934	1.09534	0.146416	-2.31034	1.09765	0.151076
82.628	-1.90509	0.813228	0.147724	-1.90931	1.09542	0.14643	-2.31058	1.09748	0.15113
82.922	-1.90531	0.813276	0.147949	-1.90927	1.09544	0.146381	-2.31048	1.09732	0.150604
83.084	-1.90539	0.813284	0.148041	-1.90925	1.09543	0.146426	-2.31044	1.09728	0.150667
83.204	-1.90501	0.813266	0.147618	-1.90929	1.0955	0.146498	-2.31044	1.09744	0.150932
83.489	-1.90497	0.813262	0.147569	-1.90923	1.09555	0.146447	-2.3102	1.09781	0.15094
83.644	-1.90534	0.813296	0.148021	-1.90917	1.09553	0.146361	-2.3098	1.09737	0.150363
83.749	-1.90532	0.813285	0.148005	-1.90922	1.09537	0.146317	-2.30978	1.09724	0.150028
83.88	-1.90518	0.813319	0.147826	-1.90941	1.09479	0.146022	-2.30972	1.09736	0.150083
84.007	-1.90517	0.813325	0.147801	-1.9089	1.09479	0.145237	-2.30974	1.09724	0.149978
84.193	-1.90525	0.81332	0.147871	-1.90885	1.09487	0.145205	-2.31016	1.09734	0.150255
84.306	-1.90546	0.813323	0.148452	-1.90955	1.0949	0.146886	-2.30991	1.09735	0.149902
84.67	-1.90535	0.813348	0.148737	-1.90941	1.09496	0.147179	-2.31013	1.09748	0.150041
84.839	-1.90132	0.812923	0.148725	-1.90558	1.09527	0.145986	-2.30691	1.09721	0.148749
85.091	-1.90003	0.812631	0.147456	-1.90399	1.09501	0.145525	-2.30488	1.09795	0.15031
85.32	-1.89756	0.811832	0.148138	-1.90129	1.09454	0.146253	-2.30189	1.09791	0.151343
85.583	-1.89545	0.811146	0.148044	-1.89868	1.09399	0.146278	-2.29988	1.09729	0.150987
85.92	-1.89282	0.810545	0.148171	-1.8951	1.09269	0.145204	-2.29584	1.09709	0.149617
86.158	-1.88956	0.809528	0.14939	-1.89074	1.09105	0.145497	-2.29253	1.09657	0.149752
86.42	-1.88683	0.808086	0.14937	-1.88706	1.08981	0.145574	-2.28814	1.09782	0.151389
86.69	-1.88408	0.80665	0.149287	-1.88263	1.08822	0.145023	-2.28411	1.09822	0.152159
86.959	-1.88052	0.805342	0.149344	-1.87792	1.08678	0.144412	-2.27922	1.09795	0.151204
87.249	-1.87684	0.803191	0.14867	-1.87329	1.0852	0.144388	-2.27478	1.09736	0.150633
87.633	-1.87337	0.801611	0.149139	-1.86846	1.08343	0.144836	-2.26968	1.09754	0.150924
87.887	-1.86865	0.799701	0.149864	-1.86244	1.08136	0.145391	-2.26277	1.09772	0.151329
88.167	-1.86384	0.797162	0.14943	-1.85634	1.07883	0.144557	-2.25762	1.09734	0.151503
88.448	-1.85954	0.795121	0.149339	-1.85073	1.07683	0.143824	-2.25168	1.09668	0.151154
88.689	-1.85504	0.792776	0.149429	-1.84536	1.07467	0.144657	-2.2455	1.09656	0.151446
89.022	-1.84992	0.789868	0.148311	-1.83902	1.07202	0.144851	-2.23913	1.09596	0.151541
89.245	-1.84379	0.786711	0.148687	-1.8302	1.06843	0.14445	-2.23099	1.09537	0.152182
89.48	-1.83874	0.78404	0.149194	-1.82328	1.06526	0.143637	-2.22412	1.0945	0.151695
89.73	-1.83359	0.781013	0.149427	-1.81674	1.06245	0.144202	-2.21552	1.09477	0.152579
89.971	-1.82794	0.778103	0.149067	-1.80936	1.05929	0.143763	-2.20884	1.09398	0.152771
90.171	-1.82233	0.775344	0.149507	-1.80221	1.05574	0.144315	-2.20132	1.09327	0.15326
90.428	-1.81668	0.771587	0.149421	-1.79443	1.05242	0.144643	-2.19326	1.09252	0.153314
90.745	-1.81132	0.76826	0.150128	-1.7866	1.04893	0.144464	-2.18551	1.09144	0.153193
91.015	-1.80428	0.764679	0.148923	-1.77909	1.04565	0.145631	-2.17704	1.09045	0.153771
91.294	-1.79663	0.760043	0.14935	-1.76844	1.04055	0.144786	-2.16635	1.08886	0.153507
91.605	-1.79003	0.756099	0.149095	-1.76029	1.03661	0.145403	-2.15736	1.08796	0.153561
91.876	-1.78348	0.751994	0.149269	-1.75151	1.03227	0.145496	-2.14748	1.08645	0.153323
92.144	-1.77678	0.748112	0.149191	-1.743	1.02798	0.145858	-2.13828	1.08539	0.153176
92.484	-1.7703	0.744088	0.149537	-1.73354	1.02376	0.145529	-2.12879	1.08444	0.153959
92.757	-1.76101	0.738912	0.149001	-1.72238	1.01838	0.146165	-2.11635	1.08274	0.153637
93.012	-1.75359	0.735138	0.148812	-1.71286	1.01387	0.145573	-2.10672	1.08105	0.153941
93.265	-1.74539	0.731541	0.148843	-1.70289	1.01014	0.145266	-2.09662	1.07916	0.153604
93.485	-1.73748	0.727641	0.148652	-1.69327	1.00642	0.145613	-2.08691	1.07842	0.154182
93.753	-1.72917	0.724341	0.149253	-1.6835	1.00235	0.145368	-2.07616	1.07601	0.152789
94.079	-1.72053	0.721254	0.149312	-1.67422	0.999222	0.146437	-2.06623	1.07492	0.153737
94.382	-1.70908	0.718098	0.149823	-1.66152	0.995689	0.146507	-2.05332	1.07219	0.152952
94.689	-1.69933	0.71542	0.149378	-1.65079	0.99313	0.146152	-2.04345	1.07001	0.153406
94.959	-1.68941	0.712819	0.149486	-1.6414	0.990735	0.146926	-2.03316	1.06806	0.153021
95.255	-1.67967	0.710927	0.149831	-1.63077	0.988526	0.146746	-2.02283	1.06625	0.153327
95.524	-1.66891	0.708283	0.148781	-1.62099	0.986882	0.147502	-2.01278	1.06407	0.153161
95.827	-1.65817	0.706789	0.149613	-1.60979	0.984996	0.146838	-2.0024	1.06212	0.153279
96.096	-1.64413	0.705384	0.14978	-1.5967	0.983696	0.148159	-1.98929	1.05927	0.153313
96.39	-1.63244	0.704679	0.149662	-1.58619	0.982845	0.148434	-1.97861	1.0577	0.153581
96.64	-1.62023	0.704124	0.149968	-1.57546	0.982655	0.148688	-1.96837	1.05515	0.153676
96.822	-1.60825	0.704143	0.149942	-1.56496	0.982627	0.149329	-1.95827	1.05346	0.154652
97.012	-1.5956	0.704051	0.150666	-1.55352	0.982893	0.148458	-1.94795	1.05171	0.154604
97.288	-1.58259	0.704487	0.149889	-1.54259	0.983849	0.148497	-1.93692	1.04973	0.153187
97.597	-1.5693	0.705074	0.149507	-1.53122	0.984737	0.14818	-1.92653	1.04803	0.153352
97.844	-1.55268	0.706427	0.150073	-1.51772	0.986561	0.149226	-1.9136	1.04518	0.154493
98.112	-1.53873	0.707771	0.149973	-1.50713	0.988396	0.149932	-1.90258	1.04274	0.154363
98.383	-1.52476	0.709369	0.149957	-1.49509	0.990126	0.149395	-1.89193	1.04103	0.154925
98.642	-1.51101	0.710986	0.150209	-1.48397	0.992422	0.149146	-1.88118	1.03933	0.155208
98.845	-1.49706	0.713602	0.150542	-1.47219	0.994602	0.148658	-1.87091	1.03898	0.15561
99.195	-1.4829	0.716513	0.150789	-1.46138	0.997666	0.149301	-1.85928	1.03726	0.155547
99.319	-1.46486	0.719616	0.151042	-1.44765	1.00121	0.150075	-1.84591	1.03576	0.155712
99.577	-1.45059	0.722434	0.151499	-1.43614	1.00409	0.15015	-1.83449	1.03418	0.155122
99.798	-1.43621	0.725602	0.151798	-1.42421	1.00742	0.149891	-1.82387	1.03323	0.154882
100.076	-1.42152	0.728958	0.151741	-1.41311	1.01095	0.150142	-1.81227	1.03177	0.155522
100.369	-1.4077	0.732104	0.151215	-1.40162	1.01429	0.150493	-1.80176	1.03022	0.15563
100.604	-1.38879	0.735627	0.150209	-1.38723	1.01872	0.15069	-1.78718	1.02869	0.155684
100.849	-1.37421	0.739773	0.150334	-1.3757	1.02265	0.150536	-1.77577	1.02807	0.156011
101.128	-1.35909	0.744404	0.151412	-1.36423	1.02641	0.150961	-1.764	1.02727	0.155814
101.346	-1.34442	0.748643	0.151765	-1.35289	1.03078	0.151459	-1.75251	1.02668	0.155313
101.596	-1.32974	0.753624	0.152556	-1.34135	1.03545	0.151112	-1.741	1.02662	0.155186
101.924	-1.31384	0.758972	0.152913	-1.3299	1.04044	0.151269	-1.72939	1.02619	0.154965
102.135	-1.29508	0.765172	0.152804	-1.31633	1.04731	0.152193	-1.71564	1.02653	0.156602
102.351	-1.27985	0.770363	0.152648	-1.30433	1.05164	0.15144	-1.70268	1.0263	0.155441
102.607	-1.26497	0.775612	0.152397	-1.29168	1.05634	0.150494	-1.69056	1.02689	0.155779
102.824	-1.24996	0.780358	0.152839	-1.27957	1.06064	0.150586	-1.67777	1.02713	0.155632
103.093	-1.23524	0.784901	0.153514	-1.26738	1.06501	0.150742	-1.66555	1.02811	0.1564
103.348	-1.22047	0.789011	0.153459	-1.25488	1.06912	0.150722	-1.65279	1.02916	0.15642
103.623	-1.20589	0.792557	0.152974	-1.24163	1.07231	0.149571	-1.63891	1.03044	0.155758
103.832	-1.18779	0.796352	0.152776	-1.22476	1.07612	0.15012	-1.62192	1.03219	0.155599
104.084	-1.17322	0.798924	0.153107	-1.21219	1.0788	0.151449	-1.60855	1.03396	0.157149
104.375	-1.15873	0.801333	0.152889	-1.19678	1.08051	0.149433	-1.59377	1.03509	0.156481
104.632	-1.14415	0.802913	0.153225	-1.1822	1.08226	0.149234	-1.57937	1.03719	0.156874
104.952	-1.13012	0.804061	0.153559	-1.1675	1.08347	0.149095	-1.56528	1.03991	0.157535
105.012	-1.11247	0.805193	0.154453	-1.14884	1.08467	0.149321	-1.54579	1.04191	0.156667
105.28	-1.11247	0.805193	0.154453	-1.14884	1.08467	0.149321	-1.54579	1.04191	0.156667
105.477	-1.08348	0.805285	0.154055	-1.11743	1.08518	0.149439	-1.51486	1.04591	0.157046
105.675	-1.06958	0.80452	0.154231	-1.1024	1.08475	0.149895	-1.49926	1.04765	0.157553
105.882	-1.05539	0.803508	0.154533	-1.08584	1.08362	0.149063	-1.4843	1.04949	0.158053
106.186	-1.03746	0.801007	0.154127	-1.0695	1.08219	0.148803	-1.46831	1.05096	0.158201
106.403	-1.02374	0.798328	0.154084	-1.04993	1.07939	0.150242	-1.44739	1.05178	0.157055
106.588	-1.00976	0.795111	0.15364	-1.03273	1.07622	0.149811	-1.43128	1.05246	0.1575
106.781	-0.995775	0.791538	0.153873	-1.01614	1.07287	0.150771	-1.41536	1.05395	0.158692
106.994	-0.982381	0.787228	0.154111	-0.999378	1.06886	0.150948	-1.39826	1.05487	0.158371
107.242	-0.969261	0.782975	0.154944	-0.98243	1.06468	0.150895	-1.38206	1.05604	0.158425
107.567	-0.956134	0.778361	0.155281	-0.965978	1.06015	0.15141	-1.36492	1.05676	0.157378
107.777	-0.939354	0.771764	0.155319	-0.944268	1.05434	0.151409	-1.34306	1.05743	0.157141
107.964	-0.926123	0.766615	0.154992	-0.927644	1.04901	0.151786	-1.32574	1.05789	0.1575
108.155	-0.912855	0.760762	0.154782	-0.910302	1.04311	0.151592	-1.30853	1.05774	0.157875
108.344	-0.899683	0.754999	0.15441	-0.893128	1.03729	0.151167	-1.29036	1.05743	0.157883
108.536	-0.886492	0.74893	0.154337	-0.875905	1.03098	0.150803	-1.27299	1.05738	0.157604
108.787	-0.874105	0.742444	0.155194	-0.858688	1.02468	0.151208	-1.25542	1.05669	0.157031
109.024	-0.861204	0.73609	0.155808	-0.841328	1.0178	0.151282	-1.23759	1.05576	0.157519
109.3	-0.84829	0.729107	0.155206	-0.824264	1.01063	0.150854	-1.22004	1.05449	0.157912
109.567	-0.83251	0.72045	0.154767	-0.802878	1.00132	0.150428	-1.19708	1.05227	0.157889
109.783	-0.82006	0.713854	0.155161	-0.78609	0.993713	0.150499	-1.1794	1.05031	0.158268
110.048	-0.807087	0.706101	0.154766	-0.769176	0.985404	0.150342	-1.16155	1.04826	0.158533
110.318	-0.794309	0.698418	0.154217	-0.751921	0.977372	0.149986	-1.14371	1.04587	0.158666
110.523	-0.778599	0.68876	0.154399	-0.731131	0.96682	0.150071	-1.12141	1.043	0.15978
110.759	-0.766072	0.681153	0.15448	-0.714421	0.958484	0.150192	-1.10341	1.04034	0.160272
110.98	-0.753247	0.673409	0.154444	-0.697972	0.950062	0.150227	-1.08563	1.03745	0.160151
111.235	-0.740747	0.666312	0.154568	-0.681457	0.94197	0.150416	-1.06798	1.03454	0.159677
111.432	-0.727518	0.658863	0.154576	-0.665288	0.933893	0.150798	-1.05083	1.03096	0.159203
111.741	-0.714784	0.651924	0.155173	-0.649266	0.925993	0.151617	-1.03398	1.0274	0.159417
111.953	-0.697705	0.642885	0.154825	-0.628978	0.916443	0.151814	-1.01222	1.02233	0.158417
112.136	-0.683677	0.63635	0.154177	-0.61276	0.909282	0.151793	-0.99505	1.01823	0.158333
112.349	-0.668963	0.629991	0.153443	-0.596762	0.902771	0.15162	-0.978721	1.0138	0.158764
112.542	-0.654195	0.624146	0.153306	-0.580731	0.896399	0.151864	-0.962056	1.00929	0.159038
112.773	-0.638906	0.618627	0.153439	-0.564622	0.890984	0.152068	-0.945796	1.00462	0.159105
113.058	-0.623201	0.613773	0.154113	-0.548948	0.885819	0.152712	-0.930595	1.00012	0.159644
113.267	-0.603093	0.608043	0.154369	-0.528742	0.880169	0.152698	-0.910501	0.994439	0.159172
113.481	-0.586882	0.603702	0.154593	-0.512545	0.876133	0.1527	-0.895096	0.990008	0.159306
113.769	-0.570286	0.599702	0.154682	-0.496779	0.87256	0.153337	-0.879509	0.985208	0.159839
114.007	-0.553037	0.596186	0.154088	-0.480719	0.868976	0.153033	-0.86408	0.980553	0.160098
114.205	-0.535527	0.593038	0.15331	-0.46463	0.866225	0.152658	-0.849005	0.975355	0.160502
114.458	-0.517637	0.590564	0.153693	-0.448614	0.863869	0.153001	-0.833381	0.970994	0.160813
114.717	-0.499867	0.588614	0.154638	-0.433046	0.862666	0.15392	-0.818363	0.966733	0.16081
114.971	-0.476794	0.586458	0.154006	-0.41307	0.86131	0.153674	-0.799724	0.960887	0.160486
115.182	-0.458024	0.585537	0.153078	-0.396887	0.860991	0.153408	-0.784603	0.956228	0.160866
115.419	-0.439323	0.584588	0.15287	-0.380785	0.860707	0.153286	-0.769588	0.95231	0.161362
115.613	-0.420357	0.584503	0.153839	-0.365088	0.861136	0.153451	-0.754811	0.948171	0.162315
115.917	-0.401403	0.584346	0.154097	-0.34914	0.861723	0.153451	-0.739728	0.944362	0.162777
116.158	-0.377761	0.584678	0.154217	-0.329356	0.862829	0.154026	-0.721339	0.9401	0.162451
116.394	-0.358853	0.58565	0.155224	-0.313852	0.86465	0.155279	-0.707249	0.936313	0.162176
116.59	-0.339493	0.587119	0.156054	-0.298845	0.866634	0.156426	-0.692255	0.933643	0.161864
116.778	-0.320334	0.588868	0.15591	-0.282994	0.868798	0.156361	-0.677953	0.930169	0.161169
116.975	-0.30085	0.591073	0.155556	-0.267543	0.871124	0.155662	-0.662848	0.927457	0.161154
117.242	-0.281502	0.593047	0.155166	-0.2518	0.87383	0.155851	-0.648007	0.924404	0.161616
117.449	-0.257367	0.596192	0.155673	-0.232515	0.877267	0.156438	-0.629559	0.921193	0.162488
117.69	-0.237858	0.598862	0.156173	-0.216935	0.880658	0.156613	-0.614604	0.918714	0.161841
117.935	-0.218244	0.602353	0.156895	-0.201689	0.884499	0.15649	-0.599982	0.916617	0.16117
118.126	-0.198977	0.606175	0.157206	-0.186565	0.88857	0.156837	-0.585111	0.914645	0.16068
118.352	-0.179357	0.610292	0.157201	-0.171301	0.892553	0.156987	-0.570161	0.912762	0.16075
118.569	-0.15497	0.615323	0.156463	-0.151976	0.897774	0.156512	-0.551305	0.910834	0.16162
118.78	-0.135694	0.61955	0.15675	-0.136629	0.902023	0.156696	-0.535912	0.909042	0.162093
118.966	-0.116468	0.6239	0.157279	-0.121546	0.90641	0.157367	-0.520721	0.907942	0.162766
119.159	-0.0972995	0.628785	0.157507	-0.106322	0.911093	0.157479	-0.50575	0.906904	0.162361
119.353	-0.0777283	0.633582	0.156656	-0.0911796	0.915984	0.157182	-0.490937	0.905828	0.162347
119.545	-0.0588229	0.638465	0.157227	-0.0758943	0.920655	0.15694	-0.474951	0.9054	0.161782
119.809	-0.0403433	0.643184	0.15872	-0.0603962	0.924992	0.15721	-0.459362	0.905419	0.162212
120.044	-0.0213823	0.64796	0.159081	-0.0444918	0.929249	0.156455	-0.443449	0.905665	0.16298
120.272	-0.00292123	0.651698	0.158773	-0.0283036	0.933002	0.15606	-0.426765	0.90649	0.163531
120.478	0.0193596	0.655743	0.15901	-0.00781398	0.936784	0.156805	-0.405852	0.907485	0.163896
120.713	0.037195	0.658217	0.158979	0.0087359	0.939202	0.157233	-0.389173	0.908229	0.163715
120.951	0.0548867	0.66071	0.159117	0.025679	0.941529	0.156827	-0.372147	0.909299	0.163394
121.187	0.0726888	0.662411	0.1589	0.0429807	0.943067	0.156574	-0.354881	0.910457	0.163271
121.398	0.094228	0.663365	0.159197	0.0646421	0.944321	0.157525	-0.333159	0.911689	0.163833
121.584	0.111283	0.663792	0.160351	0.0826422	0.944701	0.158484	-0.315182	0.91281	0.164477
121.777	0.128387	0.663544	0.160909	0.100239	0.944512	0.159295	-0.297705	0.91431	0.164006
121.989	0.14496	0.663294	0.161412	0.118844	0.943704	0.158476	-0.279529	0.916016	0.16287
122.247	0.161839	0.662028	0.161812	0.137154	0.943345	0.157999	-0.261201	0.917537	0.162149
122.5	0.178559	0.66055	0.161988	0.155956	0.941676	0.157663	-0.242571	0.918815	0.162479
122.796	0.195416	0.658224	0.16188	0.174986	0.939524	0.157609	-0.223894	0.920049	0.163318
123.038	0.216002	0.654099	0.161162	0.198732	0.936151	0.158259	-0.200054	0.921212	0.164108
123.248	0.231751	0.65079	0.161946	0.217836	0.932619	0.158374	-0.181204	0.922127	0.16452
123.434	0.24754	0.646597	0.163029	0.237376	0.928463	0.158627	-0.162084	0.923125	0.163897
123.621	0.262941	0.642213	0.163562	0.256453	0.923952	0.158757	-0.142892	0.923674	0.163437
123.868	0.278814	0.637278	0.16308	0.275786	0.919084	0.158434	-0.123557	0.924034	0.163577
124.059	0.29858	0.630125	0.161475	0.300316	0.91251	0.157986	-0.0989774	0.923782	0.16445
124.227	0.313746	0.624129	0.161837	0.319624	0.906134	0.15859	-0.0790647	0.923278	0.164883
124.442	0.328986	0.6179	0.162362	0.338829	0.89997	0.158632	-0.0596861	0.922935	0.165415
124.616	0.343915	0.611777	0.162598	0.35821	0.89343	0.158014	-0.039928	0.922623	0.165307
124.812	0.358801	0.604838	0.162438	0.37773	0.886284	0.157779	-0.0199762	0.922332	0.165425
125.081	0.373193	0.597752	0.162648	0.39682	0.878838	0.15807	-0.000293335	0.921756	0.166231
125.275	0.387488	0.590428	0.163178	0.415801	0.871013	0.158566	0.0197404	0.920308	0.166136
125.579	0.401502	0.582503	0.163098	0.434721	0.862763	0.158883	0.0395492	0.918689	0.16598
125.815	0.419237	0.572409	0.16314	0.458169	0.851727	0.15934	0.0642242	0.916159	0.165351
126.039	0.432841	0.563868	0.163733	0.476797	0.842523	0.160037	0.0838341	0.9138	0.165134
126.288	0.446371	0.555186	0.163464	0.495087	0.833307	0.160054	0.103469	0.910888	0.165426
126.54	0.460369	0.546541	0.163178	0.513878	0.823614	0.159936	0.123537	0.907889	0.16589
126.813	0.474095	0.53763	0.163269	0.531712	0.813856	0.159808	0.143251	0.904525	0.166302
126.999	0.490982	0.526672	0.164136	0.553991	0.801573	0.160536	0.167198	0.899828	0.166417
127.188	0.504769	0.517979	0.164467	0.571865	0.791952	0.160869	0.186372	0.895603	0.166
127.391	0.518732	0.50938	0.164521	0.589388	0.7824	0.16149	0.205326	0.891094	0.165805
127.586	0.532777	0.501148	0.164573	0.606506	0.773555	0.161879	0.223788	0.88663	0.166349
127.878	0.547156	0.493572	0.163761	0.623377	0.76514	0.161816	0.241633	0.881842	0.166924
128.053	0.566294	0.48469	0.16283	0.6444	0.755669	0.161292	0.263601	0.875267	0.167306
128.248	0.580978	0.478439	0.163229	0.66047	0.749272	0.161899	0.280293	0.870451	0.16802
128.496	0.595746	0.473198	0.164108	0.676048	0.743577	0.161974	0.295964	0.865826	0.168271
128.687	0.611126	0.467704	0.163634	0.691764	0.738048	0.161251	0.311866	0.860819	0.167321
128.916	0.626686	0.462392	0.162558	0.707656	0.732522	0.160429	0.328002	0.855526	0.166534
129.17	0.645732	0.455874	0.162143	0.72664	0.726116	0.160499	0.347034	0.849109	0.168299
129.354	0.660675	0.450878	0.162191	0.741641	0.721075	0.160696	0.362121	0.844179	0.170068
129.54	0.675216	0.445702	0.162034	0.756518	0.716013	0.16131	0.376958	0.83943	0.17046
129.734	0.689741	0.440812	0.162615	0.771125	0.710962	0.162097	0.391484	0.834783	0.170109
129.921	0.704006	0.436263	0.163487	0.785594	0.706369	0.16271	0.405957	0.830433	0.169545
130.088	0.718224	0.432136	0.16437	0.799876	0.70216	0.163057	0.420161	0.826279	0.16974
130.339	0.73229	0.427818	0.164191	0.814042	0.698133	0.162913	0.43436	0.822195	0.170085
130.618	0.746411	0.423708	0.164224	0.828126	0.693716	0.162704	0.448543	0.817663	0.169539
130.839	0.763702	0.4185	0.164257	0.845144	0.688543	0.162458	0.46561	0.812394	0.169377
131.088	0.777338	0.414323	0.164236	0.858604	0.68442	0.163019	0.479229	0.807741	0.169564
131.354	0.790752	0.409945	0.163947	0.871682	0.68021	0.162991	0.492133	0.803393	0.169572
131.625	0.804324	0.405978	0.16378	0.884929	0.676101	0.162456	0.505248	0.798857	0.169923
131.94	0.817666	0.401924	0.164047	0.897764	0.672095	0.162583	0.518002	0.794434	0.170178
132.135	0.83377	0.397047	0.164396	0.913933	0.667601	0.162851	0.533796	0.78925	0.170398
132.373	0.843326	0.394022	0.164366	0.923517	0.664468	0.162764	0.543235	0.786346	0.170281
132.59	0.85929	0.389584	0.165238	0.938243	0.658663	0.162696	0.558291	0.781391	0.169913
132.818	0.870625	0.384641	0.164755	0.950566	0.654642	0.16267	0.570377	0.777384	0.169827
133.056	0.882877	0.3811	0.164728	0.962182	0.652172	0.163351	0.582357	0.773446	0.169402
133.339	0.898046	0.376795	0.164591	0.977111	0.648003	0.16287	0.59696	0.768784	0.169116
133.582	0.910588	0.373651	0.165416	0.989188	0.644618	0.162661	0.608707	0.765018	0.16932
133.827	0.921967	0.370049	0.165057	1.00013	0.640597	0.163077	0.620145	0.761236	0.169895
134.014	0.933619	0.36646	0.165123	1.01149	0.637536	0.16362	0.631383	0.757542	0.170303
134.215	0.944956	0.36335	0.165187	1.02249	0.634373	0.163637	0.642488	0.753917	0.170111
134.487	0.956263	0.360045	0.165227	1.03371	0.631431	0.163939	0.653325	0.750703	0.16959
134.708	0.97011	0.356541	0.165402	1.0477	0.62833	0.163614	0.666688	0.74645	0.169634
134.927	0.981369	0.353479	0.164844	1.05797	0.625244	0.162956	0.677192	0.742791	0.170433
135.059	0.99293	0.350695	0.164385	1.06851	0.621884	0.162791	0.68761	0.739335	0.171313
135.198	1.00282	0.347126	0.164084	1.07871	0.618516	0.162679	0.697844	0.735764	0.171903
135.395	1.01318	0.344259	0.164098	1.08838	0.616015	0.163325	0.707842	0.732578	0.171762
135.683	1.02338	0.341603	0.164956	1.0984	0.613255	0.163313	0.71756	0.729782	0.171618
135.878	1.03313	0.338937	0.165025	1.10879	0.611249	0.163809	0.727201	0.726814	0.171502
136.091	1.04333	0.336385	0.165159	1.11828	0.608848	0.16361	0.736668	0.723853	0.171945
136.276	1.05519	0.333386	0.16522	1.13017	0.605849	0.163973	0.748358	0.720505	0.172706
136.485	1.06443	0.330824	0.165772	1.13912	0.602978	0.163731	0.757573	0.717867	0.172592
136.703	1.07351	0.328428	0.165942	1.14769	0.599627	0.163722	0.766553	0.715383	0.172201
136.959	1.08225	0.326423	0.166325	1.15628	0.598233	0.164213	0.774751	0.712911	0.17192
137.285	1.09098	0.323954	0.166674	1.16543	0.596457	0.164585	0.78375	0.710431	0.17197
137.559	1.10184	0.321216	0.166675	1.17604	0.593487	0.164811	0.793913	0.707433	0.172359
137.748	1.10982	0.319298	0.166633	1.18418	0.592098	0.164835	0.801973	0.704775	0.17205
137.906	1.11889	0.316951	0.16617	1.19235	0.589873	0.164881	0.810182	0.702568	0.172117
138.127	1.12723	0.315573	0.167006	1.20038	0.587804	0.164886	0.818204	0.700369	0.171948
138.378	1.13513	0.312902	0.166542	1.20903	0.586988	0.16569	0.826332	0.698703	0.172125
138.52	1.14261	0.310913	0.16641	1.21515	0.583552	0.164726	0.833169	0.695629	0.17169
138.789	1.14455	0.310415	0.16624	1.21709	0.58375	0.164942	0.83511	0.695164	0.171927
138.996	1.16001	0.30642	0.166631	1.23192	0.57913	0.165007	0.849819	0.690572	0.171988
139.183	1.16677	0.304494	0.166538	1.23955	0.57793	0.165393	0.8569	0.688559	0.172125
139.425	1.17379	0.302741	0.166918	1.24614	0.57619	0.165425	0.863589	0.686659	0.171677
139.693	1.18065	0.301326	0.167111	1.25256	0.573948	0.165525	0.870257	0.684658	0.171729
139.924	1.1894	0.29924	0.167489	1.26156	0.572712	0.16571	0.878335	0.682341	0.171647
140.128	1.19555	0.297944	0.167686	1.26671	0.571224	0.165451	0.884565	0.680669	0.171629
140.37	1.20242	0.296431	0.167994	1.27273	0.569997	0.165574	0.8909	0.678736	0.171947
140.623	1.20826	0.294939	0.167966	1.2786	0.568168	0.165667	0.896774	0.676979	0.172061
140.853	1.21434	0.293469	0.167965	1.28504	0.567224	0.165793	0.902094	0.675141	0.171841
141.108	1.21992	0.291948	0.167799	1.29014	0.565836	0.166234	0.907506	0.673509	0.172125
141.388	1.22669	0.291048	0.16849	1.29602	0.564366	0.166454	0.913089	0.67187	0.171964
141.59	1.23337	0.288834	0.168412	1.30247	0.562164	0.166571	0.919473	0.668913	0.171487
141.825	1.23817	0.287399	0.168213	1.30744	0.560613	0.166523	0.924071	0.667505	0.171541
142.057	1.24295	0.286329	0.168479	1.31243	0.560486	0.166573	0.929196	0.665903	0.17137
142.333	1.24794	0.285354	0.168597	1.31849	0.560132	0.167439	0.934028	0.664477	0.171146
142.587	1.25313	0.283959	0.168133	1.32215	0.558159	0.166881	0.938423	0.663212	0.171163
142.823	1.25944	0.28311	0.168756	1.32731	0.555905	0.166308	0.944506	0.661214	0.170737
143.042	1.26362	0.281563	0.168427	1.33225	0.555867	0.166733	0.948937	0.660046	0.170834
143.298	1.26731	0.280697	0.168324	1.33597	0.554826	0.166622	0.952162	0.658564	0.170541
143.518	1.2716	0.279566	0.168345	1.33961	0.553959	0.166422	0.955558	0.657851	0.171335
143.711	1.27533	0.27875	0.168241	1.34334	0.552475	0.166623	0.959444	0.656762	0.171416
143.923	1.27892	0.278005	0.16829	1.34671	0.551248	0.166354	0.962771	0.655436	0.171269
144.21	1.28294	0.277012	0.168852	1.35064	0.550989	0.166694	0.96642	0.654444	0.171105
144.484	1.28708	0.276184	0.168641	1.35452	0.550545	0.166904	0.970678	0.653073	0.17097
144.706	1.29028	0.275326	0.16851	1.35764	0.549277	0.166836	0.973195	0.65228	0.171179
144.914	1.29303	0.274784	0.16868	1.36032	0.548411	0.166486	0.976076	0.651775	0.171492
145.087	1.29594	0.27409	0.168704	1.36276	0.548237	0.166332	0.978748	0.650974	0.171419
145.286	1.29843	0.273468	0.16847	1.36534	0.546678	0.166285	0.981599	0.650552	0.171488
145.577	1.30095	0.272823	0.168411	1.36892	0.54756	0.167769	0.983617	0.650049	0.171619
145.76	1.30413	0.272858	0.169379	1.37132	0.546882	0.167539	0.986329	0.649293	0.171661
145.912	1.30606	0.272469	0.169018	1.3739	0.546447	0.167447	0.98835	0.64832	0.171274
146.073	1.30791	0.27196	0.168729	1.3753	0.545899	0.165886	0.990217	0.647753	0.171384
146.297	1.30922	0.271206	0.168612	1.37663	0.545406	0.165804	0.991676	0.6474	0.171836
146.481	1.31025	0.270864	0.169112	1.37721	0.545017	0.16668	0.992581	0.647539	0.171907
146.702	1.31152	0.270733	0.169195	1.37871	0.544911	0.167002	0.993626	0.647442	0.171177
146.938	1.31276	0.270623	0.168818	1.38	0.544801	0.166673	0.99481	0.646752	0.170696
147.217	1.3139	0.270328	0.16907	1.38168	0.544773	0.166989	0.996052	0.646262	0.171248
147.503	1.31496	0.270069	0.169055	1.38226	0.543884	0.166765	0.997006	0.645929	0.171707
147.797	1.31607	0.269821	0.168562	1.38302	0.543845	0.166137	0.997629	0.646183	0.171776
147.986	1.31643	0.269632	0.168598	1.38377	0.54424	0.166753	0.998335	0.645642	0.171376
148.115	1.31658	0.269577	0.16878	1.38397	0.544138	0.16709	0.998584	0.645675	0.17129
148.214	1.31653	0.269657	0.168733	1.38387	0.544257	0.166757	0.998432	0.645765	0.171236
148.328	1.31572	0.269721	0.16865	1.38317	0.543868	0.166269	0.997967	0.645788	0.171288
148.437	1.31513	0.269963	0.168885	1.38297	0.544608	0.166909	0.99738	0.645994	0.17142
148.629	1.31453	0.270161	0.168941	1.38233	0.54472	0.166897	0.996762	0.646085	0.171155
148.848	1.31385	0.270314	0.168817	1.38158	0.544847	0.167029	0.99614	0.646255	0.170997
149.006	1.31301	0.2705	0.168927	1.38043	0.544982	0.16688	0.995297	0.646512	0.171178
149.187	1.31256	0.27067	0.168924	1.37985	0.545099	0.166843	0.994733	0.646723	0.171272
149.36	1.31226	0.270941	0.168942	1.37931	0.545236	0.166709	0.994201	0.64694	0.171218
149.57	1.31178	0.271075	0.169035	1.37867	0.545434	0.166823	0.993597	0.647039	0.171044
149.815	1.31123	0.271202	0.169225	1.37816	0.545611	0.167102	0.993131	0.647222	0.170993
150.103	1.31078	0.271318	0.169182	1.37771	0.545738	0.167144	0.992699	0.647257	0.170875
150.387	1.31014	0.271441	0.169179	1.37701	0.545726	0.166762	0.992236	0.647398	0.170943
150.594	1.30966	0.271616	0.169202	1.37665	0.545873	0.16667	0.991867	0.647542	0.171006
150.818	1.3092	0.271752	0.169232	1.37632	0.545924	0.166615	0.991497	0.647678	0.170971
151.027	1.30884	0.271876	0.169241	1.37601	0.546003	0.166643	0.991112	0.647812	0.170931
151.253	1.30841	0.271922	0.169254	1.37572	0.546085	0.166735	0.990725	0.647883	0.170906
151.563	1.30811	0.271928	0.169204	1.37454	0.546053	0.16632	0.99048	0.647947	0.170967
151.807	1.30794	0.271994	0.16922	1.37434	0.546116	0.166353	0.990267	0.648048	0.171065
152.162	1.30773	0.272021	0.169239	1.37508	0.546256	0.16681	0.990058	0.648086	0.171054
152.411	1.3075	0.272085	0.169225	1.37487	0.546275	0.16693	0.98989	0.648148	0.1711
152.666	1.30736	0.272043	0.169085	1.3739	0.546154	0.166553	0.989779	0.648197	0.171099
152.919	1.30731	0.27208	0.169141	1.37475	0.546351	0.166997	0.98968	0.648248	0.171111
153.235	1.3072	0.272042	0.169063	1.37468	0.546354	0.166997	0.989586	0.648251	0.17106
153.498	1.30718	0.272096	0.169177	1.37376	0.546217	0.166521	0.989619	0.648257	0.171114
153.792	1.30711	0.272059	0.169175	1.37377	0.546225	0.16658	0.989673	0.648267	0.171154
154.057	1.30718	0.271969	0.168965	1.37476	0.546396	0.167038	0.989678	0.648214	0.171073
154.307	1.30747	0.272472	0.169163	1.37476	0.546334	0.166943	0.989756	0.648189	0.171051
154.581	1.30735	0.271939	0.169032	1.37483	0.546304	0.166915	0.989872	0.64816	0.1711
154.849	1.30767	0.272446	0.169162	1.37482	0.546289	0.166813	0.989967	0.648147	0.171039
155.106	1.30774	0.2724	0.169117	1.37499	0.546245	0.166839	0.990052	0.648095	0.171007
155.414	1.30784	0.272325	0.16914	1.37513	0.546243	0.166826	0.990163	0.648088	0.170982
155.7	1.30789	0.271951	0.169154	1.37443	0.546161	0.166431	0.990325	0.648079	0.171015
155.967	1.30807	0.272281	0.169113	1.37584	0.546349	0.16652	0.990349	0.648006	0.170944
156.218	1.30814	0.272249	0.169103	1.37577	0.546309	0.166334	0.990428	0.64799	0.170951
156.554	1.30826	0.272217	0.169147	1.37582	0.546267	0.166501	0.990524	0.647987	0.170986
156.731	1.30834	0.272185	0.169134	1.37584	0.546243	0.166482	0.99057	0.647963	0.171007
157.038	1.30835	0.272159	0.169076	1.3759	0.546239	0.166502	0.990577	0.647911	0.170988
157.303	1.30838	0.272128	0.169069	1.37524	0.546126	0.166065	0.990651	0.647892	0.171017
157.621	1.30847	0.272175	0.169142	1.37527	0.546117	0.166129	0.990721	0.647887	0.171038
157.828	1.3084	0.271924	0.169156	1.37531	0.546114	0.166157	0.990745	0.647879	0.171002
158.073	1.30841	0.271907	0.169219	1.37527	0.546105	0.166132	0.990722	0.647868	0.171003
158.389	1.30841	0.271933	0.169194	1.37531	0.546142	0.166169	0.990726	0.647895	0.171014
158.676	1.30847	0.272165	0.16908	1.37519	0.545946	0.166202	0.990686	0.647943	0.17104
158.929	1.30838	0.272158	0.169236	1.37599	0.546229	0.166499	0.990598	0.647986	0.171015
159.157	1.30839	0.271875	0.169007	1.37587	0.546249	0.166443	0.990488	0.647992	0.170947
159.465	1.3082	0.271876	0.169366	1.3752	0.546157	0.166136	0.990523	0.648016	0.170987
159.743	1.30818	0.271911	0.169433	1.37584	0.54625	0.166527	0.990448	0.648069	0.170991
159.941	1.30817	0.271932	0.169343	1.37577	0.546286	0.166479	0.99034	0.648078	0.170983
160.148	1.30812	0.271998	0.169401	1.37582	0.546302	0.166593	0.990298	0.648113	0.171054
160.411	1.3081	0.272009	0.169398	1.37572	0.546325	0.166548	0.990245	0.648141	0.171071
160.675	1.30809	0.27202	0.169436	1.37557	0.546262	0.166512	0.990171	0.648118	0.17101
160.93	1.30806	0.272044	0.169394	1.37549	0.54626	0.166403	0.99015	0.648168	0.171008
161.248	1.30809	0.272002	0.169309	1.37544	0.54626	0.166425	0.990116	0.648138	0.171069
161.458	1.30791	0.272044	0.169435	1.37556	0.54628	0.166514	0.990136	0.648173	0.171082
161.741	1.30805	0.272001	0.169337	1.37543	0.546257	0.166443	0.990085	0.648179	0.171061
162.034	1.30792	0.272841	0.169355	1.37546	0.546281	0.166467	0.990099	0.648178	0.171078
162.343	1.30796	0.271246	0.169627	1.37554	0.546313	0.16655	0.990132	0.648169	0.171097
162.656	1.30794	0.271259	0.169702	1.37557	0.546318	0.166546	0.990114	0.648157	0.171067
162.917	1.30804	0.27128	0.169688	1.37561	0.546294	0.166517	0.990137	0.648139	0.171047
163.233	1.30793	0.271223	0.169692	1.37567	0.546328	0.166535	0.990192	0.648109	0.171057
163.517	1.30817	0.271192	0.169619	1.37501	0.546222	0.166231	0.99024	0.648134	0.17111
163.796	1.30814	0.271343	0.169631	1.37501	0.546203	0.166171	0.990236	0.648074	0.171056
164.069	1.30822	0.271394	0.169703	1.37488	0.546226	0.165988	0.990276	0.648074	0.171036
164.394	1.30831	0.271301	0.169533	1.37503	0.546191	0.166243	0.990328	0.648081	0.171106
164.625	1.30832	0.27132	0.169582	1.37495	0.546218	0.166261	0.990346	0.647993	0.171043
164.782	1.30824	0.271325	0.169635	1.37481	0.546304	0.166163	0.990319	0.64797	0.170968
165.067	1.30839	0.271274	0.169546	1.37489	0.54626	0.166008	0.990416	0.648013	0.170973
165.367	1.30824	0.271342	0.169632	1.37489	0.54626	0.166008	0.990476	0.647995	0.171038
165.591	1.30835	0.271266	0.169577	1.37489	0.54626	0.166008	0.99046	0.647978	0.170986
165.832	1.30825	0.271351	0.169607	1.37489	0.54626	0.166008	0.990414	0.647982	0.170956
166.105	1.3082	0.271295	0.16962	1.37489	0.54626	0.166008	0.990455	0.648019	0.171043
166.411	1.30831	0.27123	0.169558	1.37489	0.54626	0.166008	0.990416	0.648021	0.17103
166.603	1.30832	0.271285	0.169527	1.37489	0.54626	0.166008	0.990363	0.648017	0.170948
166.849	1.30747	0.270724	0.169436	1.37489	0.54626	0.166008	0.990358	0.648031	0.170984
167.061	1.30726	0.270715	0.169484	1.37489	0.54626	0.166008	0.990386	0.648055	0.171029
167.3	1.30819	0.271265	0.1696	1.37489	0.54626	0.166008	0.990348	0.648035	0.171001
167.55	1.3082	0.271332	0.16962	1.37489	0.54626	0.166008	0.990337	0.648023	0.170931
167.82	1.30823	0.271269	0.169536	1.37489	0.54626	0.166008	0.990373	0.648053	0.170982
167.981	1.30827	0.271255	0.169519	1.37489	0.54626	0.166008	0.990414	0.648052	0.17101
168.285	1.30831	0.271296	0.16947	1.37489	0.54626	0.166008	0.990369	0.648007	0.170937
168.537	1.30821	0.271325	0.169605	1.37489	0.54626	0.166008	0.99037	0.648012	0.170906
168.755	1.30831	0.271278	0.169497	1.37489	0.54626	0.166008	0.9904	0.648005	0.170929
168.988	1.30824	0.271306	0.169615	1.37489	0.54626	0.166008	0.990399	0.648045	0.170967
169.314	1.30827	0.271335	0.169567	1.37489	0.54626	0.166008	0.990357	0.648002	0.170953
169.56	1.30792	0.270955	0.169512	1.37489	0.54626	0.166008	0.990374	0.648041	0.170958
169.851	1.30795	0.271036	0.169629	1.37489	0.54626	0.166008	0.990403	0.648047	0.170966
170.068	1.30812	0.271163	0.16955	1.37489	0.54626	0.166008	0.990386	0.647998	0.170934
170.337	1.30807	0.271079	0.169489	1.37489	0.54626	0.166008	0.99037	0.64799	0.170933
170.603	1.30814	0.271167	0.169551	1.37489	0.54626	0.166008	0.990372	0.648007	0.17097
170.786	1.30793	0.27113	0.169578	1.37489	0.54626	0.166008	0.990389	0.648026	0.170977
171.053	1.30813	0.271174	0.169591	1.37489	0.54626	0.166008	0.990401	0.648012	0.170949
171.321	1.30806	0.271104	0.169528	1.37489	0.54626	0.166008	0.99034	0.647993	0.170919
171.502	1.308	0.271165	0.169577	1.37489	0.54626	0.166008	0.990406	0.648021	0.170968
171.747	1.3081	0.271209	0.169616	1.37489	0.54626	0.166008	0.990386	0.648016	0.170927
172.018	1.30806	0.27121	0.169645	1.37489	0.54626	0.166008	0.990362	0.648004	0.170928
172.287	1.30812	0.271149	0.169592	1.37489	0.54626	0.166008	0.990382	0.647991	0.170929
172.536	1.30816	0.271198	0.169629	1.37489	0.54626	0.166008	0.990399	0.648021	0.17093
172.773	1.30801	0.271248	0.169638	1.37489	0.54626	0.166008	0.990403	0.648006	0.17091
173.043	1.30806	0.271262	0.169632	1.37489	0.54626	0.166008	0.990415	0.648	0.1709
173.321	1.30801	0.271242	0.16965	1.37489	0.54626	0.166008	0.990404	0.648021	0.170934
173.593	1.30814	0.271215	0.169554	1.37489	0.54626	0.166008	0.99042	0.648007	0.170926
173.953	1.30812	0.271155	0.16961	1.37489	0.54626	0.166008	0.990391	0.648007	0.17091
174.171	1.30807	0.271298	0.169646	1.37489	0.54626	0.166008	0.990432	0.64802	0.170903
174.369	1.30806	0.271294	0.169664	1.37489	0.54626	0.166008	0.990421	0.648026	0.170915
174.605	1.30791	0.271217	0.169625	1.37489	0.54626	0.166008	0.990429	0.64799	0.170888
174.821	1.30792	0.271222	0.169672	1.37736	0.544981	0.164621	0.990397	0.647969	0.170866
175.084	1.30811	0.271264	0.169636	1.3764	0.545538	0.165648	0.990458	0.648028	0.170925
175.323	1.30807	0.271279	0.169634	1.37528	0.546286	0.166172	0.990459	0.648029	0.170897
175.509	1.30805	0.271286	0.1697	1.37529	0.54627	0.166135	0.990413	0.648003	0.17087
175.681	1.30805	0.271256	0.169622	1.37592	0.546354	0.166478	0.990437	0.648002	0.170908
175.865	1.30805	0.271157	0.169677	1.37535	0.546289	0.166211	0.990428	0.648028	0.170915
176.139	1.30827	0.271223	0.169476	1.37528	0.546348	0.166081	0.990392	0.647982	0.170844
176.358	1.30825	0.271192	0.169513	1.37565	0.546612	0.166118	0.990382	0.647988	0.170854
176.631	1.30811	0.271294	0.169544	1.37565	0.546612	0.166118	0.990396	0.648007	0.170899
176.884	1.30813	0.271225	0.169595	1.37565	0.546612	0.166118	0.990412	0.648015	0.170901
177.063	1.30808	0.271184	0.169628	1.37565	0.546612	0.166118	0.990398	0.647985	0.170859
177.249	1.30809	0.271246	0.169542	1.37565	0.546612	0.166118	0.99039	0.648027	0.170944
177.47	1.30803	0.271276	0.169601	1.37565	0.546612	0.166118	0.990431	0.648046	0.170966
177.666	1.30817	0.2713	0.169526	1.37565	0.546612	0.166118	0.990359	0.648036	0.170942
178.013	1.30827	0.271307	0.169567	1.37565	0.546612	0.166118	0.990398	0.648037	0.170962
178.222	1.30807	0.271366	0.169723	1.37565	0.546612	0.166118	0.990391	0.648051	0.171008
178.388	1.30812	0.271379	0.169597	1.37565	0.546612	0.166118	0.990387	0.648061	0.171008
178.693	1.30821	0.271296	0.169561	1.37565	0.546612	0.166118	0.990363	0.648023	0.170963
178.919	1.30817	0.27134	0.169623	1.37565	0.546612	0.166118	0.990385	0.648064	0.170969
179.081	1.3083	0.271276	0.169492	1.37565	0.546612	0.166118	0.990384	0.648066	0.170996
179.321	1.30829	0.271271	0.169498	1.37565	0.546612	0.166118	0.99038	0.648062	0.17098
179.529	1.30729	0.270752	0.169551	1.37565	0.546612	0.166118	0.990287	0.648052	0.170976
179.774	1.30729	0.270686	0.169475	1.37565	0.546612	0.166118	0.990294	0.648079	0.171033
179.989	1.30819	0.271323	0.169612	1.37565	0.546612	0.166118	0.990278	0.648095	0.171077
180.216	1.30741	0.270607	0.169354	1.37565	0.546612	0.166118	0.9902	0.648093	0.170975
180.445	1.3082	0.27135	0.169611	1.37565	0.546612	0.166118	0.990202	0.648101	0.171025
180.73	1.30816	0.271378	0.169541	1.37565	0.546612	0.166118	0.990221	0.648123	0.171094
180.974	1.30826	0.271374	0.169584	1.37565	0.546612	0.166118	0.990198	0.648117	0.171066
181.187	1.30708	0.270628	0.169476	1.37565	0.546612	0.166118	0.990184	0.648108	0.171036
181.384	1.30814	0.271357	0.169501	1.37565	0.546612	0.166118	0.990165	0.648146	0.171091
181.619	1.30819	0.271325	0.169611	1.37565	0.546612	0.166118	0.990221	0.648165	0.171152
181.862	1.30732	0.270724	0.169453	1.37565	0.546612	0.166118	0.990131	0.648142	0.17107
182.194	1.30731	0.270709	0.169401	1.37565	0.546612	0.166118	0.990075	0.648137	0.171053
182.374	1.30814	0.271397	0.16966	1.37565	0.546612	0.166118	0.990143	0.648178	0.171122
182.618	1.30811	0.271415	0.16976	1.37565	0.546612	0.166118	0.990143	0.64814	0.171105
182.869	1.30732	0.270756	0.169509	1.37565	0.546612	0.166118	0.990082	0.648132	0.171068
183.119	1.30826	0.271366	0.169623	1.37565	0.546612	0.166118	0.990143	0.648157	0.171072
183.335	1.30813	0.271346	0.169616	1.37565	0.546612	0.166118	0.990136	0.648134	0.171079
183.625	1.30732	0.270647	0.169451	1.37565	0.546612	0.166118	0.990117	0.648113	0.171054
183.787	1.30817	0.271377	0.169571	1.37565	0.546612	0.166118	0.990141	0.648129	0.171041
184.052	1.30816	0.271311	0.169654	1.37565	0.546612	0.166118	0.990148	0.648128	0.171068
184.102	1.30816	0.271311	0.169654	1.37565	0.546612	0.166118	0.990148	0.648128	0.171068
184.181	1.30816	0.271311	0.169654	1.37565	0.546612	0.166118	0.990148	0.648128	0.171068
184.203	1.30816	0.271311	0.169654	1.37565	0.546612	0.166118	0.990148	0.648128	0.171068
184.665	1.30816	0.271311	0.169654	1.37565	0.546612	0.166118	0.990148	0.648128	0.171068
