Time      x1      y1      z1	x2	y2	z2	x3	y3	z3	x4	y4	z4
9.272	6.91901e-310	6.91901e-310	2.122e-314	3.135e-317	1.5316e-322	6.91901e-310	0	0	0
9.321	6.91901e-310	6.91901e-310	2.122e-314	3.135e-317	1.5316e-322	6.91901e-310	0	0	0
9.344	6.91901e-310	6.91901e-310	2.122e-314	3.135e-317	1.5316e-322	6.91901e-310	0	0	0
9.365	6.91901e-310	6.91901e-310	2.122e-314	3.135e-317	1.5316e-322	6.91901e-310	0	0	0
9.387	6.91901e-310	6.91901e-310	2.122e-314	3.135e-317	1.5316e-322	6.91901e-310	0	0	0
9.415	6.91901e-310	6.91901e-310	2.122e-314	3.135e-317	1.5316e-322	6.91901e-310	0	0	0
9.61	6.91901e-310	6.91901e-310	2.122e-314	3.135e-317	1.5316e-322	6.91901e-310	0	0	0
9.632	6.91901e-310	6.91901e-310	2.122e-314	3.135e-317	1.5316e-322	6.91901e-310	0	0	0
9.652	6.91901e-310	6.91901e-310	2.122e-314	3.135e-317	1.5316e-322	6.91901e-310	0	0	0
9.673	6.91901e-310	6.91901e-310	2.122e-314	3.135e-317	1.5316e-322	6.91901e-310	0	0	0
9.694	6.91901e-310	6.91901e-310	2.122e-314	3.135e-317	1.5316e-322	6.91901e-310	0	0	0
9.714	6.91901e-310	6.91901e-310	2.122e-314	3.135e-317	1.5316e-322	6.91901e-310	0	0	0
10.905	6.91901e-310	6.91901e-310	2.122e-314	3.135e-317	1.5316e-322	6.91901e-310	0	0	0
11.095	-1.78114	0.886322	0.148005	-1.78295	1.16839	0.145516	-2.18324	1.17397	0.15159
11.325	-1.78161	0.886809	0.148932	-1.78301	1.16841	0.145565	-2.18324	1.17394	0.15165
11.522	-1.78163	0.886961	0.149087	-1.78303	1.16839	0.145588	-2.18319	1.17405	0.151748
11.761	-1.78154	0.886903	0.148957	-1.783	1.16847	0.145589	-2.18299	1.17417	0.151761
11.965	-1.78153	0.886809	0.148943	-1.78305	1.16848	0.145618	-2.18349	1.17471	0.152734
12.164	-1.78154	0.886737	0.148988	-1.78311	1.1685	0.145744	-2.18353	1.17472	0.152784
12.346	-1.78145	0.886678	0.148956	-1.78312	1.16851	0.145735	-2.18344	1.17487	0.152891
12.526	-1.78142	0.886714	0.14891	-1.78305	1.16853	0.145687	-2.18349	1.17465	0.152731
12.752	-1.78148	0.886777	0.148779	-1.78311	1.16854	0.145726	-2.1832	1.175	0.152798
13.013	-1.78153	0.886904	0.148632	-1.78317	1.16849	0.1458	-2.18323	1.17503	0.152943
13.197	-1.78151	0.88695	0.148578	-1.78311	1.16846	0.145781	-2.18318	1.17506	0.152938
13.373	-1.78148	0.886924	0.148635	-1.78306	1.16847	0.145653	-2.18307	1.17504	0.152792
13.633	-1.78184	0.886405	0.148707	-1.78308	1.16848	0.145675	-2.18308	1.17508	0.152782
13.859	-1.78176	0.886359	0.148679	-1.78311	1.16846	0.145738	-2.1831	1.175	0.152796
14.093	-1.7817	0.886409	0.148703	-1.78294	1.16858	0.14562	-2.18307	1.17505	0.152828
14.395	-1.78169	0.88643	0.148754	-1.78306	1.1686	0.145749	-2.18387	1.17478	0.153158
14.625	-1.78159	0.886397	0.148764	-1.78305	1.16869	0.145838	-2.1839	1.17472	0.153158
14.815	-1.78152	0.886371	0.148731	-1.78287	1.16881	0.145741	-2.18415	1.17507	0.153927
14.993	-1.78154	0.886408	0.148701	-1.78273	1.16888	0.145645	-2.18387	1.17478	0.153085
15.163	-1.78158	0.886505	0.148772	-1.78349	1.16847	0.146126	-2.18391	1.17476	0.153119
15.344	-1.78163	0.886624	0.148794	-1.78349	1.16855	0.146232	-2.18382	1.17439	0.152624
15.516	-1.78174	0.886756	0.148798	-1.78347	1.16861	0.146287	-2.18381	1.17438	0.152542
15.638	-1.78181	0.886861	0.148831	-1.78344	1.16867	0.146266	-2.18385	1.17444	0.152657
15.744	-1.78178	0.886916	0.148903	-1.78342	1.16878	0.146349	-2.18389	1.17441	0.152684
15.841	-1.78156	0.886811	0.148629	-1.78343	1.16881	0.146378	-2.18387	1.17447	0.152795
15.982	-1.78171	0.886935	0.148945	-1.78344	1.16882	0.146398	-2.18386	1.17453	0.152786
16.161	-1.78174	0.886971	0.149001	-1.7836	1.16863	0.146364	-2.18389	1.17451	0.152785
16.371	-1.78139	0.886348	0.148154	-1.78357	1.16866	0.146375	-2.18392	1.17485	0.153285
16.542	-1.78139	0.886447	0.148254	-1.78358	1.16866	0.146361	-2.18414	1.17483	0.153487
16.731	-1.78144	0.886416	0.148316	-1.78344	1.16884	0.146368	-2.18383	1.17464	0.152846
16.909	-1.78142	0.886432	0.1483	-1.78341	1.16881	0.146322	-2.18405	1.17484	0.153314
17.088	-1.78144	0.886458	0.148326	-1.7835	1.1686	0.14626	-2.18405	1.17483	0.15327
17.265	-1.78147	0.886481	0.148422	-1.78335	1.16878	0.146298	-2.18409	1.17485	0.153332
17.381	-1.78154	0.886521	0.14846	-1.78333	1.16874	0.146241	-2.18404	1.17485	0.153311
17.494	-1.78151	0.886521	0.148432	-1.78342	1.16859	0.146205	-2.18405	1.17481	0.153248
17.605	-1.78151	0.88655	0.148447	-1.78319	1.16859	0.145795	-2.18408	1.17481	0.15328
17.701	-1.78158	0.886608	0.148492	-1.78323	1.1686	0.145865	-2.18401	1.17495	0.153465
17.89	-1.78159	0.886637	0.148504	-1.78308	1.16866	0.145714	-2.18395	1.17531	0.15374
18.142	-1.78156	0.886602	0.148405	-1.78291	1.1684	0.145404	-2.18408	1.17481	0.153283
18.48	-1.78162	0.886581	0.148421	-1.78294	1.16841	0.145447	-2.18404	1.17485	0.153287
18.665	-1.78161	0.88653	0.148438	-1.78271	1.16845	0.14526	-2.18422	1.17478	0.153553
18.873	-1.78144	0.88641	0.14835	-1.78267	1.16844	0.145161	-2.18411	1.17472	0.153226
19.109	-1.78133	0.886324	0.14827	-1.78287	1.16834	0.145342	-2.18403	1.17481	0.153224
19.338	-1.78134	0.886248	0.14833	-1.78334	1.1687	0.146347	-2.18404	1.17482	0.153251
19.517	-1.78135	0.886197	0.14835	-1.78319	1.16854	0.145737	-2.18428	1.17478	0.153556
19.691	-1.78129	0.886162	0.148296	-1.78348	1.16849	0.146315	-2.18432	1.1748	0.153572
19.898	-1.7813	0.886238	0.148311	-1.78335	1.16874	0.146396	-2.18409	1.17474	0.153243
20.124	-1.78168	0.886822	0.149143	-1.78341	1.16875	0.146441	-2.18419	1.17485	0.153601
20.388	-1.78165	0.886794	0.149004	-1.78355	1.16855	0.146357	-2.18433	1.17483	0.153571
20.588	-1.78148	0.886663	0.148686	-1.78354	1.16858	0.146388	-2.18422	1.17491	0.153603
20.8	-1.78162	0.886825	0.148931	-1.78348	1.16881	0.146533	-2.18423	1.17485	0.153556
20.984	-1.78147	0.886704	0.1486	-1.78363	1.16865	0.146519	-2.18418	1.1747	0.153311
21.222	-1.78164	0.886824	0.148841	-1.7835	1.1688	0.146558	-2.18413	1.17468	0.153318
21.453	-1.78151	0.886736	0.148604	-1.7835	1.16881	0.146559	-2.18331	1.17419	0.152217
21.654	-1.78169	0.886793	0.148795	-1.78364	1.16861	0.146496	-2.18335	1.17413	0.152181
21.883	-1.7817	0.886809	0.148737	-1.7835	1.16883	0.146566	-2.18332	1.17411	0.152146
22.086	-1.78154	0.88671	0.148437	-1.78362	1.16862	0.146519	-2.18333	1.17416	0.152236
22.334	-1.78177	0.886666	0.148659	-1.7836	1.16859	0.146441	-2.18327	1.1742	0.152237
22.576	-1.78172	0.886818	0.148727	-1.78349	1.1688	0.146537	-2.18336	1.17408	0.152135
22.81	-1.78168	0.886823	0.148679	-1.78346	1.16875	0.146469	-2.18338	1.17415	0.152238
23.056	-1.7814	0.886616	0.148135	-1.78345	1.16877	0.146499	-2.18336	1.17418	0.152331
23.329	-1.78138	0.886633	0.148124	-1.78344	1.16878	0.146472	-2.18345	1.17414	0.152203
23.563	-1.78152	0.886729	0.148426	-1.78346	1.16869	0.146436	-2.18372	1.17433	0.152529
23.826	-1.78145	0.886695	0.148271	-1.78348	1.16864	0.146426	-2.18369	1.17447	0.152703
24.01	-1.78175	0.886828	0.148767	-1.78348	1.16861	0.1464	-2.1838	1.17448	0.152812
24.209	-1.78179	0.886849	0.148797	-1.78346	1.16858	0.14633	-2.1839	1.17443	0.152756
24.467	-1.78182	0.886766	0.14876	-1.78341	1.16864	0.146198	-2.18382	1.1745	0.152808
24.787	-1.78155	0.886782	0.148481	-1.78343	1.16853	0.146146	-2.18365	1.17451	0.152679
25.108	-1.7827	0.88725	0.149981	-1.78349	1.16849	0.146171	-2.18378	1.17455	0.152845
25.381	-1.78251	0.887409	0.149941	-1.78346	1.16846	0.146112	-2.1839	1.17442	0.152762
25.65	-1.78247	0.887115	0.149695	-1.78333	1.16926	0.146667	-2.18378	1.17461	0.152812
25.915	-1.78247	0.887389	0.149968	-1.78329	1.1691	0.146476	-2.18381	1.17456	0.152858
26.178	-1.78246	0.887399	0.149986	-1.78277	1.1689	0.145676	-2.1838	1.17459	0.152806
26.469	-1.78246	0.887375	0.150011	-1.78286	1.16886	0.14581	-2.18378	1.17462	0.152833
26.699	-1.78151	0.88676	0.148641	-1.78304	1.16872	0.14588	-2.1833	1.1745	0.152367
27.025	-1.78154	0.886774	0.148693	-1.7829	1.16883	0.145804	-2.18335	1.17448	0.152371
27.228	-1.78152	0.886733	0.148684	-1.78288	1.16883	0.145782	-2.18343	1.17448	0.152385
27.456	-1.78154	0.886723	0.148714	-1.7829	1.16883	0.145793	-2.18293	1.17427	0.151989
27.682	-1.78155	0.886733	0.148813	-1.78302	1.16868	0.145806	-2.18318	1.17415	0.151878
27.936	-1.78154	0.886754	0.148818	-1.783	1.16862	0.145761	-2.18313	1.17426	0.151968
28.177	-1.78157	0.886724	0.148842	-1.78294	1.1686	0.14569	-2.18313	1.17427	0.152033
28.466	-1.78157	0.886715	0.148909	-1.78293	1.16858	0.145682	-2.18305	1.17435	0.152136
28.72	-1.78155	0.886687	0.148867	-1.78291	1.16864	0.145676	-2.18322	1.17422	0.152027
28.969	-1.78153	0.886652	0.148877	-1.78292	1.16862	0.145703	-2.18309	1.17436	0.152093
29.202	-1.78142	0.886049	0.148297	-1.78275	1.16873	0.145644	-2.18331	1.17418	0.152045
29.413	-1.7814	0.88606	0.148305	-1.78273	1.16878	0.145707	-2.18328	1.17416	0.152086
29.628	-1.78138	0.886051	0.14828	-1.78264	1.1687	0.145445	-2.18324	1.17418	0.152055
29.904	-1.78132	0.886096	0.148241	-1.78268	1.16868	0.145497	-2.18324	1.17424	0.152094
30.106	-1.78123	0.88607	0.14811	-1.78269	1.16868	0.145482	-2.18318	1.17429	0.152153
30.327	-1.78124	0.886117	0.148143	-1.78292	1.16825	0.145331	-2.18321	1.17426	0.152132
30.574	-1.78126	0.886107	0.148159	-1.78295	1.16824	0.145335	-2.18329	1.17412	0.151995
30.819	-1.7812	0.886133	0.148097	-1.78292	1.16827	0.14535	-2.18321	1.17423	0.15215
31.114	-1.78108	0.886164	0.147956	-1.78289	1.16831	0.145348	-2.18319	1.17428	0.152106
31.369	-1.78115	0.886188	0.148026	-1.78292	1.16834	0.145391	-2.18325	1.17421	0.152103
31.646	-1.78157	0.886765	0.148953	-1.78292	1.16837	0.145435	-2.18327	1.17424	0.152092
31.902	-1.78156	0.886669	0.148889	-1.78291	1.16837	0.145419	-2.18322	1.17423	0.152131
32.134	-1.78156	0.886685	0.148898	-1.78287	1.1684	0.145378	-2.18322	1.17429	0.152114
32.334	-1.78168	0.886675	0.149003	-1.7829	1.16839	0.145442	-2.18327	1.17417	0.152064
32.609	-1.78142	0.886606	0.148693	-1.78287	1.1684	0.145414	-2.18327	1.17418	0.152064
32.835	-1.78147	0.886628	0.14877	-1.78284	1.16841	0.145381	-2.18326	1.17417	0.152065
33.09	-1.7815	0.886658	0.148802	-1.78284	1.16845	0.145403	-2.18325	1.17422	0.152015
33.357	-1.78169	0.886713	0.149069	-1.78284	1.16847	0.145425	-2.18327	1.17419	0.152021
33.599	-1.78153	0.886676	0.148902	-1.7828	1.16845	0.145399	-2.18307	1.17434	0.152084
33.863	-1.78161	0.886681	0.14901	-1.7828	1.16845	0.145438	-2.18323	1.17418	0.151861
34.044	-1.78168	0.886722	0.149088	-1.78278	1.1685	0.145411	-2.1832	1.17419	0.151846
34.368	-1.78154	0.886562	0.14888	-1.78281	1.16853	0.14545	-2.18311	1.17429	0.151921
34.624	-1.7815	0.886653	0.148851	-1.78281	1.16853	0.145429	-2.18306	1.17432	0.151902
34.923	-1.78148	0.886636	0.148785	-1.78287	1.16858	0.14548	-2.18332	1.17451	0.15234
35.175	-1.78166	0.886727	0.149013	-1.78288	1.16862	0.145495	-2.18387	1.17452	0.15277
35.439	-1.78159	0.886695	0.148951	-1.78342	1.16886	0.146357	-2.18382	1.17465	0.152856
35.63	-1.78157	0.886727	0.148921	-1.78342	1.16884	0.146364	-2.18379	1.17465	0.152858
35.95	-1.78145	0.886682	0.148674	-1.78345	1.16884	0.14638	-2.18387	1.1745	0.152713
36.158	-1.78163	0.886764	0.148921	-1.7834	1.16883	0.146333	-2.18379	1.17462	0.152787
36.404	-1.78162	0.886743	0.148862	-1.78354	1.16869	0.146364	-2.18381	1.17454	0.152732
36.571	-1.78164	0.886751	0.148872	-1.78353	1.16861	0.146282	-2.1834	1.17415	0.152158
36.749	-1.78167	0.886772	0.148885	-1.78339	1.16882	0.146324	-2.1833	1.17417	0.152101
37.051	-1.78164	0.886773	0.148868	-1.78351	1.16862	0.146279	-2.18326	1.17427	0.152129
37.27	-1.78152	0.886725	0.148668	-1.78351	1.16857	0.146259	-2.18328	1.17425	0.152106
37.594	-1.78164	0.886778	0.148839	-1.78351	1.16857	0.146256	-2.18325	1.17427	0.152013
37.825	-1.78165	0.886785	0.148813	-1.7835	1.16855	0.146216	-2.18318	1.17429	0.151982
37.964	-1.78162	0.886748	0.148776	-1.7835	1.16856	0.146254	-2.18324	1.17425	0.152004
38.104	-1.78164	0.886767	0.1488	-1.78349	1.1686	0.146282	-2.18324	1.17421	0.151979
38.344	-1.78163	0.886787	0.148761	-1.78312	1.16841	0.145726	-2.18317	1.17427	0.151945
38.541	-1.7816	0.886777	0.148717	-1.78295	1.16852	0.145651	-2.18304	1.17428	0.15188
38.782	-1.78148	0.886737	0.148577	-1.78348	1.16855	0.146223	-2.18319	1.17424	0.151984
39.059	-1.78172	0.886669	0.14879	-1.7835	1.16858	0.146256	-2.18319	1.17419	0.151955
39.263	-1.78161	0.886784	0.148775	-1.78349	1.16857	0.146235	-2.18312	1.17429	0.151949
39.425	-1.7816	0.886782	0.148756	-1.78347	1.1686	0.146257	-2.1832	1.17417	0.151832
39.595	-1.78161	0.886763	0.148808	-1.78352	1.16856	0.146285	-2.18313	1.17423	0.151934
39.846	-1.78166	0.886786	0.148842	-1.78351	1.16855	0.146246	-2.18324	1.17416	0.151876
40.152	-1.78163	0.88678	0.148806	-1.78351	1.16858	0.146268	-2.18321	1.17421	0.151942
40.47	-1.7816	0.886734	0.148781	-1.78351	1.16858	0.146275	-2.18323	1.17422	0.152058
40.609	-1.78166	0.886766	0.148887	-1.78339	1.16878	0.146308	-2.18321	1.17428	0.152222
40.738	-1.78166	0.886782	0.148878	-1.78356	1.16859	0.146299	-2.18331	1.17417	0.152155
40.872	-1.78163	0.886726	0.14885	-1.78354	1.16861	0.146323	-2.18333	1.17418	0.152223
41.063	-1.78148	0.886703	0.148681	-1.78354	1.16864	0.146335	-2.18334	1.17425	0.152308
41.221	-1.78167	0.886758	0.148949	-1.78358	1.16862	0.146361	-2.1838	1.17463	0.152807
41.527	-1.78147	0.886673	0.148706	-1.78357	1.16868	0.146361	-2.18387	1.17452	0.152838
41.722	-1.78148	0.886643	0.148745	-1.78343	1.16884	0.14637	-2.18381	1.17458	0.152802
41.924	-1.78157	0.886701	0.1489	-1.78356	1.16865	0.14632	-2.18381	1.1746	0.152798
42.092	-1.78159	0.886677	0.148948	-1.78343	1.16886	0.146369	-2.18384	1.17458	0.152807
42.3	-1.78156	0.886581	0.148905	-1.783	1.16852	0.145563	-2.18385	1.17455	0.15276
42.493	-1.78157	0.886556	0.149098	-1.78301	1.16849	0.145571	-2.18383	1.17457	0.152797
42.879	-1.78159	0.88668	0.148973	-1.78282	1.16858	0.145462	-2.18375	1.17464	0.152839
43.021	-1.78159	0.886762	0.149062	-1.7828	1.16845	0.145378	-2.18302	1.17435	0.151931
43.162	-1.78126	0.886162	0.148189	-1.78295	1.16834	0.145469	-2.18315	1.17419	0.151812
43.391	-1.78154	0.886682	0.149093	-1.78297	1.16828	0.145463	-2.18313	1.17428	0.151966
43.65	-1.78169	0.886821	0.149162	-1.78277	1.16843	0.145354	-2.18317	1.17422	0.15191
43.806	-1.78134	0.886167	0.148262	-1.7828	1.16843	0.14541	-2.18326	1.17408	0.151936
43.966	-1.78151	0.886614	0.148792	-1.7828	1.16842	0.145384	-2.18322	1.17422	0.152027
44.144	-1.78136	0.886276	0.14836	-1.7828	1.16844	0.145395	-2.18325	1.17414	0.151999
44.276	-1.78136	0.886265	0.148323	-1.78281	1.16843	0.145393	-2.18327	1.17412	0.151985
44.463	-1.78133	0.886273	0.148305	-1.7828	1.16844	0.145361	-2.18319	1.17427	0.152132
44.712	-1.78123	0.886209	0.148042	-1.7828	1.16845	0.145379	-2.18316	1.17424	0.152107
44.891	-1.78126	0.886212	0.148088	-1.78282	1.16838	0.145386	-2.18329	1.17411	0.152
45.071	-1.78136	0.886292	0.148365	-1.78282	1.16838	0.145348	-2.18322	1.17418	0.152102
45.292	-1.78131	0.886274	0.148327	-1.78282	1.1683	0.145301	-2.18309	1.17423	0.152027
45.509	-1.78126	0.886211	0.148108	-1.78283	1.1683	0.145288	-2.18317	1.17421	0.152054
45.729	-1.7814	0.886258	0.148367	-1.78282	1.16827	0.145271	-2.1831	1.17436	0.152063
46.051	-1.78128	0.886191	0.148147	-1.78283	1.16826	0.145248	-2.1832	1.17422	0.152074
46.32	-1.78129	0.886175	0.148173	-1.78284	1.16822	0.145241	-2.18328	1.17414	0.152062
46.602	-1.78134	0.886163	0.148209	-1.78287	1.16822	0.145262	-2.18326	1.17415	0.152049
46.85	-1.78131	0.886105	0.148145	-1.78286	1.16818	0.145189	-2.18314	1.17434	0.152162
47.072	-1.78128	0.886081	0.148109	-1.78283	1.16814	0.145128	-2.1832	1.1742	0.15209
47.306	-1.78131	0.886099	0.148113	-1.78287	1.16811	0.145137	-2.1833	1.17407	0.151954
47.531	-1.78139	0.886092	0.148162	-1.78288	1.1681	0.145114	-2.1832	1.17422	0.152065
47.771	-1.78136	0.886097	0.148108	-1.78281	1.16815	0.14508	-2.18327	1.17412	0.151953
48.075	-1.78138	0.886124	0.148114	-1.78266	1.16863	0.145358	-2.18319	1.17415	0.151944
48.233	-1.78142	0.886097	0.148048	-1.78268	1.16868	0.145423	-2.18301	1.17432	0.151828
48.501	-1.78144	0.886092	0.148069	-1.78281	1.16887	0.145749	-2.18324	1.17415	0.151868
48.797	-1.78142	0.886038	0.147973	-1.78283	1.16885	0.145742	-2.18305	1.17413	0.151715
49.07	-1.78143	0.886665	0.148484	-1.78285	1.16886	0.145762	-2.1831	1.17416	0.151932
49.339	-1.78156	0.886709	0.148708	-1.78289	1.16886	0.145795	-2.1834	1.17442	0.152399
49.671	-1.78157	0.886744	0.148719	-1.78307	1.16879	0.145924	-2.18335	1.17439	0.152267
49.86	-1.78206	0.886749	0.149566	-1.78315	1.16871	0.146308	-2.18334	1.17445	0.152012
49.991	-1.781	0.8869	0.150544	-1.78214	1.16894	0.146827	-2.18257	1.17454	0.151509
50.125	-1.77842	0.887072	0.149694	-1.78049	1.16909	0.146674	-2.17989	1.17438	0.150531
50.331	-1.77641	0.886718	0.148768	-1.77774	1.16857	0.145548	-2.17855	1.17407	0.151091
50.492	-1.77361	0.885983	0.148822	-1.77447	1.16797	0.145441	-2.17486	1.17408	0.15226
50.768	-1.7714	0.884408	0.148532	-1.77223	1.16646	0.145338	-2.1733	1.17304	0.150964
50.948	-1.76894	0.883266	0.149064	-1.76872	1.16526	0.145143	-2.17001	1.17327	0.150552
51.091	-1.76635	0.882029	0.149878	-1.765	1.16402	0.145407	-2.16516	1.17439	0.151203
51.336	-1.7637	0.880435	0.150089	-1.76117	1.16234	0.145364	-2.16132	1.17423	0.151552
51.555	-1.76089	0.878552	0.150187	-1.75679	1.1605	0.145485	-2.15717	1.17435	0.152577
51.775	-1.75761	0.876434	0.150062	-1.75222	1.15837	0.145579	-2.15181	1.17453	0.152761
51.933	-1.75324	0.873753	0.150299	-1.74609	1.15564	0.145303	-2.14492	1.17424	0.152828
52.093	-1.74918	0.87135	0.150488	-1.74195	1.15334	0.146948	-2.14003	1.17438	0.153549
52.225	-1.74518	0.868805	0.151007	-1.73583	1.15062	0.146169	-2.13428	1.17378	0.153038
52.363	-1.74109	0.865732	0.150857	-1.72987	1.14765	0.145916	-2.12872	1.1733	0.153449
52.61	-1.737	0.86248	0.150861	-1.72363	1.14449	0.145708	-2.12216	1.17275	0.153338
52.843	-1.73286	0.859366	0.150936	-1.71743	1.14112	0.146113	-2.11553	1.17231	0.153679
53.004	-1.72706	0.855186	0.150707	-1.70856	1.13644	0.14487	-2.10717	1.17155	0.154066
53.186	-1.7224	0.851425	0.150981	-1.7019	1.1327	0.145531	-2.09971	1.17081	0.153646
53.364	-1.71749	0.847767	0.151051	-1.69526	1.12902	0.146234	-2.09262	1.17001	0.153629
53.698	-1.71235	0.843589	0.15051	-1.68766	1.12467	0.145282	-2.08474	1.16928	0.15395
54.007	-1.70757	0.839422	0.150796	-1.68015	1.12029	0.145577	-2.07692	1.16835	0.153937
54.279	-1.70146	0.83421	0.151322	-1.67039	1.11451	0.145377	-2.0657	1.1673	0.15277
54.61	-1.69594	0.829689	0.151234	-1.6622	1.10927	0.144875	-2.05849	1.16644	0.154349
54.789	-1.69055	0.824566	0.150672	-1.65423	1.10446	0.14552	-2.04947	1.16502	0.153872
54.954	-1.68526	0.820126	0.151466	-1.64635	1.0996	0.146413	-2.04075	1.16447	0.154273
55.151	-1.67979	0.814784	0.15109	-1.63816	1.09412	0.14709	-2.03159	1.16323	0.154622
55.46	-1.67458	0.809902	0.151573	-1.6293	1.08816	0.146269	-2.02188	1.16163	0.153871
55.695	-1.66748	0.803206	0.151354	-1.61784	1.08064	0.145808	-2.01	1.16043	0.154041
55.997	-1.66166	0.79734	0.150943	-1.60936	1.0746	0.145847	-1.9997	1.15856	0.153019
56.2	-1.65627	0.792172	0.151486	-1.60125	1.06889	0.147414	-1.98992	1.15682	0.153296
56.424	-1.65034	0.786558	0.151405	-1.59134	1.06239	0.146635	-1.97961	1.15472	0.152808
56.676	-1.64385	0.780945	0.150708	-1.58192	1.0563	0.146659	-1.96935	1.1531	0.153545
56.933	-1.63538	0.774467	0.15072	-1.57062	1.04914	0.147587	-1.95665	1.15063	0.154048
57.172	-1.62868	0.770164	0.151792	-1.56035	1.044	0.147238	-1.94626	1.14815	0.153278
57.452	-1.61999	0.765529	0.151439	-1.55116	1.03898	0.147429	-1.93616	1.14575	0.152903
57.599	-1.61203	0.761426	0.151367	-1.54232	1.03507	0.148835	-1.92548	1.1435	0.152768
57.731	-1.60315	0.757217	0.151393	-1.53149	1.03018	0.147804	-1.91548	1.14038	0.153092
57.871	-1.59409	0.753923	0.151622	-1.52184	1.02653	0.148193	-1.90578	1.13745	0.153489
58.117	-1.58419	0.750841	0.151453	-1.51158	1.02321	0.148376	-1.89506	1.1347	0.153406
58.367	-1.57389	0.747611	0.151351	-1.50159	1.02	0.147866	-1.8854	1.13146	0.153537
58.492	-1.56043	0.744332	0.151038	-1.48846	1.01709	0.148531	-1.87247	1.12769	0.153513
58.707	-1.55225	0.742791	0.151606	-1.48087	1.01565	0.14923	-1.86489	1.12557	0.153581
58.926	-1.53787	0.740182	0.151283	-1.46788	1.01375	0.150226	-1.8522	1.12151	0.153294
59.171	-1.52613	0.738766	0.151506	-1.45648	1.01238	0.149491	-1.84225	1.1185	0.15399
59.51	-1.51359	0.737596	0.151557	-1.44596	1.01169	0.149996	-1.83191	1.11528	0.154169
59.79	-1.49751	0.736825	0.151345	-1.43294	1.01173	0.150407	-1.81957	1.11195	0.154684
60.089	-1.48422	0.736648	0.151139	-1.4214	1.01143	0.149669	-1.80911	1.10898	0.154028
60.406	-1.47084	0.736959	0.151159	-1.41028	1.01222	0.150055	-1.79904	1.10614	0.153914
60.697	-1.45711	0.737723	0.150912	-1.3997	1.01365	0.150429	-1.78912	1.10319	0.154125
60.977	-1.44263	0.738571	0.150683	-1.38873	1.01547	0.15073	-1.77946	1.10032	0.155766
61.293	-1.42832	0.739973	0.150498	-1.37769	1.01748	0.150921	-1.76956	1.09734	0.155943
61.517	-1.41015	0.742304	0.150963	-1.36416	1.02055	0.150982	-1.75723	1.09424	0.156349
61.723	-1.3962	0.744504	0.15076	-1.35404	1.02392	0.151452	-1.74713	1.09177	0.155593
61.981	-1.38128	0.746553	0.15048	-1.34217	1.02693	0.150539	-1.7375	1.0897	0.155793
62.247	-1.36557	0.750379	0.151015	-1.33126	1.03087	0.150667	-1.72784	1.08733	0.157011
62.509	-1.35023	0.754041	0.151019	-1.32059	1.03499	0.151114	-1.71756	1.08522	0.157155
62.86	-1.3351	0.757999	0.151256	-1.30969	1.03926	0.151068	-1.70782	1.08358	0.158109
63.123	-1.31568	0.763448	0.151306	-1.29619	1.04466	0.15085	-1.69448	1.08148	0.157821
63.377	-1.30047	0.767626	0.151112	-1.28485	1.0491	0.150553	-1.6839	1.08022	0.158127
63.727	-1.2852	0.772194	0.150782	-1.27368	1.05395	0.151102	-1.67385	1.07932	0.159398
63.961	-1.27004	0.777026	0.150955	-1.26282	1.05889	0.151234	-1.66283	1.07822	0.15935
64.201	-1.25502	0.782137	0.151637	-1.25234	1.0641	0.151441	-1.65241	1.07772	0.159289
64.443	-1.23995	0.787597	0.152486	-1.2425	1.07001	0.153209	-1.64102	1.0768	0.157698
64.756	-1.22464	0.793696	0.15329	-1.23126	1.07586	0.153168	-1.63045	1.07561	0.156536
65.055	-1.20561	0.801907	0.153942	-1.21741	1.08321	0.15215	-1.61697	1.07522	0.157024
65.337	-1.18977	0.807951	0.153402	-1.20654	1.08934	0.151962	-1.60542	1.07469	0.156803
65.588	-1.17428	0.814205	0.152623	-1.1958	1.0952	0.151843	-1.59373	1.07448	0.157604
65.821	-1.15898	0.820336	0.152754	-1.18406	1.10103	0.151672	-1.58317	1.07416	0.157761
66.095	-1.1438	0.826187	0.153178	-1.17273	1.10669	0.1514	-1.57077	1.07452	0.157468
66.322	-1.12503	0.833056	0.153732	-1.15812	1.11311	0.151394	-1.5559	1.07466	0.157011
66.631	-1.1099	0.837983	0.153698	-1.146	1.11781	0.151554	-1.54336	1.07559	0.15702
66.918	-1.09505	0.842579	0.15359	-1.13356	1.1221	0.151753	-1.53029	1.0764	0.157197
67.181	-1.07995	0.846474	0.1533	-1.11989	1.12557	0.15078	-1.51658	1.07769	0.157176
67.465	-1.0654	0.8496	0.153303	-1.10673	1.12863	0.151078	-1.50288	1.07901	0.157364
67.745	-1.04708	0.853354	0.154162	-1.08915	1.132	0.151135	-1.48527	1.08078	0.157193
68.008	-1.03234	0.855233	0.154066	-1.07491	1.13416	0.151204	-1.4711	1.08253	0.15725
68.317	-1.01766	0.856944	0.153895	-1.06022	1.13569	0.150546	-1.45636	1.08454	0.157279
68.626	-1.00323	0.857835	0.154521	-1.04561	1.13672	0.150833	-1.4414	1.08649	0.157119
68.902	-0.988747	0.858172	0.15492	-1.02974	1.13685	0.150498	-1.42657	1.08844	0.15791
69.165	-0.974289	0.857772	0.154288	-1.01421	1.13721	0.150682	-1.41024	1.08984	0.157579
69.488	-0.95953	0.85695	0.15362	-0.998722	1.13641	0.151016	-1.39436	1.09126	0.157569
69.751	-0.941951	0.854897	0.154012	-0.978268	1.13486	0.150991	-1.37405	1.09358	0.158103
70.028	-0.927846	0.852623	0.153634	-0.962194	1.13289	0.150964	-1.35875	1.09594	0.159835
70.27	-0.914236	0.84951	0.153793	-0.945005	1.13051	0.150269	-1.34179	1.09749	0.159247
70.533	-0.900808	0.845847	0.154291	-0.927904	1.12693	0.150453	-1.32498	1.09895	0.158897
70.797	-0.888149	0.84146	0.155522	-0.910635	1.12266	0.151012	-1.30816	1.10022	0.158958
71.046	-0.875089	0.836251	0.156242	-0.893063	1.11767	0.151754	-1.29067	1.10173	0.158928
71.342	-0.862211	0.830466	0.156717	-0.875627	1.11218	0.1519	-1.2734	1.10293	0.158099
71.581	-0.84637	0.822501	0.157108	-0.853083	1.10442	0.15153	-1.25102	1.10404	0.157052
71.843	-0.83378	0.815641	0.157294	-0.835074	1.09743	0.151101	-1.23293	1.10464	0.157474
72.077	-0.820985	0.808267	0.156723	-0.817303	1.09018	0.15093	-1.21452	1.1051	0.15791
72.288	-0.809181	0.800536	0.156678	-0.79932	1.08216	0.151057	-1.19673	1.10518	0.158434
72.522	-0.796686	0.792193	0.156372	-0.781786	1.07392	0.151198	-1.17843	1.10448	0.15889
72.777	-0.781963	0.781677	0.156825	-0.759752	1.06284	0.151279	-1.15562	1.10372	0.158677
73.053	-0.770157	0.773052	0.157459	-0.742365	1.05373	0.15138	-1.13723	1.10252	0.157923
73.316	-0.758749	0.764093	0.157462	-0.724709	1.0442	0.151024	-1.11835	1.10059	0.157595
73.54	-0.746844	0.75473	0.156497	-0.707488	1.03397	0.150422	-1.09958	1.09846	0.158012
73.766	-0.735265	0.744851	0.155731	-0.690426	1.02365	0.150575	-1.08116	1.09607	0.158547
74.057	-0.724113	0.735269	0.156039	-0.673344	1.01263	0.151117	-1.06293	1.09363	0.159391
74.366	-0.709965	0.722775	0.155548	-0.652393	0.999081	0.151056	-1.03931	1.08895	0.158582
74.576	-0.698841	0.712803	0.155635	-0.635868	0.987749	0.151106	-1.02121	1.08553	0.158487
74.805	-0.687752	0.70264	0.155435	-0.619439	0.976551	0.151354	-1.00353	1.08169	0.159403
75.054	-0.676534	0.692726	0.155614	-0.602941	0.965165	0.151221	-0.985347	1.07767	0.159828
75.334	-0.665252	0.682446	0.155219	-0.586917	0.953659	0.151296	-0.966273	1.07323	0.159347
75.578	-0.650858	0.670474	0.155057	-0.567076	0.939802	0.152262	-0.945316	1.06723	0.160891
75.813	-0.638772	0.661219	0.155433	-0.551089	0.92921	0.152458	-0.926971	1.06194	0.160087
76.04	-0.626435	0.65205	0.155274	-0.53532	0.918956	0.152602	-0.909897	1.05687	0.159942
76.322	-0.613176	0.64348	0.154799	-0.519512	0.909586	0.152115	-0.89238	1.0513	0.160047
76.599	-0.59967	0.635416	0.154468	-0.503331	0.900384	0.151447	-0.875099	1.04575	0.160515
76.864	-0.585371	0.627572	0.153893	-0.4873	0.891939	0.151386	-0.8577	1.0401	0.161003
77.098	-0.571375	0.620194	0.154017	-0.471289	0.883947	0.151317	-0.840989	1.03396	0.160943
77.373	-0.556583	0.613062	0.154532	-0.455669	0.876425	0.151811	-0.824933	1.02791	0.16063
77.603	-0.537245	0.604744	0.155085	-0.435854	0.86814	0.152041	-0.804926	1.02027	0.159985
77.915	-0.521678	0.598702	0.155625	-0.420044	0.861811	0.153137	-0.789356	1.01398	0.159866
78.154	-0.505132	0.592513	0.155079	-0.404532	0.856038	0.153924	-0.774055	1.00727	0.160168
78.359	-0.488333	0.587051	0.154718	-0.388525	0.85114	0.15359	-0.758747	1.00082	0.160928
78.636	-0.471018	0.58183	0.153732	-0.372461	0.846335	0.153112	-0.743265	0.994177	0.161268
78.875	-0.449011	0.576236	0.154149	-0.352673	0.841529	0.154408	-0.724637	0.986403	0.161658
79.132	-0.430942	0.572692	0.154828	-0.336985	0.838878	0.154936	-0.710138	0.980477	0.161603
79.436	-0.41227	0.569317	0.15443	-0.32101	0.836424	0.154952	-0.695537	0.974432	0.161032
79.674	-0.393143	0.566666	0.153953	-0.304955	0.834829	0.15501	-0.680981	0.968525	0.161029
79.98	-0.37399	0.564727	0.154103	-0.289051	0.834009	0.155061	-0.666659	0.962704	0.162053
80.236	-0.349219	0.563186	0.154602	-0.269104	0.833982	0.155431	-0.649014	0.955825	0.162841
80.479	-0.329288	0.562802	0.154489	-0.253238	0.83462	0.155416	-0.635484	0.9504	0.162711
80.733	-0.308948	0.563016	0.154885	-0.237572	0.835962	0.15581	-0.621856	0.945374	0.162221
81.038	-0.288533	0.563956	0.155599	-0.222276	0.838343	0.157074	-0.608213	0.940953	0.162118
81.298	-0.267725	0.565397	0.156113	-0.206943	0.841206	0.157333	-0.594793	0.93606	0.16205
81.564	-0.246808	0.567468	0.156103	-0.191439	0.844589	0.156843	-0.581298	0.931405	0.162106
81.803	-0.225679	0.569582	0.15536	-0.175905	0.847904	0.156168	-0.567201	0.92724	0.162876
82.115	-0.205029	0.572913	0.154999	-0.160479	0.851862	0.156531	-0.553218	0.923396	0.163599
82.392	-0.178927	0.577274	0.155798	-0.141586	0.857162	0.157059	-0.536247	0.918926	0.164028
82.649	-0.158428	0.581482	0.156375	-0.126606	0.862087	0.157363	-0.522536	0.915949	0.163172
82.874	-0.137891	0.586101	0.156926	-0.111671	0.867339	0.157557	-0.50844	0.913394	0.161979
83.106	-0.117222	0.591051	0.157358	-0.0969529	0.873184	0.157743	-0.494987	0.910236	0.161474
83.326	-0.0967164	0.59706	0.157957	-0.0823082	0.878889	0.157695	-0.480897	0.907731	0.162012
83.502	-0.0706542	0.603921	0.156749	-0.0639037	0.88651	0.157779	-0.462963	0.904539	0.163161
83.696	-0.050611	0.609946	0.156657	-0.0490027	0.892192	0.158075	-0.448302	0.903044	0.164218
83.929	-0.0303671	0.616059	0.156762	-0.0345874	0.898424	0.158628	-0.433805	0.901317	0.163987
84.166	-0.010428	0.622747	0.156928	-0.0202947	0.904709	0.15865	-0.419497	0.899937	0.163361
84.406	0.00953607	0.629773	0.158061	-0.00587372	0.911584	0.158306	-0.405092	0.898905	0.162839
84.722	0.0289345	0.636687	0.158808	0.00870623	0.918132	0.15835	-0.390179	0.898539	0.162666
84.911	0.0530341	0.644898	0.158998	0.0271436	0.926168	0.158572	-0.371186	0.898339	0.163223
85.141	0.0723045	0.651199	0.159486	0.0422848	0.932035	0.158298	-0.355781	0.898654	0.163618
85.422	0.0912951	0.656989	0.159621	0.0573189	0.93714	0.15859	-0.339895	0.898496	0.163217
85.664	0.109789	0.662126	0.159633	0.0728754	0.941972	0.158542	-0.324098	0.899033	0.162943
85.921	0.128552	0.666719	0.15937	0.0890234	0.946786	0.157879	-0.307352	0.900217	0.16344
86.162	0.151402	0.671436	0.159072	0.110007	0.950755	0.156983	-0.285841	0.901603	0.164326
86.434	0.169497	0.67439	0.159718	0.127352	0.953537	0.157709	-0.268749	0.903431	0.165048
86.727	0.186821	0.6765	0.160929	0.144805	0.955529	0.158009	-0.251142	0.905384	0.165326
86.989	0.204417	0.677892	0.161359	0.162168	0.957389	0.1591	-0.233949	0.907119	0.164294
87.254	0.221236	0.679044	0.162388	0.179955	0.958365	0.159323	-0.216143	0.909284	0.163612
87.539	0.238321	0.679503	0.162833	0.198594	0.958628	0.159131	-0.198015	0.911489	0.163331
87.836	0.255494	0.679167	0.162547	0.217535	0.958701	0.158636	-0.179457	0.913589	0.163738
88.126	0.276862	0.677737	0.162486	0.241352	0.95749	0.157962	-0.155787	0.916244	0.164463
88.378	0.293704	0.67557	0.163168	0.260586	0.955761	0.158335	-0.136862	0.918347	0.164645
88.462	0.310082	0.672446	0.163472	0.280108	0.953126	0.158987	-0.117901	0.919556	0.164198
88.66	0.314267	0.671646	0.163358	0.284781	0.952504	0.159235	-0.113115	0.920054	0.163955
88.734	0.338385	0.666038	0.163455	0.314403	0.947241	0.159155	-0.0842392	0.922353	0.164013
88.859	0.338385	0.666038	0.163455	0.314403	0.947241	0.159155	-0.0842392	0.922353	0.164013
89.146	0.374098	0.654502	0.162869	0.359766	0.936217	0.158382	-0.0394618	0.925289	0.164721
89.426	0.393167	0.647066	0.163423	0.385059	0.929048	0.158443	-0.0142593	0.926552	0.164807
89.669	0.407752	0.639911	0.164321	0.40509	0.921872	0.159411	0.00583256	0.927224	0.164922
89.797	0.422315	0.632319	0.164603	0.42514	0.914473	0.1597	0.0261119	0.927735	0.164567
90.083	0.425975	0.630365	0.164497	0.430035	0.912485	0.159587	0.0310318	0.927419	0.164564
90.384	0.450808	0.6162	0.164051	0.465192	0.897843	0.158921	0.0668966	0.927086	0.165102
90.699	0.467928	0.604789	0.164167	0.489993	0.88609	0.159342	0.0926185	0.926696	0.166176
91.034	0.481353	0.595555	0.164438	0.509591	0.876202	0.159944	0.11322	0.924991	0.166739
91.336	0.494452	0.585787	0.164301	0.528803	0.865807	0.160381	0.133438	0.923288	0.166993
91.585	0.50734	0.575532	0.164111	0.547933	0.854761	0.160763	0.154321	0.921167	0.166806
91.808	0.519682	0.565389	0.164248	0.567	0.843609	0.161011	0.174974	0.91899	0.166847
92.16	0.53232	0.555296	0.164971	0.585565	0.832165	0.159686	0.195726	0.916892	0.167027
92.456	0.547678	0.542281	0.165714	0.608683	0.817712	0.160085	0.221304	0.913105	0.166401
92.648	0.559676	0.531582	0.166253	0.626878	0.805437	0.160461	0.241558	0.90956	0.166216
92.739	0.565688	0.526089	0.166427	0.63594	0.799166	0.160666	0.251413	0.907605	0.166293
93.015	0.565688	0.526089	0.166427	0.63594	0.799166	0.160666	0.251413	0.907605	0.166293
93.29	0.595159	0.497911	0.166113	0.679394	0.76725	0.161928	0.301095	0.894988	0.166983
93.526	0.610514	0.483606	0.164867	0.700759	0.75102	0.160721	0.325623	0.887604	0.167115
93.788	0.622829	0.472761	0.164748	0.717618	0.73834	0.160995	0.344716	0.881118	0.16724
94.092	0.635341	0.462146	0.165465	0.73409	0.726511	0.162002	0.363618	0.874521	0.167087
94.341	0.648439	0.451761	0.164751	0.750634	0.714794	0.161913	0.381937	0.867689	0.167467
94.6	0.662052	0.441735	0.163375	0.767194	0.70373	0.16162	0.400015	0.860685	0.168041
94.855	0.676105	0.432516	0.162466	0.783445	0.693077	0.161098	0.417769	0.853362	0.168798
95.094	0.690403	0.423524	0.1626	0.799216	0.683992	0.161556	0.434676	0.846013	0.169703
95.381	0.705306	0.415212	0.162984	0.815209	0.675086	0.161955	0.451392	0.8389	0.170225
95.624	0.722666	0.405556	0.162827	0.834146	0.664558	0.162528	0.471233	0.830537	0.170389
95.893	0.736914	0.398244	0.163591	0.849085	0.657174	0.163249	0.486236	0.823881	0.170222
96.184	0.751626	0.39128	0.16479	0.864023	0.649969	0.163966	0.501681	0.817277	0.170117
96.449	0.766223	0.3842	0.164646	0.878916	0.642538	0.163428	0.516646	0.810226	0.169647
96.717	0.780851	0.37714	0.163594	0.893695	0.63546	0.162295	0.531447	0.803638	0.169907
96.958	0.798828	0.368891	0.163647	0.911806	0.627245	0.162371	0.549711	0.795058	0.170848
97.156	0.812762	0.36198	0.163501	0.925795	0.61914	0.162331	0.564138	0.78846	0.171119
97.341	0.826648	0.355353	0.163319	0.940271	0.613829	0.16295	0.578393	0.782238	0.170761
97.552	0.840432	0.349163	0.164005	0.953231	0.606175	0.162166	0.592492	0.776219	0.169995
97.799	0.854082	0.343082	0.165003	0.967123	0.599917	0.161791	0.606403	0.770362	0.170108
98.071	0.866959	0.335877	0.164662	0.981671	0.594973	0.162499	0.620201	0.764306	0.170023
98.295	0.883913	0.328524	0.165091	0.998054	0.587393	0.162653	0.636799	0.756915	0.170208
98.607	0.897196	0.322645	0.164821	1.01072	0.580926	0.163306	0.649742	0.750718	0.170335
98.942	0.911046	0.317185	0.165058	1.02364	0.574796	0.162713	0.662599	0.744579	0.170264
99.25	0.923708	0.310821	0.164881	1.03664	0.570289	0.163318	0.675055	0.738316	0.170129
99.54	0.936803	0.305404	0.165177	1.04853	0.563462	0.162783	0.687697	0.732309	0.170034
99.82	0.949716	0.299754	0.165124	1.06174	0.558719	0.163485	0.699829	0.725985	0.170401
100.048	0.965487	0.292869	0.165235	1.07684	0.552071	0.162976	0.714704	0.718789	0.171048
100.262	0.977868	0.287289	0.164479	1.08892	0.546597	0.163272	0.726876	0.713183	0.171265
100.481	0.990482	0.282165	0.164795	1.10106	0.541433	0.162906	0.738718	0.707884	0.17083
100.724	1.00338	0.277622	0.164659	1.11317	0.537219	0.162179	0.75042	0.701787	0.170679
100.961	1.01494	0.271993	0.164154	1.12441	0.531635	0.162204	0.762062	0.696584	0.170778
101.261	1.027	0.266779	0.163913	1.13687	0.52711	0.162815	0.77351	0.691196	0.171522
101.536	1.03866	0.2616	0.164444	1.14775	0.52171	0.163384	0.784573	0.685805	0.172079
101.759	1.0525	0.255655	0.16478	1.1618	0.515865	0.164372	0.79817	0.679504	0.171795
102.062	1.06359	0.251119	0.165125	1.17294	0.510932	0.164447	0.808942	0.674614	0.171685
102.261	1.07441	0.246542	0.165262	1.183	0.506655	0.163891	0.819658	0.669698	0.172044
102.489	1.08543	0.241956	0.165241	1.19417	0.502158	0.164421	0.830347	0.665038	0.172335
102.744	1.09893	0.236725	0.165651	1.20734	0.497746	0.164777	0.843235	0.65936	0.172591
103.03	1.10683	0.233187	0.16591	1.21519	0.494289	0.165277	0.850875	0.656061	0.172274
103.283	1.1191	0.228129	0.166001	1.22718	0.489649	0.164576	0.863225	0.650429	0.172113
103.591	1.12994	0.224211	0.165975	1.23859	0.486563	0.166152	0.872942	0.646135	0.172187
103.884	1.14036	0.220194	0.165587	1.24742	0.481356	0.164915	0.882879	0.641851	0.172668
104.117	1.15043	0.216135	0.16538	1.25704	0.47778	0.164506	0.892358	0.63767	0.172676
104.372	1.16254	0.211476	0.16566	1.2682	0.472385	0.164748	0.903394	0.631864	0.172128
104.676	1.1718	0.207233	0.165738	1.27724	0.46855	0.164679	0.912968	0.627885	0.172115
104.935	1.18111	0.203942	0.16619	1.28648	0.464952	0.164948	0.921837	0.624386	0.172589
105.256	1.1892	0.200495	0.166363	1.29556	0.462355	0.164858	0.931774	0.621481	0.172836
105.527	1.19867	0.197383	0.166861	1.30497	0.459025	0.164572	0.939557	0.616753	0.171935
105.787	1.20785	0.194269	0.166997	1.31311	0.455359	0.164399	0.948291	0.612537	0.171266
105.967	1.21815	0.19003	0.167638	1.3235	0.452195	0.164649	0.958131	0.608466	0.171126
106.133	1.22644	0.186994	0.167682	1.33181	0.448234	0.165903	0.966498	0.605763	0.171819
106.304	1.2348	0.183729	0.167804	1.33985	0.445807	0.165575	0.973862	0.601559	0.171608
106.478	1.24314	0.180322	0.168095	1.34796	0.442762	0.165918	0.981666	0.598228	0.171731
106.64	1.25124	0.177181	0.167577	1.3559	0.439934	0.165717	0.989243	0.594755	0.171829
106.803	1.259	0.17431	0.167578	1.36359	0.4367	0.166088	0.996291	0.591554	0.171607
106.965	1.26677	0.171785	0.167666	1.37104	0.433522	0.165325	1.00414	0.589024	0.171657
107.166	1.2741	0.168646	0.167778	1.37826	0.430704	0.165611	1.01136	0.585318	0.171596
107.335	1.28296	0.165152	0.167953	1.38721	0.427808	0.165723	1.02034	0.581324	0.171158
107.502	1.2901	0.162501	0.167621	1.39431	0.425353	0.16621	1.02697	0.578317	0.17157
107.664	1.29824	0.159851	0.168096	1.40102	0.42293	0.166112	1.03418	0.575718	0.171609
107.83	1.30474	0.157333	0.167905	1.40766	0.419521	0.165683	1.04031	0.573048	0.171604
108.029	1.31209	0.155494	0.168409	1.41607	0.419938	0.167696	1.04663	0.570716	0.171481
108.191	1.32026	0.152341	0.168249	1.42247	0.415411	0.166184	1.0539	0.566784	0.171705
108.368	1.32624	0.14953	0.167826	1.42822	0.412191	0.165578	1.06038	0.563758	0.171747
108.549	1.33252	0.147144	0.167649	1.43486	0.411071	0.166049	1.06606	0.562087	0.172398
108.73	1.33841	0.14481	0.167524	1.44036	0.408504	0.165932	1.07162	0.559134	0.172021
108.956	1.34441	0.142439	0.167329	1.44603	0.406235	0.165436	1.07737	0.556618	0.17157
109.224	1.35029	0.140372	0.167105	1.45114	0.40417	0.16475	1.08303	0.554686	0.171784
109.402	1.35711	0.137892	0.167103	1.45933	0.403223	0.167187	1.08965	0.551423	0.171768
109.594	1.3625	0.135772	0.166926	1.46398	0.400222	0.166224	1.09452	0.549504	0.172308
109.802	1.3681	0.134143	0.167406	1.46886	0.398202	0.166074	1.09961	0.546872	0.172261
110.075	1.37264	0.132445	0.167444	1.47375	0.396314	0.166213	1.10433	0.545349	0.172336
110.28	1.37776	0.129861	0.167048	1.47831	0.39457	0.166124	1.10877	0.543104	0.172237
110.522	1.38249	0.128143	0.167053	1.48256	0.392093	0.165715	1.11334	0.541001	0.17263
110.728	1.38917	0.125307	0.167146	1.48792	0.390844	0.16617	1.11894	0.539399	0.172808
110.912	1.39209	0.124546	0.167616	1.49201	0.389183	0.16645	1.1229	0.537335	0.172535
111.1	1.39618	0.123099	0.16759	1.496	0.387614	0.166454	1.12675	0.535562	0.172533
111.283	1.40105	0.120996	0.166893	1.5	0.386536	0.166702	1.13009	0.533994	0.172838
111.515	1.40486	0.119296	0.166406	1.50348	0.384959	0.166635	1.13364	0.532522	0.172665
111.766	1.40839	0.118362	0.167536	1.50767	0.384992	0.167837	1.13741	0.531597	0.173123
112.007	1.41169	0.11714	0.167218	1.51095	0.3837	0.167986	1.14104	0.530215	0.173012
112.239	1.41548	0.114632	0.165912	1.51339	0.381553	0.167149	1.14352	0.528842	0.172888
112.431	1.41923	0.113551	0.166455	1.51734	0.379949	0.166852	1.14724	0.52737	0.173109
112.613	1.42199	0.112288	0.166428	1.52007	0.378671	0.166763	1.15002	0.526707	0.173938
112.794	1.42455	0.111294	0.166311	1.52251	0.377781	0.16671	1.15225	0.525686	0.173457
113.012	1.42662	0.110588	0.166083	1.52394	0.376352	0.166109	1.1543	0.524722	0.17369
113.191	1.42914	0.109752	0.166583	1.52621	0.376158	0.166844	1.15658	0.523959	0.173676
113.379	1.4315	0.108875	0.166592	1.52902	0.375911	0.167717	1.15853	0.522969	0.173602
113.527	1.43318	0.108187	0.166277	1.53066	0.37504	0.167231	1.15978	0.52185	0.173438
113.743	1.4341	0.107834	0.166144	1.53174	0.37461	0.167096	1.16122	0.521351	0.17365
113.925	1.43515	0.107416	0.166242	1.53214	0.373578	0.166791	1.16199	0.520915	0.173992
114.142	1.43579	0.107204	0.166611	1.53328	0.373917	0.167416	1.16282	0.520644	0.173505
114.323	1.43676	0.106964	0.166585	1.53429	0.373615	0.167286	1.16351	0.520374	0.172838
114.51	1.43741	0.106878	0.166467	1.5349	0.373606	0.167257	1.164	0.520167	0.173198
114.684	1.43799	0.10689	0.166755	1.53542	0.373564	0.167431	1.16441	0.520013	0.173711
114.862	1.43842	0.106721	0.166508	1.53591	0.373328	0.167219	1.16475	0.519772	0.17374
115.041	1.43858	0.106502	0.166252	1.53626	0.372937	0.166988	1.16507	0.519681	0.173481
115.258	1.4387	0.106364	0.166543	1.53573	0.372144	0.166921	1.16535	0.519663	0.173226
115.438	1.43879	0.106372	0.16668	1.53574	0.372222	0.166958	1.16543	0.519649	0.173279
115.625	1.4389	0.106406	0.166485	1.53639	0.37241	0.166499	1.16539	0.519583	0.173337
115.812	1.43887	0.106484	0.166462	1.53654	0.372618	0.166643	1.16532	0.519631	0.173427
116.019	1.43867	0.106491	0.166561	1.53635	0.372621	0.166725	1.16528	0.519756	0.173468
116.213	1.43827	0.106567	0.166544	1.5361	0.372584	0.166723	1.16509	0.519819	0.173292
116.332	1.43795	0.106637	0.166437	1.53581	0.372758	0.166883	1.16484	0.519921	0.173258
116.433	1.43765	0.10673	0.166501	1.53541	0.372977	0.166994	1.16452	0.520045	0.173422
116.676	1.4374	0.106951	0.166563	1.53506	0.373231	0.166941	1.16418	0.520132	0.173519
116.898	1.43694	0.10718	0.166526	1.53438	0.373502	0.166655	1.16366	0.520382	0.173502
117.114	1.43648	0.107281	0.166529	1.53394	0.373827	0.166916	1.16314	0.520603	0.173325
117.364	1.43602	0.107469	0.166617	1.53357	0.373869	0.166943	1.16274	0.520768	0.173228
117.619	1.43559	0.107617	0.166588	1.53445	0.372325	0.165417	1.16235	0.521186	0.173419
117.886	1.43499	0.107837	0.166526	1.53405	0.372511	0.165337	1.16172	0.521261	0.173355
118.038	1.43433	0.108063	0.166486	1.53347	0.372802	0.165316	1.16102	0.521489	0.173246
118.257	1.43398	0.10816	0.166503	1.53302	0.372475	0.165006	1.16108	0.522155	0.173627
118.434	1.43338	0.108327	0.16646	1.5322	0.373307	0.165223	1.16034	0.522363	0.173376
118.677	1.43282	0.108507	0.166451	1.53184	0.373718	0.165474	1.15978	0.522528	0.173313
118.962	1.43237	0.108794	0.166518	1.53132	0.374071	0.165485	1.15936	0.522703	0.173311
119.184	1.43168	0.109183	0.166596	1.5308	0.374258	0.165384	1.15856	0.52297	0.173414
119.451	1.431	0.109426	0.16652	1.53033	0.374192	0.165108	1.15821	0.523284	0.173279
119.591	1.43038	0.109634	0.166484	1.5299	0.374373	0.165157	1.15754	0.523577	0.173219
119.754	1.42981	0.109939	0.166577	1.52933	0.374549	0.165147	1.15695	0.523815	0.17326
119.988	1.42925	0.110125	0.166592	1.52866	0.373946	0.164485	1.15638	0.524115	0.1732
120.225	1.42874	0.110307	0.16659	1.5282	0.374986	0.164994	1.15572	0.524237	0.173232
120.527	1.42822	0.110489	0.166618	1.52774	0.375166	0.164927	1.15537	0.52451	0.173192
120.838	1.42752	0.110823	0.166717	1.5271	0.375415	0.165031	1.15484	0.524808	0.173219
121.092	1.427	0.111043	0.166664	1.52652	0.375679	0.165105	1.15445	0.524875	0.173103
121.364	1.42655	0.111188	0.166557	1.52592	0.375758	0.165028	1.15396	0.525039	0.173045
121.619	1.42612	0.111254	0.166477	1.52539	0.376087	0.165127	1.15332	0.524819	0.172527
121.845	1.42574	0.111349	0.166514	1.52484	0.375442	0.164802	1.15288	0.524937	0.172473
122.155	1.42543	0.111443	0.166461	1.52432	0.375537	0.164786	1.15252	0.525122	0.172448
122.4	1.42516	0.111517	0.166478	1.52398	0.376194	0.165063	1.15257	0.525765	0.172848
122.645	1.42495	0.111637	0.166528	1.52409	0.376446	0.16523	1.15212	0.525821	0.172947
122.801	1.42486	0.1117	0.166521	1.52405	0.376428	0.165135	1.15208	0.525879	0.172959
123.109	1.42482	0.11169	0.166521	1.52406	0.37643	0.165101	1.15226	0.525953	0.172903
123.41	1.42485	0.111645	0.166503	1.5242	0.376407	0.16498	1.15206	0.525851	0.172948
123.671	1.42496	0.111601	0.166463	1.5244	0.376229	0.164917	1.15218	0.5258	0.172951
123.951	1.4251	0.111529	0.166428	1.52458	0.376178	0.164839	1.15249	0.525789	0.172905
124.173	1.42519	0.111548	0.166442	1.52482	0.376078	0.1648	1.15261	0.525716	0.172877
124.44	1.42532	0.111477	0.166417	1.52487	0.375217	0.164148	1.15271	0.525622	0.172878
124.747	1.42545	0.111476	0.166405	1.52485	0.37517	0.164209	1.15283	0.525614	0.172886
124.977	1.4255	0.111468	0.166419	1.52508	0.375204	0.164238	1.15288	0.525556	0.172853
125.253	1.42555	0.111416	0.166389	1.52511	0.375144	0.164455	1.15297	0.525537	0.172879
125.543	1.42561	0.111449	0.166423	1.5252	0.375156	0.164405	1.15303	0.525547	0.172901
125.818	1.42559	0.111448	0.166387	1.52515	0.375163	0.164242	1.15299	0.525541	0.172867
126.047	1.42554	0.111472	0.166424	1.52511	0.375179	0.164241	1.15292	0.525549	0.172833
126.279	1.42548	0.111471	0.166441	1.52507	0.375184	0.164473	1.15284	0.525551	0.172829
126.545	1.42541	0.111495	0.166455	1.52494	0.375144	0.164314	1.15276	0.52556	0.172801
126.803	1.4253	0.11154	0.166439	1.52507	0.376	0.164929	1.15272	0.52563	0.172863
127.021	1.42525	0.111544	0.166451	1.5247	0.375869	0.164744	1.15262	0.525653	0.172865
127.322	1.42519	0.111574	0.166506	1.52478	0.375258	0.164286	1.15263	0.525701	0.172884
127.552	1.42517	0.111568	0.166463	1.5249	0.376034	0.16487	1.15258	0.525707	0.172866
127.784	1.42515	0.111563	0.166465	1.52488	0.376021	0.164857	1.15249	0.525724	0.172946
127.993	1.42517	0.111594	0.16649	1.52486	0.376019	0.164803	1.15253	0.525738	0.172983
128.244	1.42519	0.111599	0.166472	1.52474	0.375308	0.164278	1.15267	0.525744	0.17291
128.538	1.42526	0.111534	0.166444	1.52481	0.37599	0.164802	1.15274	0.525708	0.172849
128.791	1.42532	0.111561	0.166457	1.52465	0.375294	0.164224	1.15291	0.525707	0.172813
129.022	1.42535	0.111539	0.166467	1.52465	0.375299	0.164311	1.15226	0.525207	0.172619
129.303	1.42542	0.111502	0.166443	1.52458	0.375938	0.164952	1.15265	0.525131	0.172312
129.515	1.42543	0.111497	0.166425	1.52448	0.376012	0.164891	1.15267	0.525113	0.172316
129.737	1.42546	0.111467	0.166432	1.52431	0.37543	0.164321	1.15272	0.525122	0.172373
130.01	1.42547	0.111493	0.166484	1.52432	0.375425	0.164479	1.15268	0.525149	0.172412
130.261	1.42541	0.111503	0.166429	1.52434	0.375886	0.16486	1.1526	0.525157	0.172389
130.465	1.42537	0.111508	0.166402	1.52461	0.375822	0.16501	1.15252	0.525165	0.172395
130.706	1.42536	0.111506	0.166424	1.52471	0.375789	0.164958	1.15252	0.525162	0.172398
130.931	1.42526	0.111589	0.16643	1.52473	0.375757	0.16487	1.15247	0.525198	0.172445
131.186	1.42522	0.111591	0.166423	1.52476	0.375733	0.164774	1.15241	0.52518	0.172428
131.471	1.42525	0.111565	0.166416	1.52477	0.375683	0.164671	1.15239	0.525194	0.172507
131.762	1.42525	0.111585	0.166445	1.52479	0.375686	0.164501	1.15239	0.525213	0.172499
132.053	1.42526	0.111557	0.166453	1.52473	0.375689	0.164527	1.15233	0.525224	0.172564
132.366	1.42528	0.111533	0.166428	1.52474	0.375797	0.164528	1.15231	0.525183	0.172551
132.503	1.42533	0.111567	0.166426	1.52482	0.375852	0.16459	1.15232	0.525198	0.172593
132.759	1.42534	0.111576	0.166472	1.52475	0.37593	0.164643	1.1524	0.525192	0.172589
132.893	1.42534	0.111533	0.166443	1.52481	0.375844	0.164607	1.15237	0.525149	0.172578
133.178	1.42533	0.111547	0.166484	1.52487	0.37581	0.164605	1.1524	0.525139	0.172543
133.423	1.42529	0.11152	0.166485	1.5247	0.375809	0.164556	1.1524	0.525172	0.172567
133.655	1.42528	0.111541	0.166484	1.5249	0.375796	0.16461	1.15236	0.525132	0.172516
133.851	1.42525	0.111561	0.16646	1.52483	0.375895	0.164656	1.15231	0.525141	0.172505
134.048	1.42524	0.111594	0.166534	1.52481	0.375938	0.16471	1.15235	0.52514	0.172527
134.157	1.42521	0.111598	0.166499	1.52481	0.375943	0.164673	1.15236	0.52518	0.172514
134.274	1.42519	0.111565	0.166462	1.52474	0.375971	0.164752	1.15234	0.525194	0.172518
134.372	1.42525	0.111582	0.166452	1.52474	0.375982	0.164735	1.15234	0.525195	0.172513
134.47	1.42528	0.111542	0.166459	1.523	0.37829	0.16717	1.15238	0.525191	0.172533
134.587	1.42526	0.111537	0.166432	1.52285	0.378262	0.166942	1.15229	0.525197	0.172529
134.7	1.42526	0.111523	0.166416	1.52287	0.378144	0.166855	1.15227	0.525173	0.17249
134.888	1.42526	0.111547	0.166417	1.52286	0.37814	0.166847	1.15228	0.525152	0.172473
135.196	1.42527	0.111544	0.166413	1.52284	0.378088	0.16679	1.15229	0.525153	0.172475
135.356	1.42523	0.11155	0.166394	1.52278	0.378097	0.166794	1.15227	0.52515	0.172389
135.456	1.42527	0.11152	0.166393	1.52279	0.378132	0.166837	1.15229	0.525151	0.172397
135.579	1.42522	0.111575	0.166417	1.52282	0.378179	0.166839	1.15238	0.525179	0.172424
135.832	1.42519	0.111585	0.166414	1.52286	0.378168	0.166814	1.15278	0.525703	0.17283
135.994	1.42518	0.111586	0.166417	1.52292	0.378228	0.166913	1.1528	0.525723	0.172784
136.252	1.42523	0.111555	0.166417	1.52298	0.378316	0.167008	1.1528	0.525708	0.172798
136.412	1.42525	0.111564	0.166437	1.52237	0.377693	0.166709	1.15282	0.525726	0.172798
136.53	1.42524	0.111575	0.166422	1.52293	0.378359	0.167064	1.15278	0.525683	0.172772
136.632	1.42526	0.111525	0.1664	1.52196	0.378164	0.166431	1.15287	0.525736	0.172818
136.877	1.4253	0.111506	0.166392	1.52197	0.378212	0.166452	1.15293	0.525761	0.172832
137.096	1.42531	0.111518	0.16641	1.52195	0.378278	0.166502	1.1529	0.525742	0.17278
137.374	1.42527	0.111524	0.166374	1.52192	0.378263	0.166391	1.15286	0.525723	0.172752
137.557	1.42532	0.111521	0.166396	1.52289	0.378289	0.167152	1.15286	0.525724	0.172798
137.786	1.42534	0.111516	0.166438	1.52276	0.378382	0.167002	1.15287	0.525725	0.172828
138.053	1.42531	0.111525	0.166412	1.52273	0.378318	0.166877	1.15281	0.525713	0.172793
138.235	1.42526	0.111555	0.166414	1.52269	0.378322	0.166949	1.1525	0.525671	0.17294
138.536	1.42528	0.111523	0.166432	1.52203	0.377767	0.166548	1.15277	0.525741	0.17285
138.817	1.4253	0.111507	0.166387	1.52189	0.377666	0.166481	1.15273	0.52574	0.172866
138.992	1.42528	0.111564	0.166411	1.52269	0.378371	0.166998	1.1525	0.52571	0.172943
139.204	1.42528	0.111537	0.166401	1.5226	0.378328	0.166972	1.15269	0.525745	0.172844
139.479	1.42532	0.111539	0.166382	1.52267	0.378416	0.167008	1.15248	0.525677	0.172903
139.766	1.42529	0.111517	0.166368	1.52268	0.378454	0.167044	1.15253	0.525717	0.172948
140.024	1.42529	0.111549	0.16638	1.52266	0.378543	0.167058	1.15256	0.525723	0.172934
140.34	1.42531	0.111543	0.166403	1.52267	0.378627	0.167118	1.15254	0.525687	0.172928
140.607	1.42535	0.111546	0.166412	1.52267	0.378586	0.167065	1.15255	0.525691	0.172937
140.9	1.42532	0.111526	0.166382	1.52278	0.378466	0.166862	1.15257	0.525719	0.172943
141.262	1.42528	0.111574	0.166399	1.523	0.377898	0.166625	1.15249	0.525659	0.172915
141.494	1.42533	0.111572	0.166395	1.52303	0.377962	0.166707	1.15273	0.525747	0.172867
141.718	1.42529	0.111534	0.166348	1.52302	0.377918	0.166621	1.15275	0.525737	0.172853
141.937	1.42531	0.111554	0.166361	1.52302	0.377934	0.166632	1.15267	0.52569	0.172838
142.121	1.42528	0.111537	0.166369	1.52303	0.377918	0.166643	1.15267	0.525669	0.172808
142.347	1.4253	0.111522	0.166384	1.52302	0.377912	0.166645	1.15273	0.525714	0.172828
142.599	1.42528	0.111578	0.166357	1.523	0.377906	0.166624	1.15269	0.525682	0.172836
142.847	1.42529	0.111523	0.166388	1.52301	0.377846	0.166614	1.15234	0.525154	0.172391
143.04	1.42529	0.111555	0.166424	1.52307	0.377867	0.166603	1.15239	0.525176	0.17247
143.321	1.42529	0.111574	0.166378	1.52309	0.377884	0.166599	1.15242	0.525197	0.17246
143.561	1.42529	0.111518	0.166361	1.52304	0.377901	0.166584	1.15239	0.525145	0.172385
143.8	1.42525	0.111548	0.166359	1.52303	0.377831	0.166656	1.15238	0.525138	0.172407
144.067	1.42528	0.111527	0.166399	1.5231	0.377913	0.166619	1.15239	0.525155	0.172428
144.399	1.42528	0.111571	0.166384	1.52313	0.377914	0.166641	1.15239	0.525151	0.172454
144.634	1.42524	0.111568	0.166391	1.5231	0.377852	0.16658	1.15244	0.52516	0.172431
144.856	1.42528	0.111555	0.166397	1.52313	0.377868	0.166623	1.1524	0.525146	0.172416
145.089	1.42525	0.111555	0.166402	1.52309	0.377892	0.16664	1.15246	0.525183	0.172483
145.371	1.42526	0.111559	0.166411	1.52311	0.377849	0.1666	1.15248	0.525192	0.172439
145.65	1.42528	0.111579	0.166428	1.52308	0.377826	0.166671	1.15247	0.525166	0.172405
145.839	1.42527	0.111552	0.166408	1.52314	0.377841	0.166595	1.1525	0.525168	0.172438
146.02	1.42525	0.111545	0.166425	1.52313	0.377884	0.16666	1.1525	0.525165	0.172385
146.199	1.42528	0.11152	0.166402	1.52313	0.377833	0.166616	1.15249	0.525131	0.172388
146.357	1.42529	0.111528	0.166404	1.52308	0.377832	0.166585	1.15254	0.525169	0.172372
146.511	1.4253	0.111523	0.166374	1.52309	0.377863	0.166663	1.15249	0.525138	0.172338
146.692	1.42528	0.111518	0.166368	1.52303	0.377919	0.166682	1.15251	0.525159	0.172307
146.844	1.4253	0.111515	0.166386	1.5246	0.376017	0.164855	1.15253	0.525158	0.172322
146.996	1.42533	0.111505	0.166397	1.52452	0.376081	0.164924	1.15253	0.525183	0.172328
147.157	1.42532	0.111553	0.166428	1.52446	0.376088	0.164949	1.15254	0.525199	0.172342
147.308	1.4253	0.111569	0.166425	1.52439	0.376123	0.164932	1.15251	0.525171	0.172315
147.449	1.42532	0.111551	0.166441	1.52431	0.37607	0.164958	1.15253	0.525186	0.172316
147.472	1.42532	0.111551	0.166441	1.52431	0.37607	0.164958	1.15253	0.525186	0.172316
147.496	1.42532	0.111551	0.166441	1.52431	0.37607	0.164958	1.15253	0.525186	0.172316
147.517	1.42532	0.111551	0.166441	1.52431	0.37607	0.164958	1.15253	0.525186	0.172316
148.447	1.42532	0.111551	0.166441	1.52431	0.37607	0.164958	1.15253	0.525186	0.172316
