Time      x1      y1      z1	x2	y2	z2	x3	y3	z3	x4	y4	z4
8.755	6.9336e-310	6.9336e-310	2.122e-314	3.135e-317	1.5316e-322	6.93361e-310	0	0	0
8.834	6.9336e-310	6.9336e-310	2.122e-314	3.135e-317	1.5316e-322	6.93361e-310	0	0	0
8.864	6.9336e-310	6.9336e-310	2.122e-314	3.135e-317	1.5316e-322	6.93361e-310	0	0	0
8.913	6.9336e-310	6.9336e-310	2.122e-314	3.135e-317	1.5316e-322	6.93361e-310	0	0	0
8.942	6.9336e-310	6.9336e-310	2.122e-314	3.135e-317	1.5316e-322	6.93361e-310	0	0	0
8.997	6.9336e-310	6.9336e-310	2.122e-314	3.135e-317	1.5316e-322	6.93361e-310	0	0	0
9.083	6.9336e-310	6.9336e-310	2.122e-314	3.135e-317	1.5316e-322	6.93361e-310	0	0	0
9.312	6.9336e-310	6.9336e-310	2.122e-314	3.135e-317	1.5316e-322	6.93361e-310	0	0	0
9.372	6.9336e-310	6.9336e-310	2.122e-314	3.135e-317	1.5316e-322	6.93361e-310	0	0	0
9.44	6.9336e-310	6.9336e-310	2.122e-314	3.135e-317	1.5316e-322	6.93361e-310	0	0	0
9.489	6.9336e-310	6.9336e-310	2.122e-314	3.135e-317	1.5316e-322	6.93361e-310	0	0	0
9.522	6.9336e-310	6.9336e-310	2.122e-314	3.135e-317	1.5316e-322	6.93361e-310	0	0	0
9.601	6.9336e-310	6.9336e-310	2.122e-314	3.135e-317	1.5316e-322	6.93361e-310	0	0	0
10.516	6.9336e-310	6.9336e-310	2.122e-314	3.135e-317	1.5316e-322	6.93361e-310	0	0	0
10.776	-1.73824	1.04219	0.150642	-1.73933	1.32445	0.14624	-2.1401	1.33	0.153485
11.051	-1.7383	1.04221	0.150733	-1.73972	1.3244	0.146818	-2.14012	1.33	0.153613
11.278	-1.73823	1.04219	0.150627	-1.7397	1.32438	0.146778	-2.1401	1.32996	0.153428
11.515	-1.73814	1.04219	0.150424	-1.73964	1.32442	0.14673	-2.14004	1.33	0.15335
11.776	-1.73929	1.04332	0.152637	-1.7397	1.32443	0.146809	-2.13999	1.32989	0.153105
12.014	-1.73917	1.04328	0.152484	-1.7397	1.32444	0.146778	-2.14014	1.32998	0.153502
12.255	-1.73814	1.04216	0.150449	-1.73968	1.32443	0.146779	-2.1401	1.32998	0.153417
12.531	-1.73814	1.04218	0.15045	-1.73965	1.32439	0.146719	-2.14008	1.32998	0.15339
12.736	-1.73936	1.04329	0.152684	-1.73971	1.32441	0.146796	-2.14011	1.33002	0.153548
12.917	-1.73817	1.04217	0.15049	-1.73968	1.32444	0.14677	-2.14009	1.32999	0.153468
13.132	-1.73821	1.04216	0.1506	-1.73967	1.3244	0.146761	-2.13982	1.33033	0.153455
13.418	-1.73821	1.04256	0.150897	-1.73968	1.32441	0.146747	-2.1401	1.33001	0.15348
13.698	-1.73821	1.04217	0.150524	-1.7397	1.32442	0.1468	-2.14011	1.33002	0.153539
13.968	-1.73815	1.04215	0.150459	-1.73967	1.32441	0.146774	-2.14007	1.33001	0.153458
14.213	-1.73819	1.04219	0.150615	-1.73764	1.32451	0.146275	-2.14007	1.33	0.153436
14.441	-1.73827	1.04221	0.150701	-1.7397	1.32443	0.146784	-2.1401	1.33004	0.153547
14.627	-1.73819	1.04218	0.150509	-1.73967	1.32444	0.146799	-2.14009	1.33	0.153467
14.905	-1.73821	1.0422	0.150632	-1.73966	1.32442	0.146791	-2.14007	1.33001	0.153469
15.191	-1.73826	1.04219	0.150668	-1.73967	1.32446	0.146791	-2.14009	1.32998	0.153484
15.488	-1.73828	1.04221	0.150743	-1.73971	1.32443	0.146795	-2.14012	1.33	0.153564
15.721	-1.7382	1.04218	0.15061	-1.73763	1.32451	0.146284	-2.14005	1.33	0.153427
15.936	-1.73824	1.04218	0.15066	-1.73966	1.3244	0.146749	-2.14009	1.33001	0.153464
16.125	-1.73829	1.04225	0.150739	-1.73969	1.32442	0.146835	-2.1401	1.33004	0.153575
16.323	-1.73834	1.04258	0.151089	-1.7397	1.32445	0.146843	-2.1401	1.32998	0.153454
16.571	-1.7382	1.0422	0.150627	-1.73967	1.3244	0.14674	-2.14007	1.32999	0.153399
16.855	-1.73825	1.04221	0.150681	-1.73967	1.3244	0.146754	-2.1401	1.32996	0.153443
17.082	-1.7383	1.04221	0.150727	-1.7397	1.32442	0.146806	-2.14011	1.33003	0.153546
17.279	-1.73822	1.04217	0.150643	-1.73967	1.32443	0.146794	-2.14006	1.32999	0.153425
17.552	-1.73817	1.04217	0.150499	-1.73966	1.32443	0.146756	-2.14004	1.33002	0.153469
17.833	-1.73828	1.04224	0.150731	-1.7389	1.32438	0.146526	-2.14008	1.33001	0.15351
18.102	-1.73826	1.04219	0.150705	-1.73971	1.32445	0.146832	-2.14011	1.32998	0.153367
18.424	-1.73822	1.04224	0.15068	-1.73967	1.32441	0.14681	-2.13984	1.33034	0.153486
18.67	-1.7382	1.04221	0.150563	-1.73935	1.32447	0.146297	-2.14008	1.33002	0.153484
18.884	-1.73826	1.04219	0.150685	-1.73968	1.32443	0.146817	-2.14009	1.33002	0.153517
19.061	-1.73821	1.04219	0.150625	-1.73967	1.32443	0.146791	-2.13982	1.33037	0.153488
19.339	-1.73823	1.04218	0.150651	-1.73968	1.32445	0.146796	-2.14008	1.33	0.153438
19.597	-1.73824	1.04217	0.150635	-1.7397	1.32444	0.146803	-2.14008	1.33002	0.153505
19.904	-1.73932	1.04328	0.152651	-1.73969	1.32443	0.146835	-2.14008	1.33004	0.153555
20.238	-1.73821	1.04218	0.150618	-1.73966	1.32445	0.146788	-2.14006	1.33004	0.15342
20.443	-1.7393	1.04329	0.152641	-1.7397	1.32443	0.14685	-2.14008	1.32999	0.153442
20.632	-1.73826	1.04219	0.150693	-1.73945	1.32441	0.146746	-2.14011	1.32998	0.153466
20.862	-1.73915	1.04321	0.152384	-1.73966	1.32442	0.146781	-2.14008	1.33002	0.153498
21.133	-1.7382	1.04217	0.150634	-1.73966	1.32443	0.146779	-2.14009	1.32999	0.153418
21.376	-1.73932	1.0433	0.152661	-1.7397	1.32445	0.146843	-2.14008	1.33003	0.153524
21.601	-1.73826	1.04222	0.150676	-1.73932	1.32443	0.146215	-2.1401	1.33002	0.153544
21.811	-1.73822	1.0422	0.150653	-1.73967	1.32442	0.146792	-2.14007	1.33004	0.153434
22.068	-1.73924	1.04323	0.152527	-1.7397	1.32441	0.146819	-2.14007	1.33003	0.15348
22.3	-1.73935	1.04328	0.152649	-1.73969	1.32442	0.146802	-2.1401	1.33004	0.153519
22.504	-1.73919	1.04323	0.152443	-1.73968	1.32443	0.146786	-2.14008	1.32999	0.153449
22.773	-1.73814	1.04214	0.15046	-1.73969	1.32441	0.146791	-2.14006	1.33002	0.153415
23.042	-1.73922	1.04329	0.152549	-1.73871	1.32439	0.146002	-2.14011	1.33001	0.153498
23.309	-1.73926	1.04332	0.152596	-1.73972	1.32446	0.146841	-2.14009	1.33001	0.153522
23.551	-1.73819	1.04218	0.150606	-1.73969	1.32444	0.146822	-2.13982	1.33031	0.153457
23.752	-1.7382	1.04216	0.1506	-1.73968	1.32442	0.146779	-2.14011	1.33	0.153476
24.004	-1.7393	1.04328	0.152614	-1.73969	1.32442	0.1468	-2.14011	1.33002	0.153485
24.296	-1.73823	1.0422	0.15065	-1.73967	1.32444	0.146784	-2.14007	1.33001	0.153483
24.516	-1.73849	1.04282	0.151496	-1.73968	1.32443	0.146747	-2.1401	1.32999	0.153426
24.761	-1.73922	1.04324	0.152474	-1.73967	1.32443	0.146765	-2.14011	1.33005	0.153583
24.998	-1.73927	1.04333	0.152618	-1.73968	1.32443	0.146787	-2.14014	1.33002	0.153478
25.259	-1.73918	1.04323	0.152417	-1.73967	1.32443	0.146794	-2.13983	1.33036	0.153466
25.467	-1.73849	1.04281	0.151453	-1.73966	1.32443	0.146749	-2.13983	1.33037	0.153481
25.703	-1.73924	1.04325	0.152492	-1.73967	1.32441	0.146763	-2.14011	1.33004	0.153529
25.921	-1.73924	1.04325	0.152506	-1.73967	1.32444	0.146772	-2.14011	1.33002	0.153477
26.147	-1.73825	1.04227	0.15072	-1.73966	1.32442	0.146781	-2.14005	1.33005	0.153451
26.427	-1.73825	1.0422	0.150667	-1.7397	1.32446	0.14682	-2.1401	1.33	0.153507
26.691	-1.73828	1.04221	0.150682	-1.73969	1.32442	0.146751	-2.1401	1.33	0.153523
26.936	-1.73921	1.04323	0.15246	-1.73966	1.32441	0.146734	-2.14008	1.32999	0.15343
27.115	-1.73823	1.04222	0.150633	-1.73965	1.32443	0.146727	-2.13981	1.33032	0.153442
27.329	-1.73826	1.0422	0.150678	-1.73972	1.32441	0.146812	-2.14012	1.33003	0.153543
27.505	-1.73827	1.04219	0.150668	-1.73969	1.32442	0.146775	-2.14014	1.33005	0.153569
27.682	-1.73823	1.04222	0.150632	-1.73965	1.32443	0.146717	-2.14006	1.32999	0.153399
27.858	-1.73825	1.04229	0.150723	-1.73968	1.32441	0.146737	-2.14008	1.33003	0.153459
28.048	-1.73824	1.04216	0.150545	-1.73972	1.32444	0.146828	-2.14015	1.33002	0.153568
28.223	-1.73819	1.04216	0.150479	-1.73967	1.32444	0.146781	-2.14009	1.33003	0.153498
28.435	-1.73814	1.04217	0.150436	-1.73968	1.32443	0.146774	-2.13982	1.33034	0.153444
28.468	-1.73826	1.04221	0.150671	-1.73969	1.32443	0.146792	-2.14012	1.33003	0.153541
28.757	-1.73826	1.04221	0.150671	-1.73969	1.32443	0.146792	-2.14012	1.33003	0.153541
29.047	-1.73819	1.04218	0.150549	-1.73873	1.32439	0.14594	-2.13982	1.33035	0.153421
29.238	-1.73822	1.0422	0.15062	-1.73968	1.32445	0.146765	-2.14008	1.33003	0.153453
29.56	-1.73822	1.04223	0.150544	-1.73972	1.32441	0.146796	-2.14011	1.33003	0.153544
29.77	-1.73822	1.0422	0.150602	-1.73967	1.32443	0.146771	-2.14011	1.32999	0.153452
29.995	-1.73819	1.04221	0.150581	-1.73869	1.32439	0.145928	-2.14006	1.32997	0.153379
30.09	-1.73825	1.0422	0.150672	-1.7397	1.32442	0.146757	-2.1401	1.32999	0.15349
30.194	-1.73827	1.04219	0.150669	-1.7397	1.32442	0.146785	-2.14008	1.33001	0.153494
30.465	-1.73827	1.04219	0.150669	-1.7397	1.32442	0.146785	-2.14008	1.33001	0.153494
30.715	-1.73818	1.04219	0.150519	-1.73871	1.32439	0.145929	-2.13981	1.33035	0.153395
30.978	-1.73825	1.04221	0.150602	-1.73749	1.32459	0.146078	-2.14009	1.33003	0.153508
31.263	-1.73818	1.04218	0.150505	-1.73946	1.3244	0.146681	-2.14011	1.32998	0.153445
31.505	-1.73819	1.04218	0.150523	-1.73967	1.32443	0.146709	-2.14002	1.33002	0.153388
31.623	-1.73825	1.04222	0.150671	-1.73927	1.3244	0.146132	-2.14008	1.33002	0.153464
31.847	-1.7382	1.04217	0.150519	-1.73971	1.32444	0.14679	-2.14012	1.33001	0.1535
32.055	-1.73821	1.04217	0.150571	-1.73969	1.32446	0.146781	-2.14009	1.32998	0.15339
32.235	-1.73821	1.0422	0.15059	-1.73764	1.32453	0.146298	-2.14004	1.32999	0.153346
32.411	-1.73814	1.04211	0.150572	-1.73971	1.32443	0.146779	-2.14011	1.33004	0.153539
32.627	-1.73919	1.04328	0.152473	-1.73971	1.32443	0.146795	-2.14012	1.33	0.153503
32.806	-1.73819	1.04217	0.150542	-1.73969	1.32443	0.146756	-2.14006	1.32999	0.153358
32.967	-1.73823	1.04219	0.150623	-1.73772	1.32451	0.146359	-2.14008	1.32998	0.153433
33.184	-1.7383	1.0422	0.150712	-1.73975	1.32445	0.146848	-2.14012	1.33002	0.153585
33.361	-1.7382	1.04218	0.150578	-1.73967	1.32443	0.146764	-2.14007	1.32998	0.153414
33.538	-1.73817	1.0422	0.15058	-1.73762	1.32453	0.146271	-2.14004	1.32999	0.153364
33.746	-1.73829	1.0422	0.15069	-1.73737	1.32451	0.145946	-2.14011	1.33003	0.153522
33.991	-1.73929	1.04328	0.152562	-1.73973	1.32442	0.146826	-2.14016	1.33002	0.153588
34.224	-1.73812	1.04215	0.150431	-1.73866	1.32434	0.145882	-2.14006	1.33001	0.153358
34.418	-1.73914	1.04323	0.152367	-1.73966	1.32443	0.146728	-2.14002	1.33	0.15333
34.657	-1.73944	1.04333	0.152789	-1.73734	1.32452	0.145864	-2.14001	1.32988	0.153096
34.848	-1.73825	1.04219	0.150651	-1.7397	1.32443	0.146793	-2.14009	1.33003	0.153462
35.077	-1.73821	1.04218	0.150582	-1.73965	1.32444	0.146746	-2.14005	1.32997	0.153357
35.294	-1.73935	1.0433	0.152655	-1.73967	1.32443	0.146748	-2.14008	1.33	0.153505
35.543	-1.73924	1.04329	0.152512	-1.7397	1.32444	0.14681	-2.1401	1.33002	0.153521
35.789	-1.73819	1.04217	0.150594	-1.73966	1.32443	0.146767	-2.14005	1.33	0.15343
36.03	-1.73812	1.04215	0.150416	-1.73761	1.32454	0.146272	-2.14003	1.32998	0.153361
36.248	-1.73932	1.04328	0.152628	-1.73968	1.32443	0.14679	-2.1401	1.32999	0.153472
36.436	-1.73928	1.04327	0.152635	-1.73969	1.32443	0.146803	-2.13984	1.33036	0.153487
36.667	-1.7382	1.0422	0.150599	-1.7372	1.32443	0.145781	-2.14006	1.33001	0.153387
36.846	-1.73928	1.04329	0.152602	-1.73965	1.32444	0.146762	-2.14006	1.33001	0.153447
37.064	-1.73939	1.04328	0.152714	-1.73771	1.32453	0.146397	-2.14012	1.33	0.153517
37.214	-1.73821	1.04218	0.150619	-1.73966	1.32446	0.146787	-2.14008	1.33002	0.153412
37.425	-1.73916	1.04325	0.15243	-1.73964	1.32441	0.14675	-2.14007	1.32999	0.153402
37.641	-1.73821	1.04219	0.150569	-1.73968	1.32444	0.146791	-2.14011	1.33004	0.153539
37.828	-1.73826	1.04218	0.150677	-1.7397	1.32445	0.146813	-2.14009	1.32998	0.153459
38.068	-1.73819	1.04217	0.150599	-1.73963	1.32441	0.146742	-2.13981	1.33033	0.153443
38.29	-1.73827	1.04225	0.150727	-1.73967	1.32445	0.146797	-2.14007	1.32999	0.153414
38.418	-1.73824	1.04226	0.150651	-1.73734	1.32453	0.145971	-2.14009	1.33	0.15353
38.666	-1.73828	1.04224	0.150754	-1.73768	1.32451	0.1464	-2.1401	1.33002	0.153504
38.926	-1.73815	1.04222	0.150529	-1.73965	1.32444	0.146752	-2.14004	1.33005	0.153426
39.109	-1.73827	1.04226	0.150754	-1.73876	1.32441	0.146018	-2.14007	1.33004	0.153516
39.265	-1.73823	1.04223	0.150644	-1.73967	1.32444	0.146783	-2.14009	1.33004	0.153563
39.517	-1.73824	1.04223	0.150697	-1.73969	1.32443	0.146815	-2.14008	1.33001	0.153455
39.652	-1.73829	1.04226	0.150754	-1.73766	1.32452	0.146342	-2.14008	1.33001	0.153435
39.841	-1.73834	1.04225	0.150831	-1.73772	1.32451	0.146432	-2.14011	1.33002	0.153508
40.003	-1.7383	1.04229	0.150813	-1.73968	1.32443	0.146777	-2.14009	1.33003	0.153516
40.206	-1.7382	1.04224	0.150599	-1.73964	1.32442	0.146748	-2.14007	1.33001	0.153384
40.442	-1.73828	1.04229	0.150698	-1.73889	1.32438	0.146472	-2.14009	1.33001	0.153433
40.63	-1.73839	1.04228	0.150878	-1.73946	1.32442	0.146776	-2.14009	1.33005	0.153515
40.811	-1.73835	1.04229	0.150852	-1.73968	1.32442	0.146775	-2.13982	1.33036	0.1535
41.045	-1.73834	1.04231	0.150872	-1.73969	1.32443	0.146796	-2.14006	1.32999	0.153422
41.294	-1.73841	1.04231	0.150923	-1.73971	1.32445	0.146796	-2.1401	1.33004	0.153491
41.51	-1.73834	1.04232	0.150789	-1.7397	1.32441	0.146807	-2.14007	1.33001	0.153458
41.759	-1.73834	1.04232	0.150872	-1.73967	1.3244	0.146735	-2.14006	1.33002	0.153414
41.942	-1.73837	1.04234	0.150937	-1.73968	1.32443	0.146772	-2.14008	1.33002	0.15349
42.159	-1.7384	1.04234	0.150929	-1.73971	1.32443	0.146795	-2.14011	1.33007	0.153575
42.355	-1.73839	1.04234	0.15096	-1.73967	1.32441	0.146739	-2.13981	1.33033	0.153448
42.565	-1.73838	1.04238	0.150943	-1.73966	1.32445	0.146741	-2.14008	1.32999	0.153409
42.755	-1.73847	1.04235	0.151023	-1.73971	1.32443	0.146794	-2.1401	1.33005	0.153521
42.993	-1.73847	1.04239	0.151062	-1.73973	1.32446	0.146808	-2.14008	1.33003	0.153503
43.213	-1.73833	1.04237	0.150827	-1.73968	1.32446	0.146801	-2.14006	1.32999	0.153396
43.491	-1.73842	1.04239	0.151027	-1.73972	1.32446	0.146795	-2.14007	1.33001	0.153453
43.795	-1.73848	1.04239	0.151081	-1.73973	1.32444	0.14682	-2.14009	1.33003	0.153505
44.003	-1.73843	1.0424	0.151035	-1.73736	1.32444	0.145889	-2.14012	1.33006	0.15353
44.197	-1.73839	1.04238	0.15097	-1.73731	1.32444	0.145865	-2.14007	1.33001	0.153431
44.428	-1.73846	1.04241	0.151071	-1.73734	1.32446	0.145904	-2.14012	1.32998	0.153471
44.643	-1.73847	1.0424	0.15108	-1.73739	1.32445	0.145952	-2.14011	1.33006	0.153528
44.814	-1.73834	1.04247	0.150897	-1.73743	1.32445	0.145984	-2.13982	1.33039	0.15346
45.02	-1.73845	1.04241	0.151058	-1.73742	1.32444	0.14597	-2.13983	1.3304	0.153561
45.261	-1.73844	1.04239	0.150988	-1.7375	1.32443	0.14605	-2.14011	1.33008	0.153668
45.478	-1.73845	1.04238	0.151018	-1.73746	1.32447	0.14598	-2.14009	1.33003	0.153503
45.722	-1.73834	1.04239	0.150866	-1.73858	1.32449	0.146325	-2.13985	1.33039	0.153532
45.988	-1.73845	1.0424	0.151023	-1.73749	1.32445	0.146026	-2.14015	1.33004	0.153566
46.23	-1.73844	1.04239	0.150971	-1.73922	1.32443	0.146552	-2.14017	1.33005	0.153664
46.465	-1.73836	1.04238	0.150853	-1.73744	1.32447	0.145943	-2.14013	1.33004	0.153499
46.794	-1.7384	1.04237	0.150933	-1.73868	1.32442	0.146303	-2.13985	1.33038	0.153567
47.06	-1.73843	1.04236	0.150896	-1.73751	1.32448	0.146025	-2.14016	1.33007	0.153712
47.281	-1.73844	1.04234	0.150945	-1.73762	1.32434	0.146044	-2.13989	1.3304	0.15359
47.533	-1.73837	1.04232	0.150839	-1.73756	1.32437	0.145991	-2.13984	1.33042	0.153573
47.858	-1.73843	1.04232	0.150943	-1.73746	1.32443	0.145957	-2.14016	1.32997	0.153545
48.084	-1.73837	1.04229	0.15075	-1.73746	1.3244	0.145952	-2.14018	1.33006	0.153632
48.29	-1.7383	1.04228	0.150655	-1.73739	1.32443	0.145858	-2.1401	1.33008	0.153541
48.578	-1.73831	1.04226	0.150659	-1.7386	1.32436	0.14623	-2.14013	1.33	0.153455
48.774	-1.73842	1.04224	0.150827	-1.73761	1.32433	0.146064	-2.14018	1.33005	0.153652
49.008	-1.73833	1.04223	0.150688	-1.73757	1.32429	0.146049	-2.14013	1.33007	0.153568
49.299	-1.73818	1.04215	0.150485	-1.73769	1.32446	0.146266	-2.14008	1.33	0.15339
49.426	-1.73925	1.04322	0.15244	-1.73736	1.32441	0.145941	-2.14014	1.33002	0.153489
49.759	-1.73921	1.04319	0.152403	-1.73741	1.32439	0.14604	-2.14016	1.33006	0.15363
49.969	-1.73915	1.04305	0.152217	-1.73727	1.32443	0.145863	-2.14009	1.33002	0.153424
50.165	-1.73904	1.04301	0.152061	-1.73724	1.32445	0.145854	-2.13986	1.33034	0.153451
50.37	-1.73904	1.04307	0.152096	-1.73744	1.32432	0.145954	-2.14014	1.33001	0.153539
50.647	-1.73897	1.04307	0.152025	-1.7372	1.32446	0.145798	-2.14014	1.33001	0.153517
50.872	-1.73889	1.04307	0.151912	-1.73752	1.32453	0.146168	-2.13979	1.33031	0.153338
51.156	-1.73896	1.04306	0.152013	-1.73965	1.32442	0.146796	-2.14011	1.32997	0.15344
51.482	-1.73914	1.04314	0.152272	-1.73967	1.32444	0.146829	-2.14015	1.33004	0.153559
51.808	-1.73929	1.04307	0.152418	-1.73972	1.32439	0.146845	-2.13981	1.33032	0.153389
52.096	-1.73796	1.04212	0.150146	-1.73961	1.32443	0.14672	-2.13978	1.33034	0.153315
52.398	-1.73812	1.04209	0.150424	-1.73971	1.32444	0.146861	-2.14011	1.33002	0.153503
52.689	-1.73838	1.04249	0.151047	-1.73972	1.32444	0.146899	-2.14012	1.33	0.153525
53.021	-1.73815	1.0422	0.150538	-1.73968	1.32444	0.146841	-2.13976	1.33034	0.153395
53.325	-1.73814	1.04219	0.150432	-1.7394	1.32452	0.146458	-2.13977	1.3303	0.153337
53.551	-1.73829	1.04221	0.150707	-1.73972	1.32445	0.14695	-2.1401	1.33002	0.15347
53.842	-1.73826	1.04223	0.150664	-1.73944	1.32451	0.146532	-2.14014	1.3299	0.153361
54.182	-1.7382	1.04221	0.150622	-1.73943	1.3245	0.146515	-2.14002	1.33	0.153325
54.406	-1.73835	1.04228	0.150855	-1.73946	1.32457	0.146573	-2.14006	1.33001	0.153438
54.693	-1.7383	1.04231	0.150766	-1.73947	1.32454	0.146601	-2.14007	1.33006	0.153463
55.056	-1.73826	1.04234	0.150768	-1.7394	1.32453	0.146546	-2.13997	1.33015	0.153434
55.315	-1.73824	1.04235	0.1508	-1.73967	1.32446	0.146925	-2.13996	1.33016	0.15339
55.601	-1.73836	1.04246	0.151035	-1.73966	1.32445	0.146915	-2.13997	1.32992	0.152946
55.834	-1.73837	1.04251	0.151041	-1.73966	1.32443	0.14694	-2.13996	1.32989	0.153014
56.181	-1.73832	1.04248	0.150999	-1.73965	1.32445	0.146885	-2.13992	1.32989	0.152946
56.501	-1.7384	1.04199	0.150631	-1.73967	1.32442	0.146928	-2.13997	1.32989	0.153015
56.844	-1.73826	1.0419	0.150382	-1.73968	1.32443	0.146942	-2.14003	1.32984	0.153009
57.105	-1.73865	1.04248	0.151339	-1.73941	1.32448	0.146548	-2.13997	1.32984	0.1529
57.399	-1.73855	1.04243	0.151175	-1.73965	1.32441	0.146876	-2.13988	1.33002	0.15298
57.661	-1.73855	1.04244	0.151178	-1.73967	1.32442	0.146887	-2.14006	1.32996	0.15323
57.99	-1.73853	1.0424	0.151143	-1.73968	1.32442	0.146937	-2.14008	1.33001	0.153385
58.199	-1.73842	1.04238	0.150967	-1.73965	1.3245	0.146925	-2.14007	1.32999	0.153298
58.458	-1.73848	1.0424	0.15104	-1.73764	1.3246	0.146432	-2.14003	1.32998	0.153342
58.633	-1.73849	1.04242	0.151077	-1.73965	1.32446	0.146797	-2.14005	1.32999	0.153393
58.838	-1.73848	1.0424	0.151047	-1.73765	1.32448	0.146373	-2.14006	1.33	0.153369
59.023	-1.73841	1.04239	0.150931	-1.7372	1.32438	0.145815	-2.14006	1.32996	0.153323
59.355	-1.73853	1.04242	0.151133	-1.73722	1.3244	0.145846	-2.14009	1.32997	0.15334
59.654	-1.73851	1.04242	0.151121	-1.73723	1.32443	0.145859	-2.14008	1.33	0.153397
59.888	-1.73846	1.04239	0.151033	-1.73726	1.32443	0.145952	-2.13982	1.3303	0.153324
60.108	-1.7384	1.04229	0.150841	-1.73729	1.32445	0.145983	-2.14009	1.32999	0.153385
60.39	-1.73848	1.04239	0.150996	-1.73734	1.32447	0.146034	-2.14003	1.32983	0.153067
60.568	-1.73845	1.04237	0.150945	-1.73757	1.32451	0.146317	-2.14009	1.33001	0.15342
60.799	-1.73851	1.04239	0.151055	-1.73738	1.32449	0.146115	-2.13981	1.33037	0.153398
60.922	-1.73863	1.04242	0.151189	-1.73755	1.32442	0.146157	-2.1401	1.33009	0.153501
61.146	-1.73832	1.0425	0.150937	-1.73746	1.32454	0.146176	-2.14011	1.3301	0.153491
61.34	-1.73868	1.04242	0.151245	-1.73744	1.32453	0.146149	-2.14008	1.33004	0.153403
61.503	-1.73866	1.04241	0.151172	-1.73749	1.32455	0.146256	-2.13985	1.33042	0.153518
61.701	-1.73878	1.04244	0.151379	-1.7375	1.32456	0.146259	-2.14015	1.33009	0.153544
61.812	-1.73831	1.04251	0.150926	-1.73747	1.32457	0.146182	-2.14011	1.33006	0.153456
62.055	-1.73858	1.0424	0.151121	-1.73746	1.32452	0.146201	-2.14009	1.33003	0.153355
62.323	-1.73861	1.04243	0.151202	-1.73749	1.32452	0.14628	-2.14016	1.33006	0.153603
62.483	-1.73863	1.04243	0.151226	-1.73763	1.32441	0.146342	-2.14019	1.33005	0.153593
62.741	-1.73853	1.04238	0.151073	-1.73746	1.32455	0.146232	-2.14017	1.32998	0.153287
62.962	-1.73851	1.04237	0.151061	-1.73744	1.32455	0.146229	-2.13993	1.33018	0.153283
63.146	-1.73856	1.04241	0.151083	-1.73752	1.32455	0.146287	-2.14024	1.32979	0.153341
63.372	-1.73841	1.04221	0.150756	-1.73752	1.32452	0.146267	-2.14023	1.3298	0.153308
63.577	-1.7384	1.04221	0.150743	-1.73743	1.3246	0.146178	-2.14001	1.33	0.153208
63.801	-1.73813	1.04238	0.15057	-1.73751	1.32457	0.14626	-2.14006	1.32996	0.15318
64.033	-1.73816	1.04238	0.150617	-1.73754	1.32456	0.146256	-2.14006	1.32996	0.153224
64.294	-1.73853	1.04206	0.150767	-1.73752	1.3246	0.146219	-2.14005	1.32999	0.153203
64.55	-1.73827	1.04249	0.150934	-1.73752	1.3246	0.146222	-2.13972	1.33042	0.153163
64.836	-1.73836	1.04255	0.151078	-1.73769	1.32447	0.146334	-2.14008	1.32998	0.153335
65.062	-1.73834	1.04254	0.15105	-1.73758	1.32459	0.146279	-2.1401	1.32996	0.153169
65.308	-1.738	1.04221	0.150384	-1.73748	1.32459	0.146131	-2.13971	1.33046	0.153308
65.625	-1.73809	1.04221	0.150452	-1.7375	1.3246	0.146125	-2.13999	1.32994	0.153116
65.918	-1.73826	1.04221	0.150682	-1.73762	1.32459	0.146262	-2.14008	1.32999	0.153326
66.224	-1.73816	1.04222	0.150575	-1.73754	1.3246	0.146161	-2.13987	1.33083	0.154369
66.476	-1.73815	1.0422	0.150549	-1.73749	1.32463	0.146082	-2.13999	1.33018	0.153505
66.708	-1.73826	1.04222	0.150662	-1.73754	1.32463	0.146157	-2.14011	1.33016	0.153664
66.947	-1.73854	1.04276	0.151434	-1.7376	1.32461	0.146229	-2.14014	1.33009	0.153647
67.213	-1.73805	1.04212	0.150353	-1.73754	1.32462	0.146103	-2.13986	1.3304	0.153494
67.524	-1.73853	1.04262	0.151292	-1.73751	1.32462	0.146117	-2.13982	1.33039	0.153415
67.795	-1.73859	1.04261	0.151374	-1.73755	1.3246	0.146142	-2.14012	1.33007	0.153541
68.08	-1.73852	1.04254	0.151244	-1.73752	1.32458	0.146123	-2.13985	1.33037	0.153469
68.21	-1.73846	1.04251	0.151122	-1.73752	1.32459	0.146103	-2.14007	1.33004	0.153353
68.325	-1.73849	1.0425	0.151174	-1.73756	1.32459	0.14613	-2.14012	1.33007	0.153504
68.473	-1.73847	1.04248	0.151144	-1.73754	1.32454	0.146118	-2.14011	1.33001	0.153465
68.719	-1.73827	1.04251	0.150938	-1.73752	1.32456	0.146129	-2.13986	1.33036	0.153458
68.852	-1.73831	1.04252	0.150996	-1.73753	1.32455	0.146127	-2.13984	1.33032	0.153418
69.024	-1.73856	1.0423	0.151094	-1.73759	1.32458	0.146184	-2.14016	1.33002	0.153527
69.193	-1.73854	1.0422	0.15094	-1.73754	1.32458	0.146118	-2.13988	1.33035	0.153449
69.385	-1.73842	1.04221	0.150857	-1.73755	1.32455	0.146176	-2.14009	1.33005	0.153419
69.652	-1.73844	1.04226	0.150924	-1.7376	1.32456	0.146243	-2.14014	1.33003	0.153483
69.921	-1.73852	1.04233	0.151048	-1.73762	1.32457	0.146273	-2.14017	1.33003	0.153595
70.123	-1.73842	1.04234	0.15109	-1.73756	1.32458	0.146357	-2.14005	1.32991	0.153246
70.502	-1.73817	1.04235	0.15116	-1.73738	1.32462	0.1465	-2.13989	1.33035	0.153651
70.728	-1.73726	1.04229	0.151206	-1.73726	1.32447	0.146306	-2.13948	1.3303	0.153716
71.006	-1.73626	1.04238	0.151086	-1.73747	1.32436	0.146509	-2.13843	1.33099	0.154887
71.274	-1.73479	1.04238	0.151119	-1.73637	1.32448	0.146977	-2.13685	1.33089	0.155249
71.527	-1.73295	1.04238	0.150788	-1.73446	1.32436	0.146517	-2.13537	1.33076	0.155667
71.798	-1.7314	1.04241	0.150966	-1.73305	1.32442	0.146795	-2.13372	1.33059	0.155365
72.032	-1.72955	1.04249	0.150966	-1.73113	1.32448	0.146648	-2.13087	1.33055	0.154763
72.235	-1.72798	1.0426	0.150975	-1.72975	1.32442	0.146522	-2.12942	1.33068	0.155108
72.482	-1.72608	1.0427	0.151274	-1.72832	1.32472	0.147303	-2.12796	1.33057	0.155133
72.775	-1.72367	1.04251	0.151076	-1.72515	1.32455	0.146105	-2.12606	1.33055	0.155035
73.035	-1.72114	1.04249	0.150677	-1.72316	1.32449	0.146353	-2.12352	1.33038	0.154915
73.278	-1.71782	1.04232	0.150552	-1.71914	1.32466	0.146664	-2.11871	1.33108	0.15479
73.52	-1.71508	1.04219	0.150562	-1.71676	1.32454	0.14695	-2.1164	1.33058	0.155559
73.708	-1.71207	1.0423	0.150954	-1.71412	1.32464	0.147268	-2.11338	1.33045	0.155371
73.955	-1.70873	1.04227	0.150529	-1.71138	1.32442	0.14738	-2.11028	1.33008	0.154465
74.244	-1.70555	1.04238	0.150776	-1.70805	1.32434	0.147595	-2.10722	1.32967	0.154552
74.526	-1.70117	1.04237	0.151433	-1.7035	1.32437	0.147796	-2.10255	1.32952	0.154836
74.755	-1.69643	1.04187	0.149959	-1.69936	1.3245	0.147582	-2.09839	1.33009	0.155063
74.995	-1.69254	1.04208	0.150461	-1.69466	1.32389	0.146267	-2.09426	1.32963	0.154775
75.223	-1.68828	1.04217	0.150917	-1.69042	1.32409	0.146814	-2.08966	1.32988	0.155043
75.501	-1.6836	1.04218	0.150844	-1.68593	1.32423	0.147066	-2.08528	1.3295	0.154853
75.768	-1.67883	1.04209	0.150627	-1.68127	1.32414	0.147209	-2.08061	1.32959	0.15474
75.986	-1.67362	1.04215	0.150858	-1.67609	1.32421	0.14701	-2.07559	1.32999	0.154961
76.246	-1.6681	1.0421	0.15105	-1.67055	1.32436	0.146999	-2.07065	1.3299	0.155366
76.474	-1.66085	1.04238	0.150687	-1.66343	1.32443	0.146658	-2.0634	1.32973	0.155149
76.701	-1.6548	1.04257	0.151046	-1.65746	1.32459	0.14709	-2.05841	1.32963	0.155296
76.993	-1.64874	1.04251	0.15154	-1.65115	1.32438	0.147061	-2.05034	1.32971	0.154315
77.248	-1.6426	1.04261	0.151958	-1.64567	1.3248	0.148708	-2.04581	1.32917	0.155144
77.53	-1.63581	1.04267	0.152072	-1.63888	1.32495	0.148545	-2.03844	1.3293	0.154394
77.748	-1.62684	1.04291	0.152305	-1.62953	1.32493	0.147998	-2.03004	1.32948	0.154647
78.052	-1.61933	1.04298	0.152342	-1.6225	1.32505	0.148113	-2.02166	1.32903	0.154654
78.3	-1.61165	1.04311	0.15255	-1.61469	1.32496	0.147927	-2.01458	1.32944	0.154969
78.553	-1.60403	1.04325	0.152861	-1.60701	1.32519	0.148265	-2.00681	1.32898	0.154429
78.766	-1.59519	1.04321	0.152249	-1.59909	1.32531	0.148461	-1.99852	1.32859	0.153609
79.068	-1.58725	1.04337	0.153228	-1.59015	1.32543	0.148273	-1.99104	1.32897	0.154461
79.334	-1.57635	1.04364	0.153116	-1.58007	1.32585	0.14897	-1.97989	1.32902	0.154455
79.574	-1.56781	1.04441	0.15433	-1.57109	1.32608	0.149368	-1.9707	1.32882	0.154116
79.751	-1.55779	1.044	0.153122	-1.56199	1.32565	0.149586	-1.96202	1.32876	0.155037
79.998	-1.54832	1.04377	0.152713	-1.55209	1.32557	0.148933	-1.95187	1.3285	0.154753
80.292	-1.53849	1.04364	0.152556	-1.5425	1.32568	0.148845	-1.94235	1.32883	0.155181
80.553	-1.52578	1.04386	0.152565	-1.53059	1.32584	0.149361	-1.9297	1.32864	0.15439
80.84	-1.51605	1.04409	0.15306	-1.51984	1.3257	0.148766	-1.91937	1.32846	0.154562
81.046	-1.50597	1.04431	0.153896	-1.50998	1.32607	0.149834	-1.90907	1.32814	0.154585
81.248	-1.4946	1.04386	0.153322	-1.49869	1.32559	0.149202	-1.89831	1.32847	0.155092
81.476	-1.48342	1.04396	0.153068	-1.48871	1.326	0.150524	-1.88773	1.3284	0.155117
81.656	-1.4723	1.04419	0.154005	-1.47438	1.32659	0.149552	-1.87524	1.32893	0.154328
81.843	-1.46095	1.04432	0.154202	-1.46476	1.32655	0.149608	-1.86533	1.32865	0.154686
82.033	-1.44699	1.04476	0.155682	-1.45084	1.32657	0.150496	-1.85096	1.32876	0.155076
82.241	-1.43438	1.04481	0.155113	-1.43865	1.3266	0.150323	-1.83881	1.32895	0.155342
82.398	-1.42206	1.04505	0.155204	-1.42655	1.32678	0.150774	-1.82633	1.32898	0.155111
82.632	-1.40974	1.04507	0.155326	-1.41343	1.32697	0.150775	-1.81394	1.32937	0.155023
82.87	-1.39716	1.04504	0.155446	-1.40157	1.32723	0.151278	-1.80119	1.32976	0.154597
83.106	-1.38442	1.0452	0.155787	-1.38887	1.32738	0.151775	-1.78767	1.33074	0.155072
83.334	-1.36782	1.04553	0.155673	-1.37179	1.32735	0.151267	-1.77202	1.33057	0.155087
83.546	-1.35443	1.04563	0.155435	-1.35894	1.3278	0.151847	-1.75831	1.33044	0.1545
83.777	-1.33994	1.04562	0.154797	-1.34464	1.32796	0.150793	-1.74453	1.33028	0.154573
83.974	-1.32605	1.04606	0.155139	-1.33071	1.32785	0.15087	-1.73064	1.33038	0.15607
84.197	-1.31219	1.04602	0.154863	-1.31694	1.32798	0.151585	-1.71602	1.33017	0.156083
84.41	-1.29368	1.04537	0.154114	-1.29837	1.32746	0.150812	-1.69816	1.33039	0.156701
84.647	-1.27923	1.04564	0.154643	-1.28384	1.32767	0.151853	-1.68327	1.33035	0.156009
84.872	-1.26448	1.04544	0.155125	-1.26892	1.32762	0.151316	-1.667	1.33087	0.155571
85.043	-1.25018	1.04576	0.155698	-1.25395	1.32789	0.151746	-1.65197	1.33063	0.155765
85.32	-1.23404	1.04586	0.155482	-1.23926	1.32791	0.152319	-1.63751	1.33058	0.156737
85.606	-1.21856	1.0459	0.15556	-1.22357	1.32792	0.152059	-1.62158	1.33039	0.157074
85.861	-1.19875	1.04598	0.15511	-1.20341	1.3285	0.15147	-1.60097	1.33058	0.157052
86.152	-1.18257	1.04634	0.155742	-1.18782	1.32877	0.151971	-1.58483	1.33052	0.156792
86.389	-1.16622	1.04619	0.154932	-1.16881	1.3289	0.151648	-1.56936	1.33075	0.157982
86.494	-1.14951	1.04652	0.154147	-1.15456	1.3285	0.150868	-1.55188	1.33027	0.158168
86.6	-1.13263	1.0461	0.153607	-1.13763	1.32852	0.150561	-1.53576	1.33015	0.159249
86.85	-1.11613	1.04615	0.15371	-1.1209	1.32836	0.151115	-1.52107	1.33027	0.160524
87.114	-1.09909	1.04614	0.154746	-1.10397	1.32822	0.151036	-1.50419	1.33025	0.159876
87.353	-1.08205	1.04631	0.155274	-1.0871	1.32837	0.151899	-1.48694	1.33071	0.159221
87.573	-1.06077	1.04644	0.156503	-1.06589	1.32873	0.152622	-1.46523	1.33094	0.159476
87.781	-1.04275	1.04676	0.156148	-1.04806	1.32887	0.153137	-1.44738	1.33116	0.160334
88.02	-1.02475	1.04689	0.156042	-1.03104	1.32923	0.154014	-1.42946	1.33137	0.160598
88.24	-1.00676	1.04711	0.155924	-1.01284	1.32917	0.153806	-1.41132	1.33134	0.160274
88.468	-0.984581	1.04715	0.156974	-0.990052	1.32946	0.15424	-1.38873	1.33169	0.159437
88.707	-0.966659	1.04736	0.15705	-0.971986	1.32964	0.154026	-1.37043	1.33157	0.158988
88.966	-0.947732	1.04758	0.156998	-0.952928	1.32983	0.154005	-1.35141	1.3314	0.159465
89.171	-0.928778	1.04756	0.156355	-0.934158	1.32961	0.15424	-1.33247	1.33093	0.16057
89.445	-0.909664	1.04747	0.155997	-0.915167	1.32955	0.154212	-1.31318	1.3309	0.160842
89.716	-0.890392	1.04731	0.15555	-0.895746	1.32957	0.153791	-1.29427	1.33104	0.16029
89.964	-0.866123	1.04754	0.156279	-0.871628	1.3295	0.154315	-1.26966	1.33091	0.159311
90.191	-0.84694	1.04742	0.156739	-0.852324	1.32968	0.154615	-1.2503	1.33109	0.159387
90.454	-0.827031	1.04794	0.156661	-0.832658	1.32988	0.154026	-1.23059	1.33101	0.159687
90.701	-0.807089	1.04772	0.15571	-0.812943	1.33005	0.153448	-1.21072	1.33107	0.159799
90.984	-0.787633	1.04772	0.155585	-0.792734	1.32996	0.15355	-1.19038	1.33112	0.160467
91.248	-0.767685	1.04818	0.155299	-0.772989	1.33023	0.152647	-1.17057	1.33114	0.160962
91.542	-0.74689	1.04817	0.154087	-0.752725	1.33013	0.152392	-1.15025	1.33137	0.16106
91.793	-0.722258	1.04761	0.155131	-0.727593	1.33016	0.15324	-1.12562	1.33177	0.161271
92.066	-0.70241	1.04782	0.156596	-0.70742	1.32991	0.153292	-1.10538	1.33189	0.161296
92.314	-0.682242	1.04801	0.157404	-0.687152	1.32999	0.153697	-1.08505	1.33198	0.161195
92.592	-0.661828	1.04797	0.157358	-0.666536	1.33023	0.153818	-1.06456	1.33236	0.161556
92.839	-0.641165	1.0485	0.157725	-0.646253	1.33026	0.154287	-1.04443	1.33217	0.162504
93.067	-0.620712	1.04867	0.157767	-0.625612	1.3303	0.154298	-1.02432	1.33225	0.163091
93.262	-0.60003	1.04856	0.157819	-0.605115	1.33048	0.154273	-1.00398	1.33226	0.162262
93.474	-0.574084	1.04834	0.15729	-0.578949	1.33031	0.153945	-0.978072	1.33209	0.161638
93.662	-0.552956	1.04838	0.157436	-0.558083	1.33031	0.154433	-0.957021	1.33188	0.162139
93.904	-0.53224	1.04803	0.156859	-0.537224	1.33024	0.15439	-0.936088	1.33176	0.162412
94.109	-0.511073	1.04811	0.157166	-0.516082	1.32997	0.154204	-0.914898	1.33197	0.162494
94.292	-0.485331	1.04775	0.158046	-0.490048	1.32973	0.155224	-0.888931	1.33199	0.161706
94.46	-0.464296	1.04808	0.15901	-0.469095	1.32989	0.155703	-0.868175	1.33214	0.161023
94.7	-0.443241	1.04805	0.158934	-0.448234	1.33012	0.155407	-0.84722	1.33205	0.16116
94.888	-0.422172	1.04803	0.158878	-0.426947	1.32996	0.155981	-0.82621	1.332	0.161955
95.092	-0.401293	1.04774	0.158495	-0.405973	1.32978	0.15627	-0.805096	1.33172	0.163138
95.319	-0.379944	1.04766	0.157907	-0.384927	1.32977	0.155483	-0.784193	1.33154	0.163727
95.535	-0.353885	1.0474	0.158292	-0.358837	1.32948	0.156193	-0.757419	1.33178	0.163194
95.751	-0.333014	1.04745	0.160102	-0.337909	1.3298	0.156873	-0.736855	1.33213	0.162622
95.961	-0.312393	1.04776	0.161325	-0.316946	1.32987	0.157251	-0.716096	1.33234	0.162035
96.199	-0.291379	1.04792	0.161726	-0.296058	1.33011	0.157051	-0.695143	1.33274	0.162487
96.482	-0.270206	1.04796	0.161817	-0.275203	1.33002	0.15795	-0.67406	1.33263	0.163207
96.728	-0.249426	1.04794	0.161558	-0.254259	1.33003	0.158472	-0.653075	1.33234	0.163176
96.986	-0.223093	1.04791	0.161427	-0.233362	1.32991	0.158096	-0.632176	1.33223	0.162703
97.137	-0.20207	1.04793	0.16114	-0.207284	1.32988	0.157311	-0.606053	1.33212	0.162022
97.335	-0.180952	1.04778	0.161453	-0.186353	1.32982	0.157964	-0.585157	1.3319	0.162696
97.501	-0.159919	1.04742	0.160832	-0.16561	1.3299	0.157909	-0.564174	1.3316	0.163829
97.698	-0.13895	1.04718	0.160469	-0.144567	1.32946	0.158272	-0.543179	1.33115	0.164425
97.895	-0.118276	1.04684	0.161221	-0.123549	1.32897	0.158876	-0.522738	1.33115	0.164441
98.096	-0.0978511	1.04657	0.162138	-0.102965	1.3287	0.159846	-0.502199	1.33098	0.164328
98.281	-0.0720148	1.04683	0.162539	-0.0770713	1.32877	0.158993	-0.476477	1.33088	0.164104
98.519	-0.0512409	1.04685	0.162507	-0.056341	1.32852	0.159099	-0.455908	1.33064	0.164572
98.731	-0.0309618	1.04648	0.162347	-0.0359099	1.32836	0.159591	-0.435017	1.33042	0.166167
99.009	-0.0104321	1.04634	0.161752	-0.0155189	1.32832	0.159296	-0.414592	1.33027	0.166954
99.252	0.0101648	1.04609	0.160772	0.00483019	1.328	0.158711	-0.394457	1.33015	0.166679
99.453	0.0349685	1.04604	0.16252	0.0300589	1.32784	0.15969	-0.36928	1.33016	0.165744
99.755	0.0499386	1.0458	0.163409	0.0448597	1.32795	0.160123	-0.3543	1.33042	0.165825
100.032	0.0745373	1.04599	0.164332	0.0699641	1.32808	0.160053	-0.329352	1.33067	0.16563
100.284	0.0944266	1.04614	0.164328	0.0898213	1.32805	0.16058	-0.309325	1.33118	0.166257
100.521	0.114132	1.04607	0.164424	0.109727	1.32802	0.160778	-0.289382	1.33124	0.166504
100.794	0.13373	1.04603	0.164393	0.129508	1.328	0.160699	-0.269754	1.33124	0.166311
101.02	0.15845	1.04601	0.164096	0.154007	1.32803	0.160082	-0.245252	1.33117	0.165532
101.245	0.177968	1.04588	0.16392	0.173597	1.32775	0.159773	-0.225577	1.33113	0.16591
101.484	0.197315	1.04579	0.164054	0.192985	1.32746	0.160693	-0.2063	1.33074	0.166826
101.679	0.216649	1.04527	0.16337	0.212305	1.32711	0.160876	-0.186643	1.33044	0.167415
101.87	0.236015	1.04504	0.162969	0.23187	1.32684	0.160541	-0.16831	1.3308	0.168157
102.123	0.254784	1.04509	0.163883	0.250557	1.32692	0.160979	-0.148855	1.33044	0.167657
102.443	0.27808	1.0449	0.164778	0.274001	1.32668	0.161716	-0.130076	1.33035	0.167504
102.653	0.297175	1.0449	0.16452	0.292917	1.32703	0.16132	-0.10659	1.33024	0.167675
102.863	0.315975	1.04485	0.164481	0.311812	1.32679	0.161714	-0.0876926	1.32992	0.168141
103.074	0.334387	1.04429	0.164375	0.330233	1.32639	0.162306	-0.0690438	1.32988	0.169022
103.291	0.352981	1.04432	0.164207	0.34868	1.32636	0.161918	-0.0505105	1.32949	0.169434
103.549	0.371418	1.04435	0.163334	0.367101	1.32633	0.160946	-0.0321349	1.32947	0.169543
103.869	0.389717	1.04369	0.162627	0.385672	1.32595	0.161032	-0.0137929	1.32958	0.16944
104.109	0.411772	1.04367	0.164499	0.407842	1.3258	0.16185	0.00867926	1.32959	0.169338
104.343	0.429422	1.04396	0.165566	0.42573	1.32582	0.162074	0.0265357	1.32967	0.169079
104.65	0.447018	1.04383	0.16606	0.443535	1.32567	0.162226	0.0441109	1.32985	0.168894
104.913	0.464746	1.04372	0.166453	0.461285	1.32559	0.162703	0.061949	1.32996	0.169099
105.17	0.48216	1.0436	0.166647	0.478597	1.32566	0.163173	0.0794421	1.32998	0.169188
105.486	0.499432	1.04366	0.166593	0.496055	1.32561	0.163279	0.0968817	1.32998	0.169285
105.746	0.521203	1.04344	0.166475	0.517781	1.32556	0.163255	0.118499	1.32972	0.168943
106.01	0.538173	1.04312	0.166553	0.534579	1.32514	0.163086	0.135419	1.32949	0.168921
106.232	0.555208	1.04302	0.166733	0.551454	1.32477	0.163485	0.152339	1.32921	0.169698
106.497	0.572035	1.04281	0.166745	0.568279	1.32447	0.163812	0.169113	1.32877	0.170086
106.767	0.588729	1.04245	0.165808	0.584938	1.32425	0.16351	0.185691	1.32825	0.170121
106.948	0.609517	1.04219	0.165681	0.605589	1.32444	0.163358	0.206311	1.32804	0.169683
107.125	0.625706	1.04229	0.166567	0.62167	1.32434	0.163554	0.222586	1.32786	0.169716
107.303	0.641846	1.04218	0.167014	0.637773	1.32392	0.164028	0.23857	1.32769	0.170094
107.487	0.657691	1.04181	0.166525	0.65348	1.32393	0.164478	0.25453	1.32753	0.170645
107.673	0.673824	1.04173	0.166396	0.669614	1.32365	0.164246	0.270506	1.32746	0.170361
107.919	0.689714	1.04173	0.166443	0.685425	1.32365	0.163754	0.286151	1.32716	0.170044
108.162	0.709331	1.0416	0.166389	0.704845	1.32382	0.163386	0.305877	1.32697	0.170636
108.326	0.724986	1.04163	0.165749	0.720546	1.32381	0.163015	0.321345	1.32659	0.17139
108.536	0.740316	1.04156	0.164981	0.735735	1.32342	0.162818	0.3363	1.32635	0.172357
108.754	0.755461	1.04134	0.16474	0.751051	1.32307	0.162827	0.351565	1.32587	0.172418
108.965	0.770473	1.04103	0.165113	0.765913	1.32296	0.163307	0.36684	1.32582	0.172155
109.152	0.781576	1.04113	0.16588	0.777099	1.32301	0.163318	0.377773	1.32579	0.171843
109.353	0.799668	1.04087	0.166602	0.795153	1.32309	0.163251	0.396031	1.32609	0.171815
109.511	0.814111	1.04109	0.1673	0.809629	1.32321	0.163656	0.410465	1.32617	0.172046
109.69	0.828521	1.04079	0.167372	0.824025	1.32312	0.164649	0.424659	1.32618	0.172425
109.856	0.845897	1.0411	0.168168	0.841551	1.32308	0.164653	0.442275	1.326	0.172219
110.081	0.859936	1.04102	0.168285	0.855391	1.3228	0.164638	0.456203	1.32593	0.17195
110.294	0.873518	1.04067	0.168355	0.869077	1.3231	0.165114	0.469993	1.32583	0.171844
110.482	0.887214	1.0406	0.168536	0.882781	1.32276	0.165014	0.483463	1.32574	0.171946
110.728	0.900392	1.0407	0.169026	0.896204	1.32242	0.165218	0.497043	1.32556	0.171771
110.907	0.91732	1.0408	0.169061	0.912847	1.32232	0.165362	0.513455	1.32534	0.171884
111.1	0.93075	1.04045	0.168808	0.926065	1.3222	0.165303	0.526774	1.32509	0.17232
111.381	0.943449	1.04049	0.168754	0.938678	1.32232	0.165842	0.539645	1.32491	0.1723
111.638	0.956439	1.04008	0.168317	0.951631	1.32215	0.16574	0.552372	1.32449	0.172104
111.901	0.969317	1.03995	0.168213	0.964371	1.32202	0.165817	0.565179	1.32456	0.172025
112.135	0.985094	1.03977	0.168668	0.980215	1.32176	0.166126	0.580864	1.32439	0.171416
112.369	0.997124	1.03896	0.168836	0.992536	1.3213	0.166252	0.593015	1.32449	0.171278
112.594	1.00911	1.03823	0.168401	1.00433	1.32161	0.166484	0.605096	1.32432	0.171745
112.805	1.02113	1.0385	0.169016	1.01344	1.32161	0.168105	0.616966	1.32418	0.171443
113.025	1.03284	1.03873	0.16937	1.02824	1.3219	0.167873	0.628595	1.32392	0.171866
113.286	1.04441	1.03875	0.169469	1.03952	1.32165	0.167378	0.640227	1.32371	0.171493
113.496	1.05873	1.03903	0.170047	1.05357	1.32208	0.167284	0.654563	1.32391	0.171005
113.74	1.06964	1.03911	0.170127	1.06424	1.32141	0.166822	0.665595	1.32387	0.171547
113.954	1.08106	1.03936	0.170342	1.07506	1.32157	0.167577	0.6764	1.32371	0.172108
114.201	1.09184	1.03977	0.170242	1.08597	1.32169	0.167529	0.687194	1.32351	0.172368
114.483	1.10221	1.03979	0.170137	1.0963	1.32192	0.167648	0.697728	1.3235	0.172483
114.721	1.11259	1.03995	0.169957	1.10686	1.32252	0.167165	0.708168	1.3233	0.172323
115.028	1.12301	1.04022	0.169913	1.11671	1.32264	0.166511	0.718188	1.32336	0.172507
115.293	1.13528	1.04059	0.16973	1.12926	1.32194	0.166291	0.730685	1.32351	0.173224
115.449	1.14525	1.04058	0.170202	1.13881	1.32194	0.166663	0.740612	1.32361	0.173754
115.627	1.15261	1.04069	0.170746	1.1461	1.3219	0.166841	0.74741	1.32357	0.173552
115.691	1.16195	1.04103	0.171041	1.15533	1.32219	0.167121	0.756571	1.32375	0.17298
115.786	1.16195	1.04103	0.171041	1.15533	1.32219	0.167121	0.756571	1.32375	0.17298
116.055	1.18002	1.04194	0.17167	1.17354	1.3239	0.167744	0.774517	1.32384	0.173043
116.322	1.19347	1.0423	0.171957	1.18668	1.32416	0.167392	0.787678	1.32413	0.174018
116.564	1.20187	1.04245	0.172269	1.19488	1.32411	0.167886	0.796037	1.32419	0.173997
116.83	1.21003	1.0431	0.172822	1.20304	1.32422	0.168281	0.804537	1.32424	0.17376
117.104	1.21759	1.04281	0.172718	1.21104	1.32457	0.168036	0.812123	1.32425	0.173467
117.427	1.22605	1.04326	0.173326	1.21865	1.32464	0.168254	0.82016	1.3244	0.173347
117.703	1.23596	1.04406	0.173704	1.22813	1.32526	0.168643	0.829462	1.32415	0.173759
117.927	1.24331	1.04409	0.173302	1.23551	1.32486	0.168488	0.837267	1.32424	0.173708
118.183	1.25067	1.04407	0.17367	1.24295	1.32574	0.169347	0.84452	1.32411	0.173876
118.447	1.25796	1.04429	0.173901	1.25025	1.32512	0.168535	0.851305	1.32435	0.174038
118.706	1.26461	1.04433	0.173969	1.25802	1.32476	0.167584	0.85819	1.32466	0.173612
118.771	1.27132	1.04468	0.173969	1.26438	1.32481	0.167147	0.86487	1.32445	0.173781
119.038	1.27132	1.04468	0.173969	1.26438	1.32481	0.167147	0.86487	1.32445	0.173781
119.202	1.28663	1.04553	0.173999	1.27913	1.32536	0.167583	0.879301	1.32475	0.17445
119.478	1.29135	1.04569	0.174013	1.28324	1.32631	0.168413	0.88416	1.32447	0.174136
119.751	1.29906	1.04601	0.173905	1.29118	1.32591	0.167607	0.891768	1.32425	0.174352
119.976	1.30489	1.04642	0.17351	1.29559	1.32643	0.168528	0.897497	1.32433	0.174359
120.153	1.31105	1.04679	0.174197	1.30076	1.32663	0.169516	0.902946	1.32434	0.174604
120.338	1.31653	1.04658	0.173695	1.30689	1.32675	0.168968	0.908799	1.32447	0.17515
120.54	1.32327	1.04695	0.173787	1.31316	1.32722	0.168786	0.915223	1.32418	0.174906
120.726	1.3284	1.04702	0.173321	1.32189	1.32589	0.166316	0.920238	1.32435	0.175125
120.798	1.33344	1.04729	0.173295	1.32373	1.32755	0.169413	0.925085	1.32441	0.175041
120.937	1.33473	1.04736	0.173434	1.3246	1.3273	0.169052	0.926359	1.32434	0.175028
121.15	1.3431	1.04778	0.173151	1.33262	1.32841	0.169487	0.934739	1.32411	0.174856
121.325	1.34851	1.04784	0.173359	1.33798	1.32829	0.169225	0.940156	1.32438	0.175022
121.488	1.35287	1.04814	0.173532	1.34298	1.32989	0.169711	0.944406	1.32463	0.175249
121.608	1.35717	1.04853	0.173544	1.34484	1.3302	0.169414	0.94854	1.32453	0.174823
121.84	1.36103	1.04865	0.173593	1.34484	1.3302	0.169414	0.952523	1.32439	0.174492
122.077	1.36474	1.04893	0.17353	1.35337	1.33008	0.170335	0.956149	1.32449	0.1746
122.255	1.36864	1.04964	0.173725	1.3569	1.33077	0.17014	0.95947	1.32463	0.174947
122.47	1.37202	1.04944	0.173856	1.36035	1.33059	0.170359	0.963175	1.32439	0.174856
122.637	1.37592	1.04957	0.173818	1.36395	1.33077	0.170342	0.966633	1.3244	0.174914
122.855	1.3786	1.04958	0.173765	1.36672	1.33103	0.170517	0.969439	1.32444	0.174719
123.169	1.38169	1.04984	0.17405	1.36943	1.33133	0.170497	0.971816	1.32449	0.17504
123.473	1.38413	1.05002	0.173954	1.37194	1.33133	0.170392	0.974786	1.3245	0.175576
123.655	1.38631	1.04997	0.173729	1.37411	1.3314	0.170858	0.976723	1.32435	0.175373
123.754	1.38893	1.05011	0.173584	1.37701	1.33178	0.17098	0.979559	1.3246	0.175512
123.85	1.391	1.0502	0.173573	1.3793	1.33172	0.171367	0.981479	1.32462	0.175157
123.979	1.39304	1.05058	0.17388	1.38056	1.33157	0.170445	0.983043	1.32477	0.175305
124.177	1.39385	1.05057	0.173437	1.38116	1.33186	0.169783	0.984608	1.32488	0.175667
124.411	1.39469	1.05038	0.173812	1.38191	1.33221	0.170054	0.985519	1.32487	0.175551
124.662	1.39529	1.05037	0.174141	1.38325	1.33202	0.171543	0.985854	1.32501	0.175014
125.004	1.39603	1.05058	0.174256	1.38431	1.33245	0.171853	0.986341	1.32485	0.174477
125.259	1.39684	1.05076	0.173942	1.38513	1.33273	0.171709	0.987079	1.32463	0.174891
125.504	1.39789	1.05114	0.174404	1.38559	1.33281	0.171622	0.987721	1.32469	0.17542
125.734	1.39833	1.05061	0.174404	1.38601	1.3327	0.171452	0.988065	1.32482	0.175532
125.913	1.39839	1.05052	0.174178	1.38603	1.3325	0.171038	0.988395	1.32491	0.175014
126.205	1.39833	1.05063	0.173994	1.38639	1.33256	0.17148	0.988495	1.32485	0.174876
126.39	1.39873	1.05094	0.17431	1.38615	1.3328	0.170977	0.988673	1.32475	0.17502
126.639	1.39883	1.05111	0.174202	1.38611	1.33294	0.170825	0.98851	1.32456	0.175413
126.943	1.39864	1.05109	0.174068	1.38605	1.3329	0.170808	0.988494	1.32464	0.175474
127.181	1.39861	1.05107	0.174309	1.38612	1.33228	0.171253	0.988303	1.32467	0.17526
127.422	1.39831	1.05099	0.174212	1.38617	1.33221	0.171533	0.988341	1.32471	0.175034
127.736	1.39811	1.05094	0.174272	1.38585	1.33217	0.171526	0.987914	1.32467	0.175167
128.005	1.39786	1.05107	0.174416	1.38565	1.33305	0.171683	0.987597	1.32465	0.175361
128.13	1.39766	1.05064	0.174719	1.38516	1.33304	0.171508	0.987248	1.32476	0.17516
128.425	1.39758	1.05066	0.174704	1.38487	1.33257	0.171324	0.987202	1.32476	0.175094
128.638	1.397	1.05061	0.174904	1.38371	1.33206	0.170852	0.986613	1.32467	0.174911
128.929	1.39597	1.05052	0.17419	1.38326	1.33215	0.171014	0.986214	1.32458	0.174775
129.06	1.39482	1.05037	0.173348	1.38263	1.33209	0.170871	0.985789	1.32477	0.175083
129.221	1.39468	1.05046	0.173494	1.3824	1.33218	0.170897	0.985132	1.32487	0.175301
129.426	1.39446	1.0505	0.173695	1.3821	1.3322	0.170922	0.984854	1.32462	0.17506
129.67	1.39427	1.05061	0.173893	1.38175	1.33222	0.170896	0.984517	1.32458	0.174973
129.93	1.39392	1.05068	0.173993	1.38151	1.33238	0.171112	0.984111	1.32483	0.175257
130.157	1.39356	1.05073	0.174072	1.3812	1.3322	0.170982	0.983554	1.32478	0.175129
130.333	1.39326	1.05073	0.174064	1.38098	1.33211	0.171064	0.983273	1.32466	0.175168
130.439	1.39285	1.05074	0.17405	1.38045	1.33195	0.171085	0.983028	1.3245	0.175097
130.548	1.39254	1.05075	0.174111	1.38004	1.33196	0.171062	0.982578	1.32465	0.175142
130.653	1.39235	1.05077	0.174181	1.37978	1.33192	0.171112	0.982402	1.32464	0.174999
130.764	1.39216	1.05078	0.174163	1.37958	1.33201	0.171149	0.982318	1.32454	0.174934
130.912	1.39196	1.05074	0.174174	1.37931	1.33212	0.17099	0.982139	1.32459	0.174999
131.168	1.39182	1.05075	0.174124	1.37914	1.33211	0.170962	0.982053	1.32454	0.174969
131.313	1.3917	1.05073	0.174124	1.37906	1.33209	0.171071	0.982045	1.32447	0.174844
131.453	1.39167	1.05073	0.174154	1.37909	1.33215	0.171245	0.981987	1.32445	0.174846
131.69	1.39157	1.05073	0.174126	1.37876	1.33222	0.170895	0.98171	1.32451	0.174899
131.999	1.39152	1.05075	0.174072	1.37875	1.33213	0.170921	0.98172	1.32465	0.174806
132.284	1.39154	1.05074	0.17413	1.37879	1.33212	0.171027	0.981553	1.32472	0.174881
132.421	1.39153	1.05073	0.174108	1.37886	1.33246	0.171038	0.981487	1.32474	0.174986
132.522	1.39149	1.05072	0.174062	1.37881	1.33249	0.170937	0.981627	1.32458	0.174911
132.631	1.39158	1.05071	0.174103	1.37888	1.33211	0.171054	0.981713	1.32454	0.174947
132.748	1.39165	1.05072	0.174101	1.37895	1.33217	0.171084	0.981767	1.32451	0.174922
132.974	1.39164	1.05074	0.174059	1.37893	1.33218	0.170947	0.981824	1.32458	0.174987
133.335	1.39166	1.05074	0.174048	1.37895	1.33219	0.170978	0.981889	1.32453	0.174965
133.603	1.39178	1.05075	0.174119	1.37912	1.33215	0.171073	0.98194	1.32455	0.174982
133.86	1.39184	1.05077	0.174143	1.3792	1.33209	0.17112	0.981973	1.32454	0.174988
134.007	1.39183	1.05077	0.174062	1.37911	1.33223	0.170878	0.982034	1.32452	0.175024
134.116	1.39185	1.05079	0.174063	1.37914	1.33219	0.170874	0.982114	1.32449	0.17503
134.278	1.39193	1.05078	0.174099	1.37933	1.33215	0.171044	0.982222	1.32448	0.174976
134.448	1.39194	1.05077	0.1741	1.37936	1.33213	0.171102	0.982316	1.32442	0.174915
134.548	1.39192	1.05076	0.174052	1.37923	1.33216	0.170923	0.982389	1.32442	0.174858
134.641	1.39194	1.05077	0.174088	1.37926	1.33215	0.170941	0.982417	1.32446	0.174792
134.788	1.39199	1.05077	0.1741	1.37934	1.33211	0.170998	0.982266	1.32456	0.174891
135.004	1.39191	1.05075	0.174079	1.37924	1.33217	0.170937	0.982102	1.32464	0.174948
135.302	1.39186	1.05072	0.174022	1.37915	1.33211	0.170839	0.982083	1.32467	0.17494
135.541	1.39182	1.05063	0.174022	1.3792	1.33211	0.170938	0.982024	1.32464	0.174973
135.751	1.39151	1.05052	0.17371	1.37922	1.33211	0.171027	0.981831	1.32472	0.175117
136.009	1.39127	1.05044	0.173474	1.37923	1.33218	0.171086	0.981737	1.32476	0.175177
136.167	1.39131	1.05047	0.173526	1.37901	1.33222	0.170823	0.981683	1.32475	0.175171
136.362	1.39113	1.05051	0.17332	1.37926	1.33217	0.171155	0.981639	1.32474	0.175119
136.554	1.39248	1.05125	0.174892	1.37905	1.33216	0.170933	0.981604	1.32474	0.175135
136.749	1.39246	1.05127	0.174898	1.3791	1.33219	0.171088	0.981617	1.32476	0.175077
136.982	1.39228	1.05157	0.174573	1.3789	1.33214	0.170801	0.981636	1.32475	0.175056
137.131	1.39119	1.05099	0.173408	1.37901	1.33211	0.170992	0.98174	1.32469	0.174954
137.28	1.39119	1.05092	0.173459	1.37899	1.33214	0.170985	0.981809	1.32465	0.174913
137.441	1.39128	1.05084	0.173558	1.37895	1.33247	0.170866	0.981883	1.32466	0.174885
137.629	1.39134	1.05086	0.17363	1.37893	1.33214	0.170901	0.981912	1.32463	0.17486
137.862	1.39148	1.05088	0.173796	1.37897	1.33211	0.170944	0.981929	1.32464	0.174866
138.047	1.39162	1.05091	0.173941	1.37894	1.33244	0.170864	0.981872	1.32468	0.174854
138.251	1.39167	1.05094	0.174019	1.37902	1.3321	0.171001	0.981861	1.32466	0.174841
138.484	1.39194	1.05109	0.174285	1.37897	1.33218	0.170915	0.981852	1.32466	0.174851
138.728	1.39196	1.05111	0.174325	1.37901	1.33219	0.170956	0.981842	1.32466	0.174873
138.97	1.39197	1.05111	0.174314	1.37896	1.33223	0.170879	0.981897	1.32464	0.174886
139.196	1.39197	1.05111	0.174308	1.37896	1.3322	0.170881	0.981877	1.3246	0.174863
139.376	1.39195	1.05111	0.174302	1.37923	1.33235	0.17061	0.98189	1.3246	0.174881
139.632	1.39183	1.05112	0.174165	1.37936	1.33238	0.170801	0.981878	1.3246	0.174918
139.789	1.39167	1.05068	0.174024	1.37915	1.33233	0.170662	0.981898	1.32463	0.174944
139.948	1.39166	1.05056	0.174019	1.37902	1.33221	0.170949	0.981752	1.32468	0.175026
140.237	1.39161	1.05057	0.173996	1.37945	1.33232	0.170841	0.981682	1.32469	0.175073
140.438	1.3916	1.05057	0.17397	1.37915	1.33223	0.170682	0.981759	1.32465	0.175015
140.538	1.39161	1.05068	0.174004	1.37927	1.33222	0.170714	0.981904	1.3245	0.174888
140.784	1.39166	1.05073	0.174022	1.37923	1.3323	0.170693	0.982011	1.32448	0.174875
140.939	1.39162	1.05075	0.174009	1.37911	1.33229	0.170635	0.981972	1.32442	0.174874
141.043	1.39164	1.05074	0.174029	1.37918	1.33222	0.170747	0.981906	1.32456	0.174947
141.147	1.39162	1.05074	0.174025	1.37923	1.33221	0.170843	0.98174	1.32463	0.174948
141.382	1.39163	1.05074	0.173994	1.37917	1.33224	0.170776	0.98171	1.32466	0.17497
141.591	1.39161	1.05073	0.17399	1.37917	1.33222	0.170758	0.981941	1.32447	0.174689
141.899	1.39164	1.05074	0.174008	1.37926	1.33223	0.170802	0.981989	1.32447	0.174712
142.063	1.39163	1.05073	0.174022	1.37925	1.33224	0.17082	0.981922	1.32449	0.1747
142.223	1.39163	1.05075	0.174005	1.3793	1.33261	0.170915	0.981917	1.32454	0.174722
142.531	1.39164	1.05074	0.174015	1.3794	1.33262	0.170995	0.98196	1.32452	0.174704
142.715	1.39167	1.05074	0.17403	1.37951	1.33228	0.170987	0.982	1.32453	0.174711
143.05	1.39164	1.05075	0.174027	1.37932	1.33235	0.170811	0.982024	1.32447	0.174702
143.353	1.39164	1.05075	0.174017	1.37919	1.33238	0.170754	0.982058	1.32447	0.174697
143.654	1.39166	1.05076	0.174025	1.37931	1.33239	0.170866	0.982047	1.32447	0.174725
143.816	1.39164	1.05075	0.174013	1.37937	1.33238	0.170957	0.98206	1.32446	0.174734
144.076	1.39163	1.05075	0.174012	1.37951	1.33257	0.171178	0.982028	1.32449	0.174736
144.255	1.39163	1.05075	0.17401	1.37941	1.33242	0.171038	0.982025	1.32453	0.1747
144.409	1.39165	1.05075	0.174046	1.37949	1.33243	0.171112	0.981994	1.32452	0.17469
144.597	1.39167	1.05077	0.174031	1.37939	1.33247	0.170999	0.982008	1.32458	0.174727
144.86	1.39165	1.05075	0.174006	1.37943	1.33254	0.17108	0.98196	1.32459	0.17472
145.026	1.39161	1.05077	0.173985	1.37929	1.33252	0.170861	0.981943	1.32461	0.174739
145.234	1.39164	1.05076	0.174028	1.37934	1.33247	0.170953	0.981923	1.32457	0.174707
145.476	1.39164	1.05078	0.17405	1.37934	1.33244	0.170986	0.9819	1.32465	0.174725
145.675	1.39163	1.05078	0.174019	1.37937	1.33247	0.171071	0.981902	1.32463	0.174694
145.845	1.39163	1.05075	0.174006	1.37922	1.33237	0.170847	0.98188	1.32458	0.174651
146.152	1.39166	1.05077	0.174047	1.37926	1.33236	0.170903	0.981925	1.32465	0.174699
146.319	1.39163	1.05077	0.174027	1.37933	1.33238	0.171025	0.981913	1.32459	0.174719
146.431	1.39163	1.05076	0.174026	1.3791	1.33231	0.170715	0.98194	1.32458	0.174701
146.553	1.39164	1.05077	0.173996	1.37911	1.33228	0.170761	0.981917	1.32457	0.17467
146.65	1.39163	1.05077	0.174027	1.37928	1.33227	0.17101	0.981876	1.32461	0.174713
146.769	1.39161	1.05075	0.173999	1.37913	1.33219	0.170755	0.981885	1.32459	0.174685
146.912	1.39163	1.05077	0.174003	1.37906	1.33218	0.170676	0.981884	1.32461	0.17469
147.137	1.39161	1.05077	0.174015	1.37926	1.33226	0.170917	0.98189	1.32459	0.174697
147.402	1.39162	1.05076	0.174005	1.37902	1.33223	0.170661	0.981899	1.32452	0.174668
147.739	1.39162	1.05077	0.17403	1.379	1.33218	0.170741	0.981953	1.32448	0.174692
148.045	1.39164	1.05076	0.174008	1.37902	1.33222	0.170654	0.981977	1.32446	0.174667
148.351	1.39161	1.05076	0.174021	1.37914	1.33226	0.170938	0.981993	1.32448	0.174706
148.653	1.39163	1.05076	0.174016	1.37892	1.33221	0.170701	0.981976	1.32448	0.174695
148.97	1.39162	1.05077	0.174023	1.379	1.33219	0.170715	0.981994	1.32447	0.174668
149.267	1.39163	1.05075	0.173998	1.37891	1.33219	0.17064	0.981954	1.32452	0.174712
149.503	1.39159	1.05077	0.173971	1.37895	1.3323	0.17048	0.981952	1.32452	0.174668
149.834	1.39159	1.05075	0.173981	1.37872	1.33212	0.170833	0.981892	1.32451	0.174646
150.035	1.3916	1.05077	0.173995	1.37902	1.33227	0.170551	0.981874	1.32451	0.174642
150.264	1.39158	1.05076	0.173987	1.37898	1.3322	0.170675	0.981872	1.32446	0.174591
150.529	1.3916	1.05076	0.174005	1.37896	1.33218	0.170693	0.981893	1.32447	0.174605
150.82	1.39158	1.05076	0.173994	1.379	1.3322	0.170694	0.981881	1.3243	0.174545
151.078	1.39161	1.05075	0.174015	1.37922	1.33219	0.170846	0.981767	1.32469	0.174833
151.426	1.39161	1.05078	0.174016	1.3791	1.33216	0.170701	0.981769	1.32461	0.174847
151.634	1.3916	1.05074	0.174028	1.37912	1.33212	0.170719	0.981764	1.32457	0.174864
151.873	1.3916	1.05076	0.174002	1.37916	1.3322	0.170822	0.9818	1.32457	0.174858
152.087	1.39158	1.05077	0.173984	1.37908	1.33218	0.170652	0.981785	1.32458	0.174896
152.297	1.3916	1.05077	0.174031	1.37902	1.33215	0.170671	0.98177	1.3246	0.17491
152.62	1.39157	1.05077	0.173988	1.37894	1.33216	0.17064	0.981777	1.32459	0.174894
152.867	1.39157	1.05075	0.173978	1.37927	1.33222	0.17095	0.981782	1.3246	0.174871
153.098	1.3916	1.05078	0.174033	1.37905	1.33212	0.170715	0.981759	1.32461	0.174891
153.345	1.3916	1.05075	0.174017	1.37902	1.33219	0.170681	0.981772	1.32458	0.174889
153.604	1.39159	1.05075	0.174001	1.37914	1.33222	0.170848	0.981731	1.32458	0.174841
153.917	1.3916	1.05078	0.174024	1.37908	1.33255	0.170897	0.981743	1.32462	0.17487
154.237	1.39156	1.05076	0.173985	1.37911	1.33253	0.170896	0.981747	1.32459	0.174894
154.519	1.39159	1.05077	0.174005	1.37921	1.33226	0.170887	0.981776	1.32459	0.174855
154.778	1.39159	1.05075	0.173999	1.37888	1.33219	0.170957	0.981758	1.3246	0.174892
155.053	1.39157	1.05077	0.173995	1.37885	1.33222	0.170946	0.981776	1.32457	0.174899
155.275	1.39157	1.05076	0.173997	1.37899	1.33224	0.171075	0.981784	1.32458	0.174911
155.495	1.39158	1.05077	0.173977	1.37883	1.33224	0.170876	0.981769	1.32456	0.174876
155.675	1.39158	1.05077	0.174013	1.37889	1.33215	0.170972	0.981765	1.32459	0.174893
155.854	1.39157	1.05078	0.174	1.37907	1.33248	0.171125	0.981742	1.32454	0.174868
156.084	1.39156	1.05077	0.17398	1.37875	1.33224	0.170752	0.981779	1.32455	0.174875
156.395	1.39157	1.05075	0.17398	1.37902	1.3322	0.171124	0.981777	1.32455	0.174891
156.617	1.39155	1.05075	0.173977	1.37889	1.33221	0.170981	0.981784	1.32456	0.17487
156.901	1.39156	1.05076	0.173976	1.37889	1.33219	0.170946	0.981766	1.32452	0.174897
157.16	1.39159	1.05075	0.174034	1.37887	1.33215	0.170933	0.981808	1.32453	0.1749
157.461	1.39157	1.05076	0.174	1.37901	1.3322	0.171112	0.981801	1.32455	0.174908
157.623	1.39155	1.05076	0.173993	1.37889	1.33224	0.170955	0.981782	1.32453	0.174873
157.838	1.39154	1.05076	0.173969	1.3794	1.33237	0.170773	0.981767	1.32453	0.174895
158.051	1.39144	1.05071	0.173832	1.37924	1.33229	0.170741	0.981722	1.3246	0.174837
158.297	1.39123	1.05066	0.173607	1.37955	1.33226	0.170696	0.981862	1.3244	0.174576
158.62	1.39112	1.0506	0.173472	1.37948	1.33227	0.170625	0.981782	1.32451	0.174883
158.823	1.3917	1.05111	0.174124	1.37956	1.33227	0.170598	0.98189	1.32445	0.17466
159.026	1.39216	1.051	0.174692	1.37925	1.33221	0.17054	0.981893	1.32445	0.174668
159.344	1.39218	1.05097	0.174712	1.37944	1.33228	0.170439	0.981897	1.3245	0.174744
159.595	1.39191	1.05109	0.174371	1.37934	1.33219	0.170533	0.981694	1.32459	0.174803
159.866	1.39232	1.05131	0.174796	1.37947	1.33215	0.170604	0.981919	1.32452	0.17473
160.191	1.39236	1.05133	0.174861	1.37934	1.33211	0.170495	0.981946	1.32435	0.17454
160.469	1.39236	1.0513	0.17487	1.37933	1.3321	0.170562	0.98152	1.32469	0.174942
160.722	1.39168	1.05121	0.174018	1.37965	1.33219	0.170802	0.981774	1.3246	0.174775
161.009	1.3917	1.0512	0.174053	1.37936	1.33215	0.170735	0.981719	1.32458	0.174741
161.322	1.39179	1.05118	0.174131	1.37915	1.33212	0.170829	0.981793	1.3245	0.174808
161.602	1.3918	1.05109	0.174207	1.37909	1.3321	0.170912	0.981718	1.32445	0.174838
161.863	1.39145	1.0512	0.17379	1.37855	1.33207	0.170686	0.981182	1.32469	0.175303
162.073	1.39142	1.05115	0.173779	1.37868	1.33211	0.170769	0.981401	1.32468	0.175315
162.327	1.39146	1.05112	0.173839	1.37929	1.33213	0.170622	0.981313	1.32499	0.175344
162.54	1.39152	1.0511	0.173893	1.37955	1.33263	0.170833	0.9813	1.32508	0.175457
162.75	1.39185	1.05092	0.174331	1.37911	1.33218	0.170748	0.981204	1.32515	0.175447
162.929	1.3919	1.05093	0.174392	1.37938	1.3327	0.170585	0.981281	1.32512	0.175459
163.006	1.39192	1.05091	0.174443	1.37921	1.33267	0.170568	0.981274	1.32514	0.175423
163.252	1.39192	1.05091	0.174443	1.37921	1.33267	0.170568	0.981274	1.32514	0.175423
163.44	1.39101	1.05064	0.173368	1.37922	1.33238	0.1703	0.981266	1.32523	0.175344
163.658	1.391	1.05066	0.173351	1.37962	1.33248	0.170813	0.981249	1.32513	0.175419
163.926	1.39133	1.05066	0.173754	1.3794	1.33211	0.170414	0.981305	1.32518	0.17535
164.072	1.39097	1.05069	0.173331	1.3791	1.33215	0.170605	0.981311	1.32511	0.175434
164.308	1.39097	1.05063	0.173342	1.37908	1.33218	0.170517	0.981268	1.32513	0.175426
164.484	1.3919	1.0509	0.174443	1.37915	1.33222	0.170684	0.981138	1.32523	0.175365
164.734	1.39156	1.05107	0.173959	1.37915	1.3324	0.170753	0.981122	1.32544	0.17499
164.938	1.39146	1.05091	0.173896	1.37942	1.33249	0.17124	0.980979	1.32516	0.175691
165.111	1.39121	1.05092	0.173576	1.37995	1.33271	0.171377	0.981018	1.32517	0.17567
165.319	1.39175	1.05087	0.174252	1.38001	1.33325	0.171777	0.980762	1.3255	0.175397
165.564	1.39174	1.05086	0.174261	1.37951	1.33241	0.170991	0.980704	1.32524	0.175602
165.796	1.39156	1.05081	0.174083	1.3805	1.33325	0.17216	0.981273	1.32508	0.175166
165.917	1.39153	1.05082	0.174015	1.38012	1.33284	0.171412	0.981145	1.3251	0.17524
166.175	1.39151	1.0508	0.173992	1.37995	1.33292	0.171209	0.981115	1.32503	0.175223
166.394	1.39142	1.05072	0.173924	1.37986	1.33283	0.171061	0.981322	1.32496	0.175223
166.582	1.3914	1.05072	0.173927	1.3804	1.33332	0.172084	0.981341	1.32493	0.175266
166.792	1.39141	1.05067	0.173975	1.38031	1.33325	0.172035	0.981358	1.32492	0.175296
166.952	1.39146	1.05067	0.174006	1.38028	1.33329	0.171989	0.981436	1.32495	0.175304
167.184	1.39157	1.05072	0.174084	1.37978	1.33315	0.171282	0.981533	1.32495	0.175329
167.223	1.39157	1.05072	0.174084	1.37978	1.33315	0.171282	0.981533	1.32495	0.175329
167.286	1.39157	1.05072	0.174084	1.37978	1.33315	0.171282	0.981533	1.32495	0.175329
168.111	1.39157	1.05072	0.174084	1.37978	1.33315	0.171282	0.981533	1.32495	0.175329
